Q16850	-0.13441843,-1.7020121,0.8493234,-1.4171525,-0.031006897,1.7370791,0.15946195,1.5352418,-0.22171009,-0.47448066,-1.0950958,-2.13427,0.15897523,0.7974218,-1.1276878,1.9811128,-0.8465176,-1.2303606,3.2375019,1.4241811,-0.8931116,-1.996547,0.7478444,1.0472383,-1.5934482,0.048460018,0.5402597,-3.647592,-0.42210883,-0.19818106,-1.2228374,0.29884505,0.4459032,-0.528337,0.7332796,1.3183405,-0.69503623,-3.0363243,-2.0152547,-0.3394658,1.3487532,1.9583718,-1.3899499,-0.91496056,0.8131482,-1.017236,0.0910409,-1.0476192,-0.9315759,0.54750055,-2.6984115,1.0401152,-0.08836575,0.7974118,-0.33079875,-0.7174771,-0.6284653,0.47835368,-0.35340726,1.1001444,0.103653714,0.49062717,-1.4365196,2.1195898,-0.2658588,-0.37302122,1.5960996,-0.0664182,1.1871177,0.7425725,1.6248422,-0.7466035,1.7752618,-0.030370694,-0.32761723,-0.79227823,-0.76924115,-0.7200774,-0.94030386,1.8986822,2.067122,0.074607946,-0.5450549,-0.4389553,-0.9212837,0.3231707,-1.6261934,-1.3206217,0.9460557,0.37877166,-0.09004861,-0.37101927,-0.027985703,-0.61880255,-1.1194577,2.7437556,1.9420538,0.87850684,1.6209288,-1.7637346,0.98283744,-0.5428636,-0.704094,-0.75474954,0.06153856,-1.000495,-1.0747076,0.13594876,0.39336613,-0.800948,0.27387688,0.97050124,-2.2284472,2.4338741,0.25486746,-1.7583791,1.4627976,-1.7586256,-1.6905973,0.69002837,-0.4683148,1.1937559,-0.6090629,0.3380705,-1.2523457,0.4424356,-0.3926178,2.2041984,1.2417817,0.685909,-0.7598686,-1.8820513,2.8423238,0.2773703,0.64575434,-0.24840303,2.8226938,-1.1004347,0.66083825,0.23876737,0.7157309,-0.62520415,-0.20409067,0.0073587615,-0.2860995,1.4829848,2.3873882,0.018364914,-0.030130846,0.57959324,1.8420423,-0.9166747,-0.08387439,0.74491215,-0.4382365,0.7074476,0.10071435,1.2390636,-1.1232537,0.33624858,-0.8569552,-2.4286058,1.121587,-1.4397646,1.2367175,-0.09545443,-1.0687214,-0.54275596,1.4930143,0.11401536,1.6469603,-0.9461085,0.7115711,1.5784872,0.2442067,0.42740244,0.585428,2.1502757,-2.566952,-0.3802014,0.55619985,-0.09528199,2.0701914,-0.9941953,0.579752,1.4497168,-0.7580705,-0.91285616,-0.22703181,-1.6384331,1.1098077,-0.22004244,0.12428384,0.41580594,0.054119304,-1.1646267,0.49212855,0.36709386,-1.5120225,0.044476714
O75865	-1.0974332,0.33041033,2.3996954,-1.8963221,0.25553852,2.4370446,0.38052928,1.2528687,0.5596378,-1.1552092,0.53414655,-0.32499522,-0.39550593,-0.6563034,-0.12133316,1.6041173,-0.14252453,-0.38876736,-0.034904703,1.0152243,1.7949417,0.3017287,1.2345644,1.116261,1.4305633,0.3547911,-0.5585644,-1.9966699,-2.8657377,-2.4062486,-1.3852708,0.21011971,-1.4513007,2.2285855,-0.51707524,0.9321245,-0.7686717,-3.5827384,-1.3688992,-0.25714836,1.358022,3.3414693,-1.1054634,-1.9148235,0.32341066,-1.5106726,-0.0020792098,0.071724355,-0.7509025,-0.39138824,-1.762676,0.9476507,-1.8827695,1.4552321,-0.31843993,1.8454485,0.6855149,-1.0124319,-0.1655865,1.1781882,-0.96357566,-1.5722793,-2.1242795,0.94452417,-0.4627582,-0.857459,1.2961432,-1.2918775,0.56465465,-0.20350896,1.1416482,-0.8299244,1.6364048,1.6279204,-1.6728193,-0.46158975,1.2735995,-0.09579399,-0.65015495,-0.39966843,1.2045032,-2.312282,-1.572686,1.6935161,-0.2600015,0.36664578,0.8647034,-0.71013665,1.4560754,-0.07440592,-1.0221575,-0.90351516,0.009260735,0.68189025,-1.2795491,-0.70042294,2.6315546,1.6798551,1.4445063,-2.6104622,0.3748812,-0.17375247,-0.027056502,0.660788,0.60076314,-0.011279503,-0.5347605,-0.67190367,0.324168,-0.27794108,1.6936185,1.5804508,-0.6129552,2.8324783,-2.7466252,-2.5074782,-0.09588003,-1.5079926,-0.22167787,-1.0566807,-0.6988881,1.0450926,1.003379,-1.0468907,-0.43715706,-1.0948074,-0.30722365,-0.48423907,-0.08729925,0.82113045,0.4143299,-2.786377,0.3506065,-1.7027391,1.9545437,0.30214524,1.8654734,0.17691818,0.8432137,-0.4382408,1.1827233,-0.96297055,-1.0728941,-0.5763554,0.10582523,-1.2957824,0.46377173,-2.769568,-0.50376725,0.1292767,-0.26322156,-2.1936378,-1.4402406,-0.4157514,-0.31420055,1.5697902,0.49960947,3.013908,0.43869045,0.75649846,-0.04328137,-2.1841674,3.5609117,-1.7741423,1.4209373,-1.3052138,-0.20941211,-1.0570586,3.2183228,0.94406086,1.8498182,-2.4893434,1.4851564,-0.25377715,-1.6280357,-1.2205408,2.1481519,1.807607,-2.0256195,-1.0926377,1.0648416,-2.3202589,1.3193219,-1.2374723,-0.6768288,2.1545486,-0.55633914,-0.5657808,1.1505027,-1.1658598,-0.3831765,-2.5765686,-0.015958456,2.172453,-0.6039861,-1.0384107,0.2950602,0.36686227,-1.182975,-0.065031365
Q16526	-1.0684427,-0.09733529,-1.2967399,-0.8146715,-0.17727078,-0.15205367,-0.45251387,0.21807687,0.09602051,0.33895233,-0.41112998,-0.42164397,-0.42905518,-0.8477044,-2.2596338,1.080721,-0.7150589,-1.3877964,-0.53710634,-1.7331301,-0.20247328,-0.92605686,1.0589806,-1.509631,-0.72183305,0.16908874,1.0433998,-0.27166212,-3.5989692,1.5941343,1.5691309,-2.2183623,-1.433554,-0.95064807,-0.37884647,0.2429203,0.4244058,-2.0391853,-2.0409653,0.7017373,0.85844266,1.1731272,-1.5310193,0.31082988,0.8052931,-0.08659889,-0.40950522,-0.09050125,-2.4301205,0.9742781,0.18851335,1.1622437,-0.3616934,-0.35925588,1.1406888,0.85770994,-2.3044267,0.6175824,-0.54645514,-0.3591527,0.68577945,-0.6272064,0.36674228,1.2504067,0.8328934,-0.21549419,0.5752593,0.67129296,0.63550705,1.1626352,0.119983435,-1.1440383,2.6869557,0.53279066,-1.5650543,-1.9644935,-0.6100128,0.45659322,2.5453165,0.68424577,-0.20596775,0.14069319,-3.2946696,-0.62473494,0.5964541,-2.5841553,-0.80034906,-1.8670175,-2.5426908,0.7041713,0.7834844,-1.6800213,1.8768702,1.6861867,-0.52970403,0.63799196,0.11499054,0.598248,1.2753316,-0.13108696,-2.4399827,0.6479054,-1.6736243,-0.47728175,0.90360856,0.48923844,-0.45264003,0.5878463,-0.9387161,-0.10304883,-0.2296462,1.4061967,0.24167766,-0.004051802,1.5074189,-0.6495356,-0.82667935,-0.27366692,-1.3232238,-1.0747328,-0.41421,0.26336917,-3.2153926,-0.98148644,-2.089315,1.1533294,-0.7321733,0.35780156,-0.12489798,-0.7612335,-0.57896215,-1.3813982,1.203474,-0.3163225,0.70282286,0.25458738,1.3512326,1.7509121,-0.6607911,1.3787138,0.79553044,0.36763734,1.3892419,-1.4338965,1.1056476,0.9746259,0.71570295,0.5045535,0.22294962,-2.1123426,0.09136443,0.63241804,0.38002935,0.5268144,-0.29770133,1.0371636,-0.41135076,1.3253272,2.2049003,0.3793992,-2.0939512,1.6726915,0.30919603,-0.8394599,0.35311738,0.504908,-1.2653785,-1.651527,2.2973545,0.545023,-0.12235934,-1.0983952,-0.9152105,0.29468122,-0.14537741,1.9502505,-1.9505931,-0.5964668,-1.9473553,0.8801711,-0.53134894,1.2471632,0.789002,-1.6283002,0.00018940262,-0.6115572,-1.422285,1.1249528,1.1206517,-0.56957847,0.31895044,-0.6196253,1.1072313,0.43975028,-0.40182915,-2.4314587,1.1585368,1.1532838,-1.1458822,-0.9370421
P07992	-0.797769,0.24391676,-1.5392469,-0.72465277,-0.21036384,-0.4266875,-0.9161311,-0.6753255,0.65556717,-0.35294786,-0.47476214,2.1222718,-0.35137433,0.13087378,-1.6137091,0.95010936,-0.1761491,-1.2776,0.3909302,-0.32818106,-0.312368,-0.038828097,0.8007939,-0.7681495,-0.16511479,0.9730416,-0.6092203,0.22154118,-3.140291,0.03035359,-0.40551865,-1.7810377,-1.5921888,0.38823387,-0.045105323,-0.5731176,0.4417993,-1.8533146,-2.5877824,-0.14211874,0.8362513,1.4919888,-2.847785,0.51959103,-0.15201749,0.48972395,0.5928965,1.5406971,-0.40958643,1.2553372,0.47626656,1.1601697,-0.58427083,1.1271391,1.0997233,1.181727,-2.3840826,-0.9129598,0.72165304,-0.36845642,-0.7369971,0.15839133,0.5164924,1.5271921,0.03291263,-0.40859848,-0.10976269,-0.14843968,0.7182289,0.45421863,-1.6832967,-0.8573232,1.134398,1.0303872,-2.0661938,-1.8975827,-0.5186364,0.1678294,1.4272048,0.78255254,-0.071141966,-1.0200012,-4.0719175,-0.61042863,0.3675197,-3.185967,-0.48999923,-2.0383956,-2.1572194,2.3105083,0.21600185,-1.3293594,1.9334244,1.5226163,0.25802508,0.34807095,0.12468231,0.95897335,1.3020332,0.2643043,-0.7829143,1.5960617,-0.795099,-0.37418333,0.7006058,-0.0390971,0.42667374,0.32065204,-0.68516725,-0.19914705,-0.95048547,1.9732059,-0.6956874,0.7405664,1.8473027,-0.6310384,-0.93343407,0.42393664,-1.310664,-1.6855663,-0.69153076,1.4142622,-2.3366318,-0.30897775,-1.5200353,-0.0053371177,-0.87549746,0.23994741,0.18317291,-1.6566533,-0.5060344,-1.9252377,-0.36572412,-0.71917284,1.3620821,1.3359703,1.7668046,0.33612996,-0.9602292,0.5299884,0.80213225,1.4935179,0.6552034,0.6517329,0.8395075,0.38556993,-0.4504421,0.3235634,-0.52310693,-1.4224325,-1.0969836,0.71390885,-0.35965806,1.284679,0.06892784,0.3008084,0.97025096,1.4019663,1.7710351,-0.16411546,-1.6047297,1.2516537,1.2314652,-0.36470017,1.181089,0.26838157,-2.0969634,-1.5749489,3.258001,1.170903,0.091753125,-0.43690112,-1.1010522,0.9477579,-1.1418464,1.7893544,-0.06333669,-1.0293896,-1.5195295,0.9279716,0.23933834,0.9883952,0.004625622,-2.176097,-0.46911862,-0.3932029,-1.8798732,0.047379766,1.0642104,-0.52736795,-0.032827422,-0.12273148,-0.02109681,1.3785503,-1.8553251,-0.75167316,1.0315326,0.6364965,0.12583028,0.12657024
P00480	-0.71281165,-0.35794905,-0.29484284,-2.442276,0.5657372,0.21184,-0.81077325,0.61690253,0.6498411,-0.83623046,-1.2979115,-0.20181876,0.31866968,-0.72338593,-2.184679,1.2368737,-0.40423584,-2.5211973,0.7948584,-0.7717636,0.69043434,-1.8310055,3.3497434,1.1047935,0.8865561,0.9948201,-0.08720634,-1.4858444,-1.0975308,0.7796246,-0.95891833,-1.2717535,-2.5913844,-0.10507266,0.37088656,1.5526977,0.0038209823,-3.3749647,-2.3120763,0.54530823,-0.9203243,2.4919648,0.7221158,0.5646734,0.5712185,-1.9745967,-1.7403845,-0.20343563,-0.9063776,-1.188985,0.57236075,1.3488325,-1.3983631,-0.43687853,-0.5845204,0.16144165,-2.5193813,-0.4615263,-0.8959099,0.1300653,1.2395036,-2.0152192,-1.8134334,0.92473775,0.80162865,-0.23879299,2.0186975,-0.8003733,0.79408723,1.8099875,-0.48220265,-0.45425674,2.7798126,1.4503351,-2.8874772,-1.7175857,1.250502,0.45114088,2.2373827,0.43836462,-0.1450715,-0.2929314,-1.5185626,-0.25863183,-1.0911951,-1.9325317,-0.96102214,0.22404534,-2.734711,0.65105987,0.48672175,-1.1735411,0.13689765,1.7693748,-0.8249069,0.12605943,1.5652453,0.8153544,1.03051,0.043417983,-3.4547322,-0.94022757,-1.2190468,0.6457178,-0.2845152,-0.24048059,-1.174744,0.47064117,-0.262082,0.02943294,0.45991343,1.1339791,0.858496,-0.38162616,0.37879562,-0.7332174,-1.710537,-0.9750178,-0.093266465,-1.5943615,-0.09141829,1.2506262,-2.4540503,-1.2807738,-2.5960622,0.6084017,-1.4932996,-0.6940208,0.53824085,0.856924,0.92168134,-0.8338103,1.0389667,-0.5054672,-0.97173864,-0.26977918,1.7224689,0.48481944,2.6516438,0.0073747262,1.1078774,-0.17626049,-0.17264615,-1.9836236,0.6484915,0.48847368,0.5672552,-1.119951,0.08403397,0.04124157,-0.033339903,-0.6605955,-0.69266504,0.7532753,1.5319026,1.4452177,0.66628003,1.9935279,0.5536497,1.672856,-1.5003629,-0.45344806,0.4079734,-1.6757921,1.6304585,0.9252117,-0.11168689,-1.6117156,2.083029,0.23318131,1.4977028,-0.5556875,0.42262334,0.31119204,-2.003479,-0.60516083,-0.52792674,0.75987613,-3.320721,-0.8409368,-0.14507376,-0.41035792,1.4277184,0.12892388,-0.77917063,0.7474859,-0.98357403,0.40458858,-0.8484162,-0.8145579,0.6523306,-1.0561712,1.4289263,0.95120543,-0.074883945,-3.2591386,-0.10158354,0.53808796,0.830777,-0.7828877
P25789	-1.1905968,0.112282395,-0.20725177,-1.0356464,0.23404317,0.96961707,0.9188421,1.056415,0.15107754,-0.635001,-0.22263558,-0.49870136,-1.4580177,0.08264942,-2.780097,2.0412345,-0.36479115,-2.0619197,0.52860725,-0.39127204,1.2175535,0.61218387,0.5897496,-0.6284127,-1.1697637,0.25620806,0.6694131,-1.307357,-3.0912497,1.7717804,-0.21815394,-1.9315395,-1.9596637,-0.5977155,-0.79583514,1.2287015,1.5837419,-3.0083666,-1.7911785,-0.7980472,2.207294,-0.008159587,-2.2091877,-1.0226076,0.15250246,-0.5749638,0.8395677,0.28510725,-1.8600485,0.9715376,-1.3858382,0.18648118,-1.254796,1.8894235,1.1479837,1.0325747,-0.23052014,0.56465983,-0.4077507,0.057292238,0.76216525,0.6186827,-1.5645654,0.5944369,0.8953961,0.015625717,0.28457215,2.676641,-0.5444853,1.1470683,0.9620458,-1.2899954,2.5498834,-0.7745423,-0.50033987,2.0659847,-0.22660834,-2.757104,0.73218274,-0.5157955,-0.048222464,-0.9930756,-2.3211706,-0.106694154,-0.60585266,-1.9229597,-0.6601464,-1.2991521,-1.2916135,0.37852323,0.04232746,-1.7752763,2.9556892,2.0836568,0.26059997,0.15107805,1.6835209,2.057708,1.2527028,-1.6251724,-1.2019572,0.49133942,-1.22509,0.3523413,0.4784021,0.6373823,-0.48394507,-0.87945265,-0.36166844,-0.7751216,1.9186147,0.5679644,-0.93831795,0.50216085,1.4572818,-1.6912767,0.16386336,-1.2104495,-2.4553683,0.3516092,-0.6072205,-0.8410804,-2.921618,-1.5566258,0.18912165,-0.24744043,0.34807965,0.7388943,-1.1995935,0.95211273,0.68090487,-1.5276384,0.62476444,0.29061466,0.6279212,-0.49921805,2.990905,0.6270607,-2.3794484,1.3562832,0.5934963,-1.4984004,0.5133029,-0.7784326,-0.19903357,2.1197171,1.4245374,-1.2876673,0.4905738,-2.007337,0.42423773,0.16797307,-0.99924725,-1.0617145,-0.6768073,0.5042948,0.68114984,2.7708328,1.1781373,1.6144885,-1.0936464,-1.0543324,0.9269229,-2.0641038,0.8590088,1.088683,-0.76721287,-0.7746015,3.051067,-0.03358768,1.8324264,-2.270806,0.2507321,-2.1482682,-0.7302341,0.76370007,-0.5718908,-0.27840415,-1.9879278,0.3926413,0.6876778,0.8203386,1.4548898,0.45691153,-0.4259535,1.7303469,0.90246373,-0.3249659,0.19169046,0.8692551,-0.013214718,-0.36531898,0.39604527,-0.52720404,0.8215032,-0.8522463,0.82665825,0.7399742,-1.4721452,-0.5215976
P35250	-0.5704153,-0.52007073,-0.9696313,-1.132415,-1.5038153,-0.4670891,-1.1888818,1.173564,0.34731224,-0.7547015,-1.2135545,1.3271511,-1.4220953,0.3585661,-2.6309888,-0.16746126,0.24892128,-1.8679281,1.6361743,-0.33194816,0.6306091,0.08310411,0.055654433,0.116235934,-0.5141176,0.76229334,0.123104,-1.3893281,-3.7825675,0.38362536,-0.69552094,-1.7107048,-0.34742466,0.30395037,0.10645197,-0.9012638,1.5206313,-3.6836793,-1.9534657,-0.94517404,0.72043973,2.3755853,-3.3851283,-0.8234791,-0.18447205,0.28363255,0.83248395,-0.06665702,0.32896474,1.142867,-0.77856123,0.5237076,-1.394502,3.0460932,1.9411145,1.2537371,-2.6240385,-0.8434262,2.0537786,1.1387724,-0.50607944,0.034136355,-1.6183367,1.5782274,0.6733252,-0.5678237,-0.7777275,-0.42346302,-0.46655732,1.4179686,-0.29908675,-0.20782875,2.4775631,4.3187145e-05,-1.824388,-1.9828142,0.5050835,-1.4653274,0.43433526,-1.5518433,0.7461034,-0.79191995,-3.0747316,-0.5143733,-0.39941666,-1.6326927,-1.2274755,-0.6731306,-0.5687071,2.4097426,0.39869547,-1.8893129,0.51120836,0.56792766,0.2921453,-0.30331263,1.8450699,-0.558554,0.59722286,0.7680699,-0.09625999,1.2941861,0.009387291,0.30109486,0.6539561,0.3066877,-0.52995336,-1.4696664,-1.689873,0.21109754,-0.27530265,2.1424198,-0.1201995,1.5482094,1.9671116,-1.073497,0.01195892,-1.2887034,-1.4273629,-1.4445201,-0.96423787,1.0301795,-2.1475942,-0.20706558,-1.9738288,0.56529677,-1.2667487,0.46242127,0.7328338,-1.3760781,-0.20241886,-0.42447522,0.23825195,-1.2741779,1.7697685,2.5156689,1.8909485,0.8265213,-0.5842011,0.85962695,1.4660774,0.67294955,1.1823592,1.4682822,-0.345576,0.16693415,0.50738627,-0.72642374,-1.2731135,-0.5671837,-0.34521288,0.7640247,-0.1828975,-0.19192281,0.26031005,-0.19782828,0.7278402,2.1936307,1.3014474,0.84639066,-1.6834856,0.082311064,2.8512514,-1.6924375,2.434784,0.96837646,-1.1939238,-1.930801,2.9324086,0.73307395,1.6082948,-1.5462588,-1.2786025,-0.021592395,-1.0124427,0.9028212,0.90469253,-0.369416,-2.0700138,1.0799515,0.5177068,0.008519787,0.097495094,-2.7491329,-0.93543375,-0.50452596,-1.8015469,1.1237379,-0.6346637,0.086015485,0.0033753687,-0.89648336,-0.81927043,1.3668967,-1.4620289,-2.3279285,-0.56232065,0.67910165,0.027821012,-0.5121921
P82673	-0.86409444,0.963317,0.22658698,-2.630326,-1.0296204,-0.6187017,0.3877981,0.30519453,0.31967932,0.6872389,-1.0711292,0.04424477,-1.4684294,0.22859249,-1.599937,0.45642728,-0.23384576,-1.460328,0.82595783,-0.1717691,2.5332804,0.46625015,1.9734391,2.3369129,0.7917725,0.20881745,0.28950673,-1.1715477,-2.138291,-2.853521,-1.6595546,-1.1058167,-0.653685,0.23438028,-0.72548753,0.2976574,0.7471433,-3.2610824,-1.3813357,1.2258831,1.7986307,4.0026855,-0.47994134,-1.9235432,0.45736924,-0.90213704,0.2796961,-0.9275353,0.7600652,-1.1602637,-1.5355219,-0.7772932,-0.92745936,0.4960784,-0.98739326,3.407206,-0.71921897,-1.4286411,-0.30405876,1.3795108,-1.2950929,-1.6993601,-0.8483905,0.005542453,0.20608865,0.1554334,0.30335218,0.1697611,-1.2601029,0.0709667,2.486504,-0.023264952,3.767952,0.490976,-0.5117906,-0.9422728,0.6706824,-0.1579288,0.4452826,-1.4753835,1.8375698,-1.5216982,-1.163808,0.14378566,-1.339652,-0.9883362,-0.34553397,1.3192055,-0.022558637,0.9838861,-0.19780912,-0.98755014,-1.5733267,-0.115170926,-0.76838785,-0.66822505,2.9375622,2.1120944,0.07383384,-1.3046376,-0.9671341,0.4173958,-0.6806461,1.3633271,-0.02329974,0.50124884,-0.33441874,-1.4890258,-1.5984014,-0.62676704,1.1137809,0.882995,-0.28844306,1.9098991,1.3956392,-1.5804216,0.52083796,-1.5077077,-0.6749907,0.6567469,0.13135771,1.1489984,-0.49333677,-0.94133073,-0.21912009,-0.91730344,-0.41295254,-0.70875156,0.013863565,1.6645409,0.9395383,-1.987237,1.0824639,-1.6624855,1.9768507,1.6560309,1.7360904,0.32110178,2.7304237,1.4646496,-1.9538858,0.06532926,0.31699353,0.58526266,-0.6676622,0.22376963,0.11535778,-2.2434433,0.98647785,0.6849719,0.2621448,-0.8281073,-1.3580194,-1.6523467,1.4531354,0.91937405,0.47118473,2.1877174,-0.23823097,-0.23511095,-2.2732174,-3.133346,2.5943577,-1.7565112,0.8468482,-1.2576697,-0.04073524,-0.45307556,3.4427328,-0.02017458,2.5905752,-2.0500479,-0.21067342,-1.2698594,-2.107565,-0.9260919,-0.17442511,1.3744236,-2.1035275,0.02787858,-0.10151918,-1.6454743,-0.89274687,-1.3170856,-1.1576668,0.68826616,-1.8045136,-0.4384415,-0.778256,1.3167887,0.49260816,-1.0845469,-0.5058075,1.1745439,-0.54149467,-1.9064227,0.5980426,2.156709,0.574719,-2.116659
P43686	-1.3268223,-0.371986,-0.40116775,-0.8831422,0.5070465,1.990301,1.3193282,1.1117935,0.1257537,-1.0912312,-0.061365705,-0.0677076,-1.3549397,-0.06974233,-2.3918042,2.4285507,-0.37302643,-2.1895647,1.0737683,0.14842482,0.7619701,0.8360574,0.65219885,-0.33154517,-1.3356856,0.015838264,0.48961934,-1.579933,-2.664848,1.682691,-0.48002803,-1.5961413,-1.4282444,-0.284016,-0.35567513,1.0958937,1.4376851,-3.2663977,-1.9418213,-0.62709177,1.827139,0.3859445,-2.3074093,-0.7513879,0.10860529,-0.83198476,1.1861782,0.01430119,-1.844558,0.8213128,-1.3125101,0.41254494,-1.2744478,1.8253206,0.82559556,0.38002354,0.0015817476,0.957594,-0.4138363,0.0008250862,0.58692694,0.89275515,-1.8231163,0.71261144,0.9116714,0.014402145,0.4129511,2.2254927,-0.08661272,1.1327083,0.8123106,-1.3008808,2.1840868,-0.72585315,-0.8739294,1.3464087,-0.17036285,-3.2375717,0.51394784,-0.34363937,0.18378755,-1.2671955,-1.966437,-0.33247215,-0.7043092,-1.5403826,-0.8951413,-1.5027261,-0.73661023,0.61882335,-0.17363031,-1.783352,2.984577,1.5939895,0.20254536,0.4097697,1.5941066,1.3846841,1.3029447,-1.6797177,-0.59514356,0.15006502,-0.93611753,0.517954,0.56056577,0.06810321,-0.58106244,-0.8478705,-0.19070522,-0.4895809,1.6812546,0.5284235,-1.4698176,1.2224827,0.94370556,-1.4176077,-0.16480058,-1.1303906,-2.3195536,0.6219645,-0.6355266,-0.8910805,-2.5235531,-0.9871476,-0.10702437,-0.12816927,0.5800515,0.96953917,-0.7169567,1.0471582,0.30891514,-1.4624667,0.8344711,0.653058,0.48181224,-0.6814943,3.3767934,0.3588643,-2.4347084,0.8650678,0.81121117,-2.039333,0.27149585,-0.35075134,-0.31791258,1.8697972,1.5062304,-1.1798233,0.2996059,-1.9177665,0.787209,0.2541036,-0.71028644,-0.3653733,-0.9524117,0.8435085,0.7242408,2.7709854,1.0454881,1.658812,-0.799899,-0.9447597,1.1223924,-1.8778765,0.7640007,1.0106876,-0.9623023,-0.4155624,2.94736,0.0049323076,1.9534414,-1.6767737,0.7327532,-1.5861512,-0.7174092,0.798593,0.054298013,0.15417013,-1.8969243,0.35925248,1.1790496,0.5841139,1.5967226,0.42436916,-0.25580943,2.157172,0.8079931,-0.2665043,0.08900268,0.32488686,-0.07496518,-0.21041115,0.24155366,-0.50172335,0.14860716,-0.7221545,0.4360807,0.5734419,-1.0117003,-0.10512698
O95168	-1.8402915,0.6900081,-0.2476794,-2.1919873,0.4775184,1.1236119,1.2668163,0.14391808,-0.7526714,0.8770104,0.18685801,0.19513904,-1.5145711,-0.03664459,-1.6695019,1.7761451,-0.8292431,-2.5303504,-0.5791771,-0.92579615,0.59394664,0.9068793,1.2328748,1.43626,0.45450664,0.06902598,0.040345103,-1.0273582,-3.1153507,-1.1007094,-0.2541568,-1.4919108,-0.6118399,0.21510012,-0.50591606,1.2203505,1.0841572,-3.1882794,-2.255254,1.069073,0.7265102,1.8048189,-1.1232784,-2.260557,0.46936712,-0.3935462,-0.6197759,-0.7849105,-1.8407581,0.13367945,-0.8992247,0.63580334,-1.7771727,0.813539,-0.19002536,2.1237063,0.004446,-0.77194136,-0.48492327,0.9142416,-0.5959394,-1.8552063,-0.61621565,-0.45907217,0.3029514,-0.6593792,1.9125704,1.9008917,-0.043211844,0.48459712,2.0157654,-1.2520378,2.817526,0.81812865,-1.7047247,-1.2816045,0.65848637,-0.13580203,0.12242244,-0.95770884,-0.03838927,-1.5997763,-1.6593366,-0.12555632,-1.5068822,-0.5491842,0.20290361,-0.1754268,-0.25950333,0.64205664,0.35155022,-1.6049339,0.27467135,0.9201587,-0.15756536,-0.08680674,2.6688275,2.4107637,-0.05859414,-1.8249451,-1.7657769,-0.49521065,0.28152797,-0.1772775,0.18727535,1.4931659,0.1763769,-1.1766624,-1.6289625,-0.065899745,0.9715875,1.282245,-1.1253017,1.5309991,-0.4733079,-0.86319095,-0.19624715,-2.1473966,-1.7679676,0.5143915,-0.6151725,0.8702371,-1.7495066,-1.468937,-0.02988606,-0.18427725,0.08544432,0.24341096,-0.039970554,2.134152,0.28692654,-2.4234269,1.0942988,-1.4504622,1.6829882,0.84988767,2.0627315,0.7373431,1.025251,0.35747263,-2.0650206,-0.1508181,0.42974526,-1.3808391,0.49348378,0.5439247,0.6103019,-2.2179186,-0.62421876,-0.6476007,-0.05161412,-0.020612834,-1.5063096,-2.3504531,0.38208717,2.2769833,0.07846045,2.4079797,0.23752391,1.2744416,-1.4397713,-2.2571945,1.5484552,-1.7220246,-0.029980714,-1.672749,0.028644383,-0.6384615,3.585845,0.8416107,1.6739379,-2.7575133,0.4797864,-0.7626946,-0.6581765,0.77803487,-1.1191576,0.6917555,-1.4237151,-1.0004524,-0.17362355,-1.440807,0.6922755,-0.27174413,-0.3727445,1.0617474,-0.67615646,0.055524133,-0.5624342,-0.013236444,0.4153793,-1.3647981,0.81461716,0.75313574,1.2411542,-2.5570111,0.9721047,1.749583,-0.6354918,-1.5994776
Q9NW64	-0.5223999,0.7210774,-0.09693545,-1.0604877,-1.3565183,-0.80267036,0.77320653,0.39145023,1.9624618,-1.4981534,-0.7229292,-0.16017288,0.06854245,-1.072907,-1.8305706,0.7022074,-0.72381926,-2.3156147,0.34693086,0.61906964,1.0180436,0.93418384,1.2190741,1.6241639,0.42171672,0.21089701,0.9732064,-0.38573688,-2.9193602,0.054948837,-0.52793473,-1.1886553,-1.4879318,-0.37775022,0.14720276,2.4605691,1.5162362,-3.119496,-0.9291755,-1.7016535,0.4819018,1.2380025,-1.837797,-0.25436887,-0.33476025,0.7413818,1.2913638,0.26929453,-0.26993456,0.96167785,-0.8034067,-0.56221974,-0.8275833,1.827402,0.32738712,0.4649957,-1.814308,0.2374633,0.03613434,-0.63538796,-1.1636047,-0.19535707,-0.25322947,0.57399625,-0.31483516,0.31843522,1.1033612,-0.19580062,-0.09434099,1.8047924,-0.67656744,-2.0263565,2.171886,-0.031180466,-0.820451,-0.3847033,-0.05349666,-1.3014005,2.2064376,-0.9341263,0.80894727,0.7019205,-3.5893157,1.4510826,0.11712597,-0.8045667,-0.8671755,-2.1724343,-0.894584,2.3916914,1.399047,-1.6862233,1.6730579,-0.055063948,-0.89090276,0.49453187,0.7679009,-0.096608676,2.343266,-2.4388685,-1.5420753,0.3905923,-1.5217544,0.60500985,0.16652039,0.19979322,-0.41622502,-0.22591639,-1.0216542,-1.2154294,0.6491834,0.7341831,1.0844166,1.8999554,1.2182026,-0.53061473,-0.024758747,-0.48447368,0.24938883,-0.7829188,-1.0179731,0.6413364,-3.5346541,-1.9717736,0.9339805,-0.072011925,0.6467698,-0.19835103,-0.20063736,0.16642237,-0.9500861,-0.30995935,0.76091725,-0.84795225,2.2113025,0.5141072,1.023921,1.1593697,-1.3065902,1.788621,-0.2370492,-1.56908,0.7205159,0.6058058,0.41999635,0.7269936,1.4037374,1.1190393,0.93139946,-1.5591835,-0.082484335,1.0387565,-0.40661502,0.16026364,-0.6170912,0.2167304,-0.58560765,2.04576,1.2552884,0.545828,-0.40837497,0.83604413,-0.09851211,-2.7454388,0.96576566,-0.40273842,-0.08527791,-1.4474058,3.73823,0.6690428,0.491852,-2.273068,-1.1328756,0.06945823,0.40823957,1.2000043,-0.5235997,-1.1658407,-0.9505933,0.30104032,0.6446868,0.48693436,0.3769492,-0.48323148,-0.2020645,0.14706506,0.5758847,1.1081206,-0.16982265,-6.2537206e-06,0.48426935,-0.14531462,0.10945498,-0.15694527,0.0147823775,-0.32527062,0.29558557,1.1953049,0.0011051544,0.4970928
P31930	-1.4279778,-0.05155151,0.35612592,-2.9788322,0.7422198,1.4719744,-0.026922481,1.4556322,-1.2316607,-0.0027485574,0.101135805,0.21651621,-1.3184317,0.7694712,-2.0071437,1.3766677,-0.27285728,-3.1380131,0.30576518,0.6768702,1.2593268,-0.0139752915,2.2061226,1.372839,0.23001768,0.45370236,-0.74357355,-1.1089036,-2.475418,-0.45930788,-0.02466417,-1.0883977,-0.9257986,0.5178984,-0.3085632,1.1137439,-0.38596874,-3.9719043,-2.6804976,0.9470847,-0.22062683,2.2186763,-0.3073434,-1.8374542,-0.7405669,-0.9287145,-1.3482739,-1.0357872,-0.31191787,-0.7741392,-0.5560066,0.27791917,-0.8622859,1.4626962,-0.4673142,2.562001,-0.50216424,-0.2977835,-0.5775781,1.1261127,0.016510602,-2.1730306,-1.5327202,1.505241,0.88896525,0.03412376,-0.062897325,0.99369186,0.14368547,0.61648285,1.0445294,0.47816405,2.7602966,0.49004334,-1.4314091,-1.0388645,0.0028722896,-0.4495616,1.2779912,-0.5577514,-0.6991907,-2.2864704,-0.8442896,-0.97167206,-1.1588665,-0.2345496,-0.12238571,0.9852314,-1.4378169,0.62133026,-1.247059,-1.9640087,0.99771553,-0.038348965,-0.7687628,-1.0154674,3.094762,1.5356113,-0.10990425,-0.5671524,-2.208994,-0.26316077,-0.95959806,0.08316249,1.1874223,1.0159633,0.15360497,-0.23706415,-1.2990594,-1.1876442,1.0681094,1.0006878,-0.4433904,1.1721864,0.27701476,-0.86079985,-0.8325068,-1.9106678,-1.2126004,-0.5408007,-0.46742013,-0.28385663,-0.39945534,-0.9429204,0.009326759,-0.1932452,0.33443356,-0.05598905,-1.1328369,0.6757571,0.63876027,-2.7896101,0.7826506,-0.381877,-0.17495383,-0.10210592,2.0622256,0.06378718,1.2681274,0.8464434,-0.34971514,0.332376,0.54371923,-1.0527964,-0.47119004,1.6706164,1.0241342,-2.695091,0.09503885,1.657098,0.06574317,-0.5274965,-0.77120066,-0.67040426,1.0653652,2.2967837,0.21811745,2.3685145,0.44321114,1.964283,-0.63483447,-2.5216742,1.9181553,-0.41469008,1.0605034,-1.3151102,-0.31322184,-1.5542772,2.1182294,2.0806444,1.9185559,-1.2745712,0.21737534,-0.60550946,-0.80859166,-0.69019824,-0.17446658,0.13865684,-2.5416808,-0.79077,0.1187707,-1.396374,1.1673964,0.34271416,-0.9136654,1.9023367,-0.3905436,-0.26983795,-1.6021984,-0.93316877,0.084376946,-1.2581282,1.073015,1.1930083,1.6268471,-1.981816,0.86015856,1.1688296,1.451527,-1.1935675
Q99741	-0.5326171,-0.8948362,-0.82513577,-0.04015736,-0.7422086,-0.1379177,-0.9912711,1.4705608,0.7063285,-0.040458266,-0.16470787,0.42308235,-0.98587626,0.3363454,-1.9256105,1.3453764,0.29637575,-1.6787219,1.3375763,0.078786984,-0.33885348,0.23965698,-0.117671974,-0.26136503,-1.3202674,0.29563493,0.28652453,-0.80827916,-2.3239357,1.4912882,-0.42860433,-1.3509947,-0.41085434,0.55849123,0.9921562,-0.16758604,0.71652174,-3.8051736,-3.2838938,0.035266284,1.0869565,2.1167223,-3.2787876,-0.30583814,-0.12633121,-0.09723561,0.8061372,-0.059003532,-0.88014877,1.1019887,-0.530599,0.36569273,-0.97329193,2.114673,1.0918257,-0.14594136,-0.62783796,-0.54523516,1.3175166,-0.10922051,0.34325477,1.4202415,-1.7024114,1.4154541,0.4777159,-0.61302936,-0.13779919,0.59552646,-0.06116512,1.6007006,-1.1235977,-0.91480696,1.5009291,-0.70510703,-1.9905592,-1.1248175,0.13188522,-1.5518936,-0.009677389,-0.09853469,0.9835388,-0.173833,-2.495508,-0.071871646,-0.7172801,-1.8716267,-1.3030132,-1.5255791,-1.281197,2.5759113,0.6849675,-1.8085154,1.5952896,1.0407338,0.4165588,0.3259842,0.32270882,-1.0936404,1.0744174,-0.24661478,0.5188952,1.4884621,-0.94600815,-0.39743066,-0.78501093,-0.3043302,-0.026242556,-0.29721582,-1.2789665,-0.98594695,-1.2767457,0.77520925,-0.31027383,1.4855502,1.9223812,-1.6525359,0.35287473,0.25287393,-1.6542443,-0.7242082,-1.1253765,0.19789292,-2.3891807,0.6036102,-1.4010242,0.5695031,0.0075734765,0.26794925,-0.5668483,-0.97667027,0.26643416,-0.3234876,1.060804,-0.15079926,0.9460096,1.7381833,2.0389545,0.5625514,-1.2711728,1.1028659,1.7949402,1.1217988,1.1107653,0.6550394,-1.0921466,0.33538088,0.7074905,0.55667037,-0.6068475,-0.71059644,0.0012660567,1.0884222,-1.0390295,0.74679416,0.17782974,-0.059284832,0.9738167,1.517542,1.0401691,0.7173307,-1.0327597,0.76249397,1.9860078,-1.7237221,2.0910978,1.3214273,-1.1798842,-2.05634,1.9533955,0.5294218,1.0679454,-0.48486644,-0.022051614,0.46259347,0.22283505,0.78177625,0.6164996,-0.66058487,-2.0275066,0.9623204,1.1664933,1.0868772,0.60605925,-1.9508325,0.19474976,0.7406827,-0.92696285,-0.17110816,0.94117224,-0.39863017,-0.13670217,0.114712015,-0.46329486,0.5091215,-1.3862646,-1.5137951,0.83472884,0.14505629,-0.78472507,0.42483136
P18206	-2.214811,0.7794566,-0.0052149785,-1.0921838,0.44201577,1.3775288,0.32914472,1.4339944,-0.34076884,-0.18500167,-0.25397965,1.7679204,-0.72661006,0.16401973,-2.048075,1.6391335,0.03842505,-1.9559355,1.2354761,0.3971015,1.3189946,-0.32289484,2.2611268,1.5480678,0.1289826,1.2333118,-0.01544426,0.68059427,-0.5088014,-0.302004,-0.4776318,-0.5074799,-1.6152214,0.55211586,0.6826463,1.1368824,-0.5057682,-3.1651492,-2.36423,0.9383388,1.098049,1.0534849,-1.6490443,-0.342704,0.20303409,-1.0998243,0.55919755,1.337718,-1.4541653,-0.7918807,-0.50007206,0.35994,-1.7608154,1.2848698,-1.1431589,0.39145693,-0.01736139,-1.6054099,0.51394254,-0.34671217,1.3282387,-0.79085463,-1.6725528,-0.06624343,0.15267037,-0.8869219,-0.9449568,0.10260867,-0.07217999,0.6254493,-1.2634077,-1.597177,1.3736862,0.8770111,-1.6173216,0.39243513,1.0848849,-0.5609385,0.91082203,0.08182087,0.8430942,-0.5367903,-1.852053,-1.0158101,0.15435493,-0.7264534,0.16929471,1.0758301,-2.2309124,1.1970286,-0.83730125,-2.0145853,2.4237697,0.8246577,0.3894024,-0.090358794,1.8387886,0.7448106,-0.18982653,-0.52090806,-0.17656507,0.09749095,-1.1155822,-1.02387,-1.6939479,0.024410088,0.44222736,-0.38023522,-0.4470667,-1.1082782,-0.8202375,0.66229904,-0.5660534,-0.5796274,0.49111202,-0.31044418,-0.97569156,-1.5576773,-1.000624,-0.09462702,0.12083687,0.16350009,-1.5427818,-1.0853387,0.35081103,0.35992423,-0.77791774,-0.96332437,-0.49658322,0.56856036,0.60641843,-0.18806276,0.30742565,-1.0638965,0.1384845,1.1459144,1.1206434,-0.82379496,-0.84549826,0.7237301,-0.1339125,1.5916057,-0.031373233,-0.5359142,-1.4169469,0.95848405,0.48771667,0.22153026,0.102963336,-0.31766537,0.5140081,-0.35546377,-1.9722607,-1.0563794,2.4613738,0.9174168,-0.74105275,1.9937149,0.32824,0.017753035,-1.1957059,0.5059038,1.5728871,-1.5766307,1.7194304,-0.6038411,0.123346664,-0.84902096,1.3062406,1.1122307,1.468145,-0.30601948,0.9031333,-0.6193472,-0.40811336,-0.75934225,0.1684527,0.17177378,-2.3481884,-0.7692085,0.008683818,1.4180079,0.9676236,0.7802085,-0.28812495,2.5280173,-0.56195,-0.9270129,-0.20918126,-0.39173284,1.3494867,0.01894986,0.47223288,-0.2526648,0.20815943,-0.64531326,0.8261013,-0.43462515,0.6433837,0.7130473
Q96EB6	-0.34039405,0.34437525,-1.4537287,-0.2568689,-0.4603685,-0.074079454,-0.1074212,0.3103811,0.5803958,-0.2140073,-0.17045313,-0.09740242,-0.529395,-0.35124314,-1.5091599,1.2124346,0.09735967,-0.5732664,0.096044004,-0.3557351,-0.027809134,0.49133596,0.1448063,-0.44931734,-0.96790045,0.5862906,0.43297398,-0.57598555,-2.499302,0.7618655,0.016754666,-1.9015313,-1.2969925,-0.38704225,0.037513483,0.13939007,0.49348205,-1.6218241,-1.8522626,-0.1572287,1.0185193,0.6335182,-2.302736,-0.32645836,0.6249516,-0.23763251,0.82518023,0.826825,-1.4898063,1.3064601,0.07625243,0.4273856,-0.1143893,0.3047694,1.2746043,0.49364653,-1.4082973,-0.45882562,-0.35011724,-0.24461168,-0.2535122,1.1493256,0.3801361,1.09666,-0.1715565,-0.10046235,0.5662347,0.6273647,-0.21338315,0.59215057,-0.39381367,-1.2507647,1.1942067,-0.4618927,-0.62562305,-0.9488648,-0.4580607,-0.81450516,1.2599571,0.9149764,0.4310404,0.1121704,-2.7337492,-0.72411376,0.17725445,-2.3238053,-0.42924294,-2.4396832,-1.4361572,1.0435698,0.5192993,-1.1821452,1.6270043,1.1781301,-0.13747558,0.93031204,0.29201338,1.1983857,1.575799,-0.55911374,-0.8386254,0.8587594,-1.0184873,0.02659031,0.19214372,0.13987952,-0.73994684,0.23842545,-0.5186293,-0.26367995,-0.06911371,1.1810426,-0.63948876,0.79105055,1.892695,-0.37816387,0.026941212,-0.4123264,-1.6742398,-0.86693805,-0.8035887,-0.0456647,-2.0106223,0.07131888,-1.200138,0.31594908,0.23304924,0.90599495,-0.47357637,-0.11080088,0.16152775,-1.120173,0.83212894,-0.33180875,1.8262925,0.23848155,2.1303494,0.54295,-1.6177094,0.8961374,0.50278026,0.5783711,0.40084302,0.013888308,0.921904,0.9013042,0.41042295,0.34501392,0.1419567,-1.5358295,-0.14282565,0.250848,0.20797968,0.6821211,-0.14269565,0.014287277,0.39723858,1.2562416,1.6262189,0.45670542,-1.1281847,1.1905805,0.19647908,-1.1647873,0.21606548,0.5055601,-1.1387084,-0.93216926,2.167939,-0.03252907,0.6279203,-0.8291173,-0.36714336,0.008274798,-0.6197785,2.054105,-0.94223696,-0.40362796,-0.9857832,1.0294219,0.047139604,1.3763794,0.66792065,-1.505388,-0.444666,-0.23475282,-1.1424867,0.048218388,0.74971,-0.1670851,-0.07523403,-0.16789488,-0.27089828,0.35673025,-0.29174927,-0.45868587,0.97816604,0.6860504,-0.49870583,0.23297334
P48556	-1.3988036,0.017906602,-0.33320206,-0.8920197,0.33630034,1.3843774,0.79969037,1.2750633,-0.3082529,-0.5616976,0.2577368,-0.5499165,-1.7481825,0.5821795,-2.8486626,2.3027544,-0.05087204,-2.011435,0.6395585,-0.25290826,1.2364488,0.9087353,0.610461,-0.78266126,-1.1948148,0.18484029,0.48357132,-1.7355185,-3.1842506,1.8007241,-0.25072542,-2.0136313,-1.8699971,-0.35522395,-0.3274928,1.3569006,1.5186557,-3.747887,-1.9168304,-0.9627798,1.7566707,0.1259365,-2.0292218,-1.1455961,0.29319295,-0.7756995,0.9233626,-0.12421232,-1.6207346,0.9665269,-0.9148315,0.1664957,-1.3069046,2.1700413,0.9267322,0.8407611,0.0637819,0.3221167,-0.23451547,0.34800017,0.35197088,0.46171206,-1.6278106,0.7426657,1.0267328,0.08747153,-0.15477163,2.613611,-0.71937233,1.7590764,0.79881,-0.9979966,2.6847243,-1.2486407,-0.5180404,1.6241158,-0.07307735,-3.2344358,0.33748505,-0.56163055,-0.36379153,-1.1683977,-1.901719,-0.5257554,-0.6853068,-1.3728415,-0.5529001,-1.2647989,-1.3913324,0.69751817,-0.47983086,-1.7657452,3.0957823,1.9602941,-0.17686544,0.14881098,2.3206308,1.9640949,1.6329752,-1.4621205,-1.4895104,0.5292682,-1.167839,-0.0063857306,0.18920079,0.64102006,-0.57455385,-0.90159684,-0.54029536,-0.78580403,1.4564611,0.54931074,-0.8562725,0.92823106,1.2298288,-1.4287255,-0.17619523,-1.150885,-2.805959,0.32832035,-0.7487481,-1.2384856,-2.4243793,-1.2826837,0.41566736,-0.01833946,1.0409958,0.74877447,-1.5831964,0.818819,0.7035826,-1.5784277,1.065052,0.27435926,0.33935672,-0.50528944,3.1535301,0.80354756,-2.396879,1.5178752,0.84307534,-1.5009556,0.61204654,-0.98010373,-0.5761551,2.0897138,2.0475695,-1.6126004,-0.10784162,-1.9358008,0.38280165,0.31757072,-0.5683957,-0.7909591,-1.0899212,1.0283749,0.75083417,2.6256182,1.3183258,1.7463523,-0.6248791,-1.0280129,0.83436364,-1.9055102,1.2192898,0.88197446,-0.89915085,-0.48933145,2.2740757,0.31470653,1.8859316,-2.072939,0.3681785,-2.2120795,-0.32624495,0.798627,-0.081041776,-0.11987686,-2.072035,0.384307,0.4437165,0.6126018,1.6365454,0.40263557,-0.39368287,1.8056573,0.76961726,-0.32440397,0.010094122,0.5079354,0.17736483,-0.289733,0.4170958,-0.3295446,0.63312185,-1.0796127,0.780152,0.7405581,-1.5180651,-0.26007324
P30049	-1.7601119,-0.3286374,-0.6440748,-2.1158588,-0.99884725,1.0544131,-0.7062679,1.7635635,-1.309818,0.7739312,-0.61896235,-0.27024525,-2.0789628,0.5629987,-3.7708633,1.1675624,-0.25775754,-3.3767922,2.153247,-0.2818854,1.1741184,-0.9757765,2.2831142,1.6480584,0.26118064,0.75968176,0.1126553,-2.618812,-0.99299854,0.09108183,-0.9424478,-2.2496417,-1.9972788,-0.25199038,0.5428881,1.1629531,0.49873808,-4.3751616,-2.1731324,0.2592345,0.15713134,2.3145583,0.38635927,-1.8843006,0.28540027,-1.9676625,-0.5019575,-1.2039894,0.36046475,-1.479458,-0.99154705,0.33065575,-0.3013327,0.90619266,-0.41481516,0.06524827,-1.2321045,-1.6702902,0.38039234,1.593833,1.0964515,-0.7436923,-1.8199477,0.7898329,1.041624,-0.22303797,-0.31306228,1.1613021,-1.3189068,1.1891379,1.844754,0.37960872,3.1236095,-0.13445912,-1.2756106,-1.2119218,1.8543079,-1.3247335,0.9237802,0.13409813,0.7993053,-1.1294696,0.08218666,-2.1954348,-1.8560356,-0.45839682,-0.45861533,1.0578979,-1.0859683,-0.32908708,-1.4123114,-1.3932074,0.1571858,0.13769458,-0.1542542,0.070760325,4.4559917,2.1849189,0.421585,-0.25360528,-2.2732127,-0.27580908,0.50008047,-0.19401179,-0.62557536,0.9319612,-1.5507873,-1.2806137,-1.3430315,-0.19409026,1.4629804,1.2844312,0.08925987,0.2517434,1.1952109,-0.30673063,-0.5798331,-4.048672,-2.154673,0.17962281,-0.07901762,-0.6020654,-1.0929184,-0.19438168,-0.86665225,1.3473674,-1.1662871,-0.57230073,0.3296882,1.2133448,1.1846613,-0.4426209,1.0072674,-1.3155066,-1.1555573,0.70954055,2.9971874,-0.9677861,2.316122,1.2746544,0.2558191,0.49967113,-0.40203944,-1.5503081,-0.77245015,2.334924,1.392464,-1.4565179,-0.484471,1.1252953,1.0981048,-0.32256085,-0.91352713,-0.62524086,2.284801,1.6439722,-0.0640052,2.0317254,0.26774463,1.1300815,-1.7307253,-2.2618632,1.3625672,-2.6215444,1.5806855,0.36412665,-0.022012277,-0.99459666,1.5379564,-0.0907709,2.8561268,-1.5875963,1.1976918,-1.5215666,-1.4129473,-1.1280339,-0.4050069,1.6833464,-3.6241355,-0.9423661,-0.46895686,0.10666469,0.7627744,-0.03622281,-0.8835556,1.2181239,-1.3868788,0.85979915,-2.1205454,-0.141539,1.6286291,-0.32555482,0.7093291,-0.25130305,0.78933287,-2.9092622,0.20479591,1.5323883,0.16161256,-2.2440429
P17568	-1.8429885,1.0335765,0.50348735,-2.1332302,-0.15797074,0.7429763,0.5675575,0.49046063,-0.82373995,1.4751649,0.40367934,-0.53718895,-1.4956137,0.4155283,-1.906869,1.6079988,-0.8258911,-2.349153,-0.111556925,-0.34169644,1.1359646,0.19777557,1.5439342,1.2888587,0.60991436,0.3839918,0.3361189,-1.513151,-2.720245,-1.1179363,-0.5252878,-1.7156609,-1.4051353,-0.13461475,-0.25055745,1.497307,0.77280474,-4.037968,-1.9072584,0.3638754,0.8244716,1.9714638,-0.57597953,-2.545846,0.7445366,-0.7511182,-0.30626473,-0.90961456,-1.3607554,-0.40053445,-1.0851582,-0.04462347,-1.2086294,1.260882,-0.6281645,2.1507728,0.30696258,-1.5538044,-0.5802754,1.3383046,-0.49936256,-1.391916,-0.75928074,0.02255298,0.27790055,-0.31846738,1.4548364,1.8863456,-0.7085536,0.79011387,2.5626783,-0.2340919,3.327854,0.4102945,-1.2772913,-0.096161366,1.0253586,-0.5602926,-0.08911962,-0.883672,0.8641015,-1.4147247,-0.75969756,-0.39706048,-1.5712109,-0.87231183,0.33609357,0.29041007,-0.46146798,-0.10851521,0.14008763,-1.5616978,0.45575514,1.1644841,-0.24233787,-0.12597507,3.4782882,2.982803,0.6760201,-1.687946,-2.028221,-0.3598248,0.24887098,-0.33556283,-0.9121398,1.4045143,-0.3440774,-1.53917,-1.4822564,-0.8044268,1.2293537,0.86587614,-0.6202071,1.4248825,-0.28504446,-0.85750604,0.5588394,-2.456266,-1.8524323,0.6363983,-0.3618738,0.2938913,-1.5283451,-1.6831018,0.5379705,-0.3852362,0.55566883,-0.13949938,0.003852364,2.120802,1.2843503,-2.2209654,0.9966034,-1.654532,1.2543756,0.3922294,2.1518857,-0.111733675,1.5619504,1.0415852,-1.7992901,0.08882813,0.33084047,-1.7092917,-0.17357561,1.1344527,1.0699894,-2.6737404,-0.49228406,-0.47000322,0.18412344,-0.38584512,-1.4807596,-2.4294121,0.57442206,1.9816897,0.2632809,2.442633,0.27896437,1.3233742,-1.261113,-2.5080168,0.8147447,-2.2337463,0.46768877,-1.2352089,0.41863054,-0.06499865,2.7231603,0.5358372,2.3426287,-2.8433204,0.72292894,-1.708735,-0.87038887,-0.5612655,-0.7566359,1.5946295,-2.1139076,-1.2086108,-0.5066093,-1.2811738,0.62146837,-0.09793702,-0.5747316,1.269935,-0.5498833,0.35773084,-0.9427905,0.8183076,0.70232457,-1.2684871,0.62358654,0.27844942,1.2395595,-2.101527,1.024811,1.5179629,-0.90444404,-1.7527828
P62318	0.33718315,-0.39608282,0.49902308,-2.216062,-0.9696554,-1.238594,-0.50907904,0.6193753,0.9290691,-1.229379,-1.0817567,-1.1877105,-0.6575448,-0.0148570025,-2.6432586,0.11401192,-0.75610787,-2.706442,0.85727584,0.915432,1.5108273,0.22230747,2.378707,2.307706,1.4097747,0.620535,0.13297261,-0.96667993,-2.137697,0.48617646,-1.9191339,-1.0664473,-2.071898,-0.0518736,-0.4588412,2.622549,0.8265794,-3.7591517,-0.6076846,-2.318505,0.6235331,1.8424324,-1.9716195,-0.6534381,-0.9877846,0.849515,0.61416394,0.23728748,1.382873,0.91576916,-0.78569674,-1.4052845,-0.3553982,2.1515265,0.22585876,0.6227371,-0.57809645,-1.0277823,0.1860758,-0.36750922,-1.9263442,-0.90205395,-1.2193456,0.79843354,-0.58591527,-0.31140524,0.24074414,0.39595315,-0.3487597,1.8282869,-0.8804848,-0.6651209,2.6930327,-0.6750404,-0.69142395,0.8052495,0.99008447,-1.1209284,1.6257205,-1.2086638,0.9173066,0.27356005,-2.2874384,1.1854092,-0.47838566,-0.8334252,-0.81242394,-0.7171577,-1.7101209,2.3581412,-0.04418739,-1.8762171,1.6344093,-0.77001137,-1.4515646,-0.05606844,1.5104042,0.4652907,1.7226983,-2.2327101,-1.5246439,0.6344431,-1.5532298,-0.09880327,0.12741356,0.7613545,-0.43940222,0.6155841,-0.24383678,-2.3638422,0.89971364,0.5792506,1.03956,1.610557,2.01244,-2.0021179,0.66193396,0.7189672,-0.45670217,-0.7467239,-0.93086815,0.7266746,-2.2944522,-1.3683603,1.1561016,-1.027346,1.0158635,-0.4369253,-0.47326964,-0.10785277,0.16093573,-0.8034463,0.06616732,-0.85446614,0.94702363,0.54891634,1.2464616,0.9526572,0.5484616,1.8256654,0.27037275,-1.1243485,1.4385816,0.4127155,-0.6104314,1.4553593,2.0915136,-0.24078609,1.0895799,-0.054991283,0.022336375,0.72953457,-1.5998672,-0.9912359,0.33058867,0.27422723,0.49377885,2.0579112,0.31545612,0.26516023,0.4431408,-1.2618673,-0.3405714,-2.6269817,1.7691321,-0.5368293,0.8124636,-1.6809467,3.6576753,1.4187019,0.9741478,-2.4884825,-1.4758165,-0.09369861,0.17922401,-0.58483064,-0.3877322,-0.80551153,-1.270022,-0.2739992,0.40035024,-0.109066255,0.21690364,-0.1773992,0.12139304,0.6270131,0.5428831,0.6757646,-1.3469704,-0.1286028,0.77388287,0.3032821,0.48560527,-0.05469838,0.6453317,0.24726588,0.9417539,1.0139399,-0.15762621,0.23606767
P33992	-0.46329975,-1.6368439,-0.69186634,-0.7471903,-1.0548084,-0.079149805,0.20305155,1.2638038,0.7996485,-1.1646498,-0.7575886,1.298274,-0.3095605,0.46587354,-1.2747912,0.79265416,-0.65477884,-1.278422,2.5503414,0.50932413,-0.11713591,-0.10700484,0.23365027,0.6395657,-0.23416828,-0.65655726,-0.9583338,-0.7746719,-3.2982726,0.50487554,-1.4067472,-0.4402867,0.19188623,0.618558,0.8889778,-0.4388662,0.65459436,-3.7786386,-1.920009,-1.007118,1.2184908,2.39845,-3.924733,-0.5591959,-0.76060057,0.6817841,0.20021927,-0.40803665,-0.0068002683,1.6840476,-1.628223,0.2811249,-1.3483381,2.6509802,0.71239024,-0.12770687,-1.223385,-0.21389957,2.1829,-0.109364524,-0.41793793,-0.25250855,-1.1113364,1.3257885,0.09860136,-0.89495546,-0.430836,-0.36766484,1.0602388,1.3401524,-1.5097818,-0.996573,1.7016308,0.36716667,-2.3242843,-1.3949375,0.26133493,-1.2496293,-0.18073858,-0.7820332,1.0902189,-0.8289961,-2.3641877,0.20781821,-0.21848011,-0.5165959,-1.7384232,-0.9503826,-0.2836392,3.7953324,0.62039447,-2.477613,0.70985883,-0.74465656,0.3380016,1.138409,0.55005956,-0.7400101,0.34327802,-0.42209342,0.6688431,1.3476511,-0.042277068,-0.20284437,0.43713087,-0.49105406,0.5461492,-0.5737878,-1.1495045,-0.42625347,-0.7014914,1.9265721,-1.3743589,2.2986393,1.534295,-1.7972143,0.19859295,-0.7236051,-0.82556516,-0.9923099,-1.3979797,0.8155248,-2.861905,-0.29380113,-1.1249021,0.16188182,-0.093353055,1.0724324,0.7494997,-1.2041006,-1.569667,-0.65097636,0.39955434,-0.017323073,2.0102596,2.2304125,2.0547645,0.37488383,-1.5605576,0.1121844,1.276547,-0.0019778928,1.6161422,2.4587822,-0.8706403,-0.38736573,0.744207,0.09210915,-1.435659,-0.3417346,-0.91849625,1.2167871,-0.59535843,0.31173557,0.45718586,0.532925,0.92293274,1.8839782,0.16628642,0.15426978,-0.7394996,-0.32213363,3.0397227,-1.0154196,2.5414267,0.5394186,-0.78676254,-1.460713,2.8580904,1.6605874,0.9621107,-0.75791603,-0.86887276,1.7638409,0.01739126,0.50924236,1.2838868,-0.29019907,-1.867376,0.74033374,0.7711578,-0.1437285,0.69052863,-2.143314,-0.028855752,0.12759404,-0.74970627,0.22049622,-0.5927143,-1.2122746,0.11163454,0.12727104,-0.3653287,1.4792181,-2.0665064,-1.2115254,0.15390779,-0.31750757,-0.59033716,0.019289594
O15371	0.21982127,0.30677137,0.35606202,-1.8960505,-0.49064615,-0.6455517,1.5844508,0.7066185,0.8128294,-0.5182066,-0.67578906,-0.71096647,-0.123241305,-0.7630675,-1.7442611,1.0283934,-0.8370202,-0.8981527,1.7050185,1.144675,2.075101,2.2557538,0.625454,2.5081115,0.68089247,0.21634926,-0.18004712,0.49100846,-2.1080356,-1.525663,-2.321902,-0.12013691,-0.091512404,0.50510114,-0.4607628,2.4219136,0.24614161,-2.792241,-0.62611365,0.4603341,1.7390538,3.409351,-1.4650285,-0.85336787,-0.72808397,-0.60222447,1.1827265,-0.86148566,-0.5321688,0.2804204,-2.7932737,-2.0236404,-1.3373904,1.1047895,-1.9411306,1.6040759,0.8764804,-1.7724334,-1.2108107,-1.1095,-2.260207,-0.84051806,-1.1929051,-0.2999275,-1.2847694,0.29979688,0.8496267,1.0566144,-1.0157386,-0.2550973,0.4507399,-1.8651052,2.5659466,-1.2346636,0.32070398,1.159983,0.5831955,-0.47216132,-0.26486483,-1.215789,2.4180071,-0.29871643,-1.1153176,2.329574,-0.5225806,-0.72936845,0.24114168,-1.161638,0.28372598,2.7755961,0.61716574,-1.6037719,0.11789213,-0.6663577,-1.7440082,-0.0133503955,1.0876137,1.1051569,0.6869658,-2.9449124,0.90884185,1.3025243,-1.0740422,1.1070895,-0.8719091,-0.069100946,0.105632596,0.91168094,-0.7651063,-1.2612675,0.82307976,0.10629641,-0.7249033,3.2276123,1.5114441,-3.0521383,2.03593,-0.010224853,1.1259773,0.51897466,-1.1122953,0.7728022,-0.7033766,-1.0483559,1.0145317,-2.6183822,1.5623755,-0.35239363,-0.29023778,1.8746127,1.57435,-1.2587763,1.4991075,-1.2427381,3.8033335,1.054941,1.6969134,-0.1319887,0.21508147,0.27968013,-2.3521519,0.5051428,0.6362775,1.3066795,-0.4241981,-0.72254205,0.927956,-1.1747248,1.1268606,0.4013533,0.339164,-0.5340308,-2.0719259,-0.50771195,0.6795164,1.3943521,0.71964604,2.5682619,-0.8136426,-1.0987377,-0.90994155,-1.9932052,1.6189638,-3.951203,0.799264,-1.5020633,1.8038061,-0.38504058,4.6141133,-0.1416795,2.0110517,-2.486423,0.48761424,0.48360544,-0.11135734,-0.16679443,-0.38001785,0.6232633,-1.1306616,0.6086776,0.12275681,-1.5386131,0.36053556,0.06867523,0.59902793,2.4103878,0.24203469,-1.320856,0.95132595,1.3966589,1.0721315,-0.35142034,0.16792265,0.059841722,-0.4791373,0.090747856,1.4253473,1.5498457,-0.5008822,-0.14764255
P62877	-0.787196,-0.4224747,-1.247264,-0.956934,-0.203216,0.73180556,-0.1555787,0.45871097,-0.38409302,-0.6116351,0.0018304215,0.7560143,-1.420571,0.86687154,-2.641754,2.360291,-0.43199813,-1.8737884,0.8487518,-0.03335809,-0.19268838,0.42240247,1.1445175,-0.4190617,-0.81710696,0.6332396,0.12081611,-1.3815975,-2.9756353,1.417963,-0.89902985,-2.2490647,-1.448794,-0.5814659,-0.2573496,0.89678925,1.4215908,-2.5986183,-2.4625025,-1.2950845,1.1366205,-0.074216306,-2.9981294,-0.6036318,-0.07792765,0.2714994,0.4173292,0.46035287,-0.8961577,1.5016911,-0.13309139,0.7349467,-0.5980878,1.8825569,1.7929353,1.0901823,-1.4800375,0.4272099,0.44876787,0.25368723,0.11826451,0.36040586,-0.5505311,0.8856769,0.02905387,0.17516011,0.533579,1.8724465,-0.3810972,1.1622852,-0.10212793,-0.82374537,2.4812965,0.3704093,-1.0990641,0.39282742,-0.9252506,-1.9862015,0.4280762,-0.22568628,-0.040176257,-0.99230826,-2.862682,-0.9302933,-0.66784304,-1.7345635,-1.0236024,-1.9697658,-2.280819,1.0052058,-0.0752728,-1.8658606,2.8163276,1.1705794,0.34922713,0.55622107,1.4812019,1.6148117,0.43233147,-0.805004,-1.7239954,0.50591654,-0.9715775,-0.05005471,1.1764611,0.8464435,-0.31182116,-1.0494456,-0.3847087,-0.4079094,0.9796564,1.0814114,-1.1576325,0.9583044,2.1710753,-0.43470564,-0.17646772,-0.8183673,-2.6395783,-0.26585108,-0.74980956,0.022541385,-2.665452,-0.9250329,-1.1004246,0.059386272,0.45457152,1.3267902,-0.25141367,-0.17125277,-0.47369006,-1.7380557,0.6427573,0.91569567,1.1654679,-0.70853174,2.9077778,0.79902726,-2.641767,0.8435638,0.759976,-0.48261303,1.3918707,-0.054860342,0.50031424,2.8434148,0.9766059,-0.68100536,0.09150668,-1.5324755,-0.09447517,0.92744833,0.24056938,-0.65239096,-0.64728683,0.67985374,0.9983147,2.5797606,1.2584976,1.4241036,-0.8493693,-0.7162148,1.0326306,-1.4518856,0.4378071,0.8380545,-1.4514356,-1.1090705,3.3595722,0.7233244,0.6815222,-1.7031478,-0.41542748,-0.3506364,-1.2947685,1.7697359,-1.1527581,-0.6536423,-1.2587842,0.2137283,0.6177467,0.6445992,1.337993,0.033295244,-0.9676787,0.3046422,-0.37264884,0.46402127,-0.6555465,-0.50878674,-0.08000083,-0.13255264,-0.10868975,0.108856626,0.13024785,-0.9567441,0.8498054,0.23981953,0.15218721,-0.80281913
P10144	-0.39699066,-0.57576483,0.39826453,-0.1579796,0.23151925,1.1871558,1.563203,-0.071266875,1.4792613,-0.96205187,-0.8862238,0.08713071,0.17838003,-2.2743149,-1.8271738,1.3507475,0.19351299,-0.9144233,0.8315888,1.3515763,1.139874,1.7899916,0.15835044,0.037476398,-0.15461104,-1.3415833,1.2651244,0.07330777,-2.3730097,-1.0091237,1.6345308,-0.9785627,0.20069797,-0.30841926,-1.2495289,0.16952725,0.2683142,-1.2103775,-0.7981341,0.4654231,1.9349077,2.4919329,-2.9072483,0.029371014,-0.51567006,0.12420351,1.7319397,-0.73860633,-0.47919738,1.767855,-1.9150488,0.47468787,0.85950965,0.77119917,1.3039109,1.0813851,-0.24421693,0.85494524,-0.1098753,0.10309124,0.16823915,0.8415224,-0.56148434,1.1025118,-1.0986036,-0.044593953,1.1742804,0.011081145,-0.20189367,-1.5600419,1.6717181,-2.458714,1.526309,0.308011,-0.08481465,-0.008410344,-0.8010799,-0.6242905,-0.5350394,0.4392062,1.8145223,-0.59651744,-2.661233,1.2429756,-0.0954443,-1.0519654,1.1977232,-2.1564457,1.8180606,0.44440714,1.0024033,-1.30849,0.7603038,-0.64036065,0.060202967,0.5110233,-0.15064721,0.83182174,0.8743365,-2.5011864,1.5360719,-0.25942862,-0.003700788,1.6466386,0.696466,0.53302264,-0.409993,0.24729185,-0.71654576,-0.83467716,1.9045112,0.51507086,-0.6584911,2.886984,-0.73410046,-1.7645437,2.5176466,-1.2541476,0.005555083,0.26783293,-1.1588032,0.3976676,-0.7824191,-0.991088,-0.12281694,-0.9194689,-0.6364641,0.2909845,0.6334768,0.8505366,0.14048699,-2.2375767,0.94339275,-0.7386662,3.1358774,-0.012003282,2.309368,0.38961604,-0.6187522,0.9140564,-0.75448585,-0.77454865,-0.23799276,-0.6510042,0.45778772,0.060870722,0.86596626,-0.791607,1.491738,-0.9160444,1.2112451,0.12372238,-0.95308656,0.03793336,-1.3104583,1.9727777,-0.77180314,2.52771,0.81306595,0.14765863,-0.018504707,0.31791526,1.2037009,-2.4973202,-1.0852481,-1.797361,-1.3393803,-0.57446855,4.058076,0.23472875,-0.03354481,-3.0127716,0.99007994,0.90598965,0.27890098,-0.027094968,-1.8172377,-0.10003598,-0.5549616,0.04179133,-0.21417962,-0.21375646,0.51453406,-0.78545904,-0.02533622,1.8420761,-0.54627734,0.9704993,0.8681767,-0.17314813,0.706429,0.66621166,-0.81491446,0.7114641,-1.4416404,0.54857504,1.483941,1.3646324,-1.4955987,-0.2182156
P25788	-1.1419983,-0.10691029,-0.11531718,-1.1741511,0.4834952,1.7157704,0.8847481,1.2441387,0.12559433,-0.915232,-0.253563,-0.2276917,-1.782173,0.08063175,-2.6250827,2.2832327,-0.42994198,-2.227143,0.830136,-0.09592484,1.3485869,0.8308956,0.8457735,-0.47966546,-1.2317687,0.20891774,0.7398419,-1.1743319,-2.8742223,1.763803,-0.19064291,-1.6343601,-1.7650481,-0.3238475,-0.63230175,1.272233,1.2329787,-3.588412,-1.7273598,-0.83078945,1.978724,0.17108111,-2.1939437,-0.74582314,-0.059627566,-0.8191411,1.1230648,0.27179107,-1.6664568,0.6263283,-1.0690213,0.24043037,-1.3157405,1.9065063,0.7654743,0.9302141,-0.019788558,0.5281325,-0.41708434,-0.22959529,0.57661825,0.6203549,-1.65368,0.80580425,0.9414845,-0.10254261,0.037059106,2.2959468,-0.30099836,1.4324406,0.7582997,-1.3144437,2.6472123,-0.69638294,-0.5011205,1.4871024,-0.23427375,-2.8183973,0.8015425,-0.48991022,-0.2956064,-0.89909035,-2.2781532,-0.05621644,-0.42572448,-1.559455,-0.6561716,-1.3219371,-1.352879,0.70575225,-0.4515197,-1.7640185,3.1748927,1.6698759,-0.022649748,0.11595462,1.7197093,1.293537,1.1930228,-1.5680627,-1.1187067,0.30175537,-1.6574553,0.11727047,0.43380466,0.5323813,-0.3810363,-0.5747583,-0.14936152,-1.0222558,1.2162117,0.6323061,-0.86914265,0.8311596,1.3419261,-1.5921606,-0.3658908,-0.83224434,-2.4423542,0.44106373,-0.34065852,-0.7787857,-2.5166502,-1.1683849,0.30683222,-0.1973713,0.54793984,0.52017593,-1.2812425,0.73123276,0.59159535,-1.3112801,0.91147685,0.5048085,0.30348656,-0.6796445,2.869358,0.5859447,-2.6191,1.2940279,0.9524137,-1.3317407,0.5112767,-0.61063886,-0.30675247,2.0876079,1.7292993,-1.1724211,0.553594,-1.9349844,0.7860973,0.3627853,-0.86368257,-0.87937796,-0.7036502,0.81615704,0.75357914,2.6209507,1.2825695,1.1601679,-0.6284447,-0.7190404,1.0472146,-1.9880652,1.2735609,0.9399631,-0.97525394,-0.6394526,2.8151696,0.38183996,1.5743545,-1.7587872,0.08274848,-1.8940824,-0.3172479,0.9837042,-0.16920768,-0.5426595,-1.8633273,0.36061466,0.9367128,0.91916585,1.668135,0.46062642,-0.02563993,1.9271805,0.5786577,-0.8427291,0.1926504,0.4330439,0.29995176,-0.24717475,0.37867925,-0.3354184,0.4672944,-0.7513447,0.8371671,0.6495005,-0.6926756,-0.110047035
O14965	-0.4630162,-0.66125685,-0.00626161,-0.27012068,-0.1032263,0.8410334,0.07400584,1.2761074,-0.03677351,-0.81442547,-0.22410972,-0.45781347,-0.5543062,-0.36251616,-1.9198692,1.6494924,0.018977884,-2.0716004,0.80895954,0.60812145,-0.89247495,-0.036637973,0.26306903,-0.31505322,-0.49087092,0.55249685,0.25421095,-1.3557713,-1.8125991,1.7656115,-0.4566507,-1.5563473,-1.7547386,0.3713824,0.5352565,0.6324417,0.77793676,-3.0865452,-2.3048244,-1.3301973,0.63375854,0.8369186,-3.1812673,-0.47660083,0.3750775,-0.104661666,1.2712667,0.2046774,-1.5627315,1.5447985,-0.592047,0.36692065,-1.5394878,2.4057162,1.1124256,-0.91650367,-0.12931089,-1.1952491,0.98578084,-0.48902956,0.5804397,1.3916138,-1.948382,1.4825428,-0.24093638,-0.9432877,0.53359354,0.73668426,0.30139425,1.8153414,-1.3109308,-1.4913279,1.3595653,-0.11556112,-2.079187,-0.31608453,1.0537212,-1.399246,0.20534126,0.15920755,1.2646395,-0.10188333,-1.9160848,-0.48506892,-0.8928903,-1.8054489,-0.27393183,-2.0831442,-0.43968913,1.4416988,0.2700907,-1.607409,2.8250718,1.1612433,0.7096761,0.5545945,0.52800405,-0.58436966,1.2578464,-1.1128345,0.29266608,0.15906319,0.10080375,-0.71457046,-0.4791433,0.040955506,-0.3823873,0.049575448,-0.20650354,-1.1258,-0.59615856,1.0071548,-0.6558955,1.3496047,0.80868596,-1.4812453,0.588982,-0.7619253,-1.833265,-1.116708,-1.0010686,-0.00056170695,-1.9868457,0.23052312,-1.2303426,0.74654925,-0.1855328,0.7131644,-0.010797533,-0.36199358,1.0916612,-0.67618096,0.6489696,-0.16896904,0.73666734,0.64118546,1.9682884,0.22170565,-1.8652426,0.014485656,2.3030422,0.7421875,0.38571918,-0.5492109,-0.0834061,0.5849354,1.0440922,-0.07490889,-0.33368045,-1.2765249,0.28391242,0.91796434,-1.5271407,0.20115274,-0.43433058,0.14161131,0.75489503,2.8100114,0.9833782,0.9036512,-0.17714903,1.259055,0.61101514,-2.3004594,2.0591826,1.2155691,-0.5544553,-1.8027134,2.2821405,0.23758633,0.71871996,-1.7146116,0.71759266,0.11549904,-0.07545187,0.44925505,0.54901415,-0.29903427,-1.4640567,-0.17841907,1.358642,0.94308174,1.982402,-0.65394753,0.053164788,1.477231,-0.41229215,0.071926,0.8266758,-0.8352352,0.17472245,-0.17260818,0.05717888,-0.37095416,-0.16093946,-0.4314621,0.5195657,-0.6016984,-0.6452167,1.1075672
P68400	-0.27268043,-0.81788796,-0.9024247,-0.118498474,-0.44831195,0.6449851,1.2397577,0.7443756,1.2477729,-1.1544338,-0.3326713,0.51908046,-0.20936014,-1.9590517,-2.3705137,1.3498753,-0.45192063,-1.1648638,1.2105855,0.06554368,0.10164669,1.6354167,-0.2253052,-1.2442652,-0.61418205,-0.5045555,0.1913219,-0.2571594,-3.0632703,0.19398241,0.804321,-1.8748809,-0.31037143,-0.6630649,-0.38810745,0.1987339,0.9324289,-1.5400636,-1.4669248,-0.5148334,1.4024338,2.013269,-2.9923468,-0.46882537,-0.32074055,-0.0801398,1.4753911,-0.5409501,-1.9100538,1.3728917,-0.7085456,-0.018291797,-0.5190346,0.780535,1.1492541,0.11375386,-0.4542227,0.04012615,0.56303626,-0.4499794,0.48374063,1.3933291,-0.48207983,0.9835848,-1.0787746,-0.64054567,0.63151056,0.15070225,0.27979493,0.30668643,-0.358566,-2.3952417,1.7910907,0.40212962,-0.5717099,-0.97847766,-0.24400978,-0.308129,0.084382564,0.381971,0.96795994,0.7049469,-2.627482,0.29982433,0.09861035,-0.8636015,0.12997098,-2.5383835,0.52581453,2.3042336,0.86082566,-2.338928,1.9192007,-0.0887628,-0.3018165,0.99577713,0.061362617,0.3315643,0.82872385,-1.2050009,0.46821624,-0.31809697,-0.6512012,0.6464614,0.39342296,-0.13029668,-0.6840121,-0.64207196,-0.3125914,-0.09728063,-0.2273123,1.6190637,-0.64008605,1.9901861,0.9042529,-0.59771043,0.7398945,-1.679141,-1.1243429,-0.56737626,-1.3104186,-0.029411253,-1.9483073,-0.4005934,-0.85283434,-0.15969227,-0.1367124,0.9588904,0.039553136,-0.0067116483,-0.76130545,-0.6951919,1.674623,-0.83641094,2.1009946,0.48509783,1.6825136,0.19511758,-2.7645059,0.2100742,0.3826947,1.1803484,0.4823304,0.0872901,1.0830103,0.2734267,0.55878603,0.2944307,0.40735343,-2.1412964,0.64545643,0.9481313,-0.15852007,-0.093880035,-0.54824895,1.1276191,-0.7434507,2.609843,1.6432872,0.5465408,-0.32265592,1.3119874,1.0444348,-3.1448193,0.61665064,-0.12873128,-0.69954556,-1.573097,2.6636448,1.0673121,-0.44769368,-2.3308468,0.030194594,0.8270948,0.19235562,1.5209159,-1.1851529,0.16008651,-0.015066704,0.5520155,0.62767947,0.9226439,1.9693762,-0.35844135,0.07970707,1.0208188,-0.80910367,1.1162459,0.5341754,-1.3428869,0.9200578,-0.11397273,0.33868083,0.44934434,-0.6260454,-1.551622,1.3684361,0.52040523,-0.9220644,0.20495686
Q9H444	-2.8045022,1.4453813,-0.650272,-1.4388666,-0.4879136,1.4125868,0.4518785,0.61543036,0.46577704,-0.25000635,0.8684649,1.5979922,0.41234156,-0.12297495,-1.3795266,1.9720085,-0.62868685,-1.479946,0.11009596,-0.45913783,1.0359432,0.5143812,2.3302534,0.5014182,1.1139154,1.1179651,-0.74054384,0.37867194,-1.6983243,-1.6475188,-0.42337492,-1.5105672,-1.8913922,1.0663714,0.29904735,-0.08596017,-0.0899743,-2.0782332,-2.647219,1.5487086,1.330081,1.0942129,-0.77267236,-0.80201846,1.4229403,-0.9056547,-0.18962458,1.1566374,-1.6059293,-0.7118492,-0.7042924,0.727912,-1.5341408,0.99092966,-1.0301421,0.78754485,-1.3051584,-1.4486805,0.43046045,-0.20527089,0.9371485,-0.49488428,0.16527662,-0.45447904,1.3280486,-0.18061453,-0.09098938,0.53309727,0.11116542,1.0248287,-0.38463122,-0.99454045,1.0293083,1.8754377,-2.5663044,-2.1854796,1.8424498,0.23802263,1.5555928,0.25656176,0.6921282,-2.1218393,-2.479817,-0.84222513,0.2988996,-1.554285,0.1750211,-0.96545607,-1.9574982,1.1198285,-0.003246688,-1.9867889,1.7985296,1.1624233,1.1911639,0.53868955,1.830867,1.8525891,1.1884512,-0.5715289,-1.5896395,0.81637734,0.16190827,0.56520784,-0.23592348,-0.124106675,-0.12681147,-1.7079519,-1.3895569,0.27270994,0.36639103,2.1613784,-0.92969275,0.7452069,-0.61780703,-0.43362543,-2.215386,-2.2861118,-0.7190659,-0.5929038,-0.014905142,-0.5896738,-1.4947575,-1.149588,-0.2796676,0.60491514,-1.8549404,-0.694673,0.34723073,0.8400665,-0.043549903,-1.0887724,-0.7905347,-1.5546145,1.3435178,1.7828752,1.0505916,-0.029750157,-1.227508,0.16854846,-0.5750659,0.2889117,-0.607691,-0.3088016,0.2315207,-0.95628923,-1.1821696,0.08957158,-1.0892942,-2.529162,-1.0292413,-0.15600577,-0.40562013,0.14876767,1.242051,1.809661,-0.20598312,1.8429161,0.8297951,-0.45301482,-2.0255072,0.7377996,2.1316607,-1.1454153,1.7089212,-0.35831356,-0.26686147,-0.670071,2.5917146,0.7003984,0.98173195,0.023641914,0.7769537,-0.19731614,-2.476574,0.3544134,0.055537775,0.016334303,-2.4448466,0.21062471,0.3973946,0.04065037,0.13300002,-0.4971748,-0.99863243,1.4898179,-1.583193,-0.5490401,1.2547724,-0.43906558,0.5280527,-1.058217,0.44028023,0.6007659,-1.4231489,-1.7624027,0.55352014,1.0025493,-0.07010017,-1.0407006
O75832	-1.308328,0.4559696,-0.62453485,-0.56682336,0.13694869,1.3140907,0.8465406,0.9158856,0.15105745,-0.35895655,0.10693106,-0.06875836,-1.700035,-0.16126049,-2.7526526,1.8311949,0.3104925,-1.5786368,-0.047491845,-0.2825581,1.2058755,1.3241926,0.0457025,-0.76448,-1.4444193,0.30798745,0.7130031,-1.1461775,-3.3610299,1.6038512,0.31962097,-2.3541653,-1.8369243,-0.42361897,-0.36697266,0.97218066,1.2983385,-3.2510395,-1.9944932,-0.2818813,1.8080107,0.08031595,-2.002042,-0.86640495,0.03035839,-0.73092246,1.4391353,0.2032544,-1.6972152,1.1067382,-0.50168705,0.3385104,-0.6504061,1.7077277,1.4321773,1.0664898,-0.44124642,0.32424447,-0.6509472,-0.13765752,0.54822034,1.245618,-1.3392274,0.898314,0.51078165,0.42353228,-0.05760045,2.1023483,-0.698056,1.0860307,0.7123398,-1.249553,2.0126855,-1.1656137,-0.30304304,1.1271106,-0.38958913,-2.6532066,0.73260504,-0.1899458,-0.06943852,-0.74697906,-2.541392,-0.28698513,-0.31254324,-2.24064,0.094412155,-1.7435273,-1.1104054,0.58371943,-0.10581137,-1.6282514,2.8844836,2.0207846,-0.15009409,0.12971625,1.7143487,1.5286329,1.5938206,-1.4629837,-1.011901,0.3902496,-1.2757004,0.35037243,0.32207242,0.59415454,-0.8960004,-0.51738316,-0.67743796,-0.4627711,1.2561347,0.46435034,-0.42078903,0.87340957,1.0724806,-0.8850281,-0.046106633,-1.0152555,-2.5167253,0.031773597,-0.5605491,-1.2636335,-2.1382313,-0.7064437,-0.019366922,0.15143357,0.7183069,0.4179676,-1.169525,0.71539134,0.8661841,-1.4767642,1.1336724,0.13272148,0.8435104,-0.64861596,3.0509713,0.7146799,-2.6948678,1.3444767,0.7703809,-0.74307144,0.32533678,-0.9339541,-0.03856022,2.0526683,1.6228657,-0.8652276,0.61316913,-2.1162577,0.6634531,0.2461691,-0.38756296,-0.102769874,-0.952179,0.89672875,0.35737497,2.4900665,1.6285443,1.60133,-0.6028532,0.38415173,0.64124936,-2.138101,0.4843632,0.88300997,-1.2597617,-0.617948,2.4358337,-0.19171788,1.3206702,-2.1030495,0.39169395,-2.0221493,-0.36843622,1.2253947,-0.4815804,-0.23628348,-1.5525465,0.7437946,0.7955689,1.2749612,1.3358012,-0.07977588,-0.35601705,1.6533138,-0.021434039,-0.03871493,0.8054863,0.7246734,-0.12762937,-0.15549421,0.30720156,-0.6224106,0.23880927,-0.7903024,1.0335854,0.89075613,-0.8874354,-0.1304984
Q9Y5N6	-0.31593832,-0.3794223,0.24130353,-0.17131911,-0.9882567,-0.5805772,0.19303107,1.497967,0.2424925,-0.44736144,-0.48653245,0.6785546,-0.24862993,0.44997364,-0.9914055,0.9710142,-0.27440387,-1.6468159,1.9995338,0.9444623,0.3704753,0.66646045,-0.67288846,1.7483883,0.18076058,-0.7575317,-0.6520102,-0.61720663,-2.4607844,-0.55704546,-1.5526675,-0.2683147,0.52875817,1.459176,1.8212857,-0.32142994,0.2654025,-4.242396,-1.8768457,-0.30749282,1.0523257,2.864393,-3.4491556,-0.46205223,0.1268537,0.8200445,1.1303402,-0.83034146,0.95695263,1.3889751,-1.1946527,0.113406725,-1.5735934,2.918161,0.107975736,0.6007104,-0.6558163,-1.3366896,2.366499,0.25557896,-1.7580758,-0.23935442,-1.2215936,1.416482,-0.27371195,-0.5996758,-0.60188216,-0.15205485,0.16817454,1.3613704,-0.7150265,-0.24543335,1.1403918,-0.32783937,-1.935888,-1.4659495,0.34039158,-0.79205287,-1.0041795,-0.9866276,2.0170715,-0.88910335,-1.4188809,1.2470055,-1.0232033,-0.26767746,-0.8265563,-0.9876251,0.37239638,4.0956507,0.68257415,-1.3879843,-0.28026167,-0.82699317,-0.11589617,0.59868294,1.520703,-0.6761888,0.70609725,-1.1470727,1.3539206,1.6384975,-0.115242146,-0.43406242,-0.5817309,0.21122283,-0.015655303,-1.1976533,-1.8068402,-1.209966,-1.4669423,1.2661268,-0.89399654,2.985218,0.5174,-2.2348459,0.6406129,-0.124916755,-0.2916393,-0.37896073,-1.2275028,1.1081157,-1.1336057,-0.15890808,0.33188313,0.0359022,0.56044483,0.0032345944,-0.23185356,-0.59118843,-0.18290865,-1.1189733,0.7981697,-0.59020835,2.2900865,2.5129716,1.1770334,0.00950475,-1.1485994,1.0686946,0.13410163,0.26923248,1.0801985,2.0881708,-1.8029289,-0.970892,0.74666655,-0.4796823,-1.6840774,-0.13099167,-1.1208409,1.1972615,-1.5156196,0.2820061,0.27152437,0.6463359,0.8335725,1.862633,-0.9280991,-0.398756,0.07102181,-0.6281062,3.139901,-1.7101954,2.5001156,-1.0179248,-0.86330664,-1.5681561,2.3233764,0.96187705,0.8549089,-1.4959518,-0.9279409,1.5685359,0.8087853,0.40592328,2.1479774,-0.2832823,-1.1095902,0.45022705,0.56094253,-0.9175845,-0.08590571,-2.431905,0.26837423,0.91730386,-0.6801974,-0.9717022,0.0066604824,-0.78104156,0.078177795,0.1992841,-1.392391,1.0425677,-2.102461,-1.1537178,0.41408217,0.41516134,-0.4990231,0.41497654
P61970	-0.37571236,1.9997616,0.4958168,-0.87354326,-1.463292,-0.8031854,0.52623034,0.33485973,0.087228246,-0.20005307,0.4017276,-0.28558972,1.0766096,0.05453798,-0.103398405,2.6534529,-0.9509453,-1.3665822,0.7830795,-0.16323698,0.9666112,0.11864776,2.0692902,1.8000295,2.2932599,0.63105315,-0.63737124,-0.6428628,-1.5934362,-1.083896,-2.6351392,-1.6006491,-3.0847569,0.5708591,1.28629,2.6316228,0.21559826,-3.0974612,-1.1394954,-0.6725277,0.6075685,1.28136,-0.029032268,-1.5338826,1.1488968,-0.8026193,-0.6940045,0.20067437,-0.9793261,-0.72877634,-1.2176939,-0.25749156,-2.1416056,0.74991006,-1.2892053,0.54961044,-0.75803185,-3.1539779,0.095278926,-0.49607694,-0.5170065,-2.1655424,-0.3101444,-0.5807809,-0.21623668,0.15731937,2.4620807,0.28102908,-0.6521205,1.6798345,-0.6562038,-1.6578637,1.986143,1.2615644,-1.9557681,-0.034371622,2.0215065,0.393968,0.6361895,-0.6797901,1.9459697,-0.44143412,-1.1303294,0.64261174,-0.9247365,-0.4994852,0.702871,-1.4336948,-1.138626,1.806554,0.81841004,-1.0558567,0.43419707,0.34162354,0.20521444,0.16943988,2.2413974,2.1975675,1.6443723,-2.2996805,-2.2804246,0.48790047,-0.5115832,0.30878505,-1.2261462,0.26262096,-0.63585347,-1.3713028,-0.98368293,-0.0491747,0.6720425,1.236824,0.1547831,0.99222875,0.83463186,-0.79753375,-0.9287297,-2.4975064,0.18879876,-1.0985504,-0.83240044,0.78335524,-1.9987489,-1.4668225,0.18657911,-1.2185854,0.13355766,-0.48600888,-0.052689735,1.3843275,0.87978715,-0.1560914,0.3758952,-1.7731848,2.761913,0.7165986,0.8634754,0.8854375,-0.19441342,0.04301092,-0.8600826,-0.08800862,-0.2057295,-0.36704352,0.84459877,-0.81324786,-0.13802835,-0.9139491,-0.68765277,-1.2000703,-1.3068426,-0.6109596,-1.4139047,-0.9781275,1.4650025,1.4719752,0.24362898,2.6928053,0.14024317,0.17171909,-1.2375852,-0.6437032,0.97666603,-2.5695934,2.124744,-0.3240837,1.1311591,-0.93320847,3.0533428,0.29640073,1.093351,-1.6538525,1.0750965,1.1609291,-1.1731681,1.1686351,0.029790409,1.1502246,-1.4941895,-0.967675,-0.07035827,-0.7101674,1.0827808,-0.023998167,-1.3196678,0.9042746,-0.23334853,-1.124469,0.12233188,-0.31938714,0.33081493,-1.4178935,0.6695746,-0.1268112,0.058547243,-1.4639045,0.37562028,0.41364226,-0.062362626,-0.0056318156
P19387	-1.4952533,0.9956038,0.078324184,-0.6662104,-1.2440119,-0.47521615,-0.77191097,0.17337702,0.48201326,-0.44951257,-0.58604985,1.3388886,-1.7104124,0.2732014,-2.4042351,0.14774752,0.54263854,-1.4012159,-0.27188855,0.27238867,1.8478183,0.982625,0.32592505,2.1882684,0.20401417,0.08010274,0.016926462,0.5519327,-3.5798478,-0.2668052,-1.2705338,-1.6408608,-0.538034,0.7263721,-0.9316304,-0.55752474,1.390452,-2.7826102,-1.6658175,-0.033513155,1.0914336,1.7362797,-3.0101805,0.37770304,-0.94018286,1.0107265,1.0361868,1.0033836,0.8801423,1.4623157,-0.8230141,0.43826285,-0.61573654,2.1292317,1.3356317,2.8722928,-2.0265443,-0.04074899,1.4411432,0.14312203,-0.654281,-0.58540064,-1.0378298,0.731457,0.121475525,0.004502044,-0.99539346,-0.07272945,-0.44245666,-0.6821449,0.6409042,-0.69579536,1.7888355,-0.5827171,-0.6604664,-0.84499115,0.17835812,-1.5707614,1.0295314,-1.5871814,0.77184725,-1.5154569,-3.2895854,0.31468084,-0.2706323,-1.3087827,-0.48195493,-0.25937724,-0.34001607,2.129995,-0.24301714,-1.5949928,0.48341376,0.58830595,0.07760979,-0.95471007,1.1572136,0.32968795,0.0060738497,-0.860247,0.114482366,1.4118973,-0.43928236,0.0129528595,0.9256142,1.1944443,0.20437732,-0.74570006,-1.2385477,0.41750902,0.32565624,0.88362455,-0.41588876,1.6186217,1.3328476,-2.1509156,0.57577604,0.25021672,-0.35162738,-0.82443863,-0.67496884,1.4012413,-0.8210198,-0.8493388,-0.8042839,-0.85601497,-0.43997088,-1.0552938,-0.41501448,-0.8080762,-0.11836088,-1.0969274,-0.6711836,-0.56520367,1.6065204,2.280921,2.7035298,1.244208,-1.089337,1.7059382,-0.39543706,-0.41175124,0.5250437,1.25408,-0.72411984,0.38264072,0.5235536,-0.74996746,-0.23598956,0.06859204,-1.004884,-0.3310732,-0.36403722,-0.8299938,0.05140607,0.7600206,1.1417217,2.3599935,-0.17682439,0.28802827,-1.2767504,-0.21167114,2.5873883,-1.0233487,1.3228624,-0.63489264,-0.7811558,-1.1442835,3.6152632,0.59453154,1.1411402,-2.2454367,-1.2122738,0.09947516,-0.9392628,0.5490653,0.76482767,-1.2510672,-1.3273093,0.7908406,-1.0679822,-0.9465276,-1.0392582,-1.3455585,-0.8391845,0.29851604,-1.2533472,0.11525214,-0.66333836,1.3536857,-0.19452469,-0.25951198,-1.9756345,0.38004732,-0.79010147,-0.7074472,0.24036795,1.5184143,0.50440884,-1.0850103
P51665	-1.6020229,0.10552757,-0.520606,-0.6942741,0.4359175,1.7235644,1.1583761,0.7626311,-0.26199117,-0.6324558,-0.108104765,0.21179861,-1.5190631,0.08292755,-2.8633726,2.6315644,-0.14797553,-2.3522377,0.8272086,0.12420291,0.99739987,0.7200063,0.7546283,-0.2345095,-1.4501046,0.07362567,0.38067847,-1.1799824,-2.580364,1.3684888,-0.10000646,-2.08873,-1.7840664,-0.5334583,-0.34915367,1.0652378,1.6473379,-2.879699,-2.15025,-0.7174968,1.8897035,0.09734878,-2.2029529,-0.8576828,0.20729968,-0.66159195,1.1502389,0.18378204,-1.6764175,0.8273104,-1.0355546,0.33604172,-1.3891987,1.7911829,0.59319866,0.49273372,-0.27499864,0.32220533,-0.17199126,0.103425816,0.9518451,0.68156123,-1.6561795,0.6430108,0.6972893,0.15443952,0.089226745,2.2920272,-0.37299547,1.1379143,0.5826822,-1.3813323,2.255443,-0.45481238,-0.5000911,1.2801538,-0.38720983,-2.873146,0.55097973,0.0017163785,-0.15968157,-1.2537054,-2.3382204,-0.76268405,-1.0052575,-1.3301088,-0.44514602,-0.91723645,-0.92892724,0.9939585,-0.39232215,-1.6573385,2.868594,1.5346448,0.66556615,0.5066006,1.8747653,1.8837078,1.0287892,-1.6192579,-1.0244468,-0.08286843,-0.8191413,0.009847349,0.4854856,0.32617712,-0.18689615,-0.77022684,-0.5399177,-0.6524882,1.2916255,0.6042437,-1.3778821,0.7010733,1.1421939,-0.8866267,-0.19061185,-1.5906416,-2.6016233,0.73717076,-0.59585726,-0.86632717,-2.6156933,-1.0423083,0.17058554,0.2504997,0.27946597,0.57841665,-1.1542245,1.1166047,0.35256004,-1.4218,1.0816947,0.4197872,0.56536776,-0.26042292,3.3994634,0.2902915,-2.4289794,0.9960501,0.354745,-0.9566639,0.19004168,-0.6831831,-0.57265455,2.351547,1.4460043,-0.76925695,0.41461036,-1.5820812,0.6066685,0.5934793,-0.9805549,-0.76917565,-0.7042952,1.0429977,0.39047405,2.9774735,0.9090884,1.4363407,-1.1089231,-0.7468004,1.0801679,-1.8696126,0.88045543,0.73527,-1.0118284,-0.3405102,2.3473454,0.426061,1.5062833,-1.8067896,0.7892155,-1.910502,-0.64624566,0.8477546,-0.30029702,-0.36484283,-2.034535,0.18820643,0.41433316,1.3086346,1.7263526,0.6276132,-0.56996334,1.6054196,0.38530624,-0.49676377,-0.14552881,0.5434745,0.63271874,-0.03141752,0.022482397,-0.4601758,0.5776269,-0.80056727,0.5465034,0.6075937,-0.5641487,-0.29517293
Q9P253	-1.6263876,-0.04031419,0.8226625,-1.6060661,0.19546631,1.9184726,0.3962242,0.82703704,0.34996125,-1.0660493,0.0766388,0.99391985,1.0316595,-0.93491536,-0.79186505,1.3481662,-0.33795375,-2.5691922,1.6762546,0.7877706,-0.7718562,-0.5426803,1.659727,1.5066966,1.2360097,0.180106,-0.6009199,-0.24961491,-1.0457872,-1.6253501,-0.28465438,0.57744753,0.05571184,1.485283,1.0372431,-0.42075515,-1.3311372,-3.0424411,-2.5782416,0.4519657,0.059560925,3.2359753,-1.6902202,-0.38981485,-0.0714206,-0.8160695,0.22672532,0.62830234,-0.16149732,-0.8320531,-1.2236458,2.2648873,-1.7715497,1.2618749,-0.5287146,0.21805868,-0.9957054,-1.227819,1.2664444,0.37823105,-0.8545223,-1.0896475,-1.2203729,1.5486041,-0.5352549,-1.3432528,0.6555503,-1.5218332,1.522137,0.268691,0.33881152,-1.4668361,0.94542176,1.9481262,-3.019271,-3.738355,2.238993,0.48414546,0.37506494,0.6823584,1.8637105,-1.4342426,-2.334534,0.57150525,-0.16824359,0.53775144,0.2022948,-0.5935969,0.86813027,1.3305913,-0.7427186,-1.0127337,-0.31287563,0.2626423,-0.55424684,-0.6646309,2.52215,-0.7335534,0.6682437,-2.0057294,0.9241078,0.07093383,0.5810132,-1.1754246,-0.41466343,-0.43011656,-0.27329257,-0.20373973,-0.85831827,-0.5051025,-1.3830316,2.0459836,-0.4195875,2.5276015,-2.375905,-1.5316036,-0.8518778,-2.2425597,0.93319947,-1.2127695,0.28621948,1.8598332,-0.64922684,-0.14584592,-0.6111613,1.2874653,-2.8105395,-0.7217782,0.26185536,-0.15616773,-0.7858157,-0.9685715,0.16423194,-2.2594342,1.5005467,2.3342314,1.1125749,-0.3779561,0.78797966,0.6616296,0.8505533,0.7987399,-0.9102355,-0.11494906,-0.66504526,-1.0626433,-0.4542595,0.22076298,-1.3997135,0.6966044,0.39559665,-0.546335,-1.9313715,1.1300437,1.5743656,2.2355828,-0.7416331,1.9287125,-0.4504776,-0.8108639,-1.530147,-0.62393975,2.8151212,-1.4929538,1.6912388,-2.4413655,-0.7683053,-1.546734,2.993958,1.8082542,0.693555,-0.99173933,0.95150596,1.7750983,-0.6524916,-0.9091568,1.5709331,0.68475294,-2.2174313,-0.83757746,0.37554705,-1.3379608,0.79173934,-2.2556515,0.07700466,2.0717413,-1.3360972,0.12639551,1.179294,-2.4627273,2.163571,-1.176208,-0.09041195,0.9206706,-1.5659933,-2.258866,-0.0038247874,0.76731086,-0.92974865,-0.05672964
Q9UKV8	-0.34867102,0.06328007,-1.4234806,-0.40282252,-0.90321773,-0.5894594,1.3485912,0.06356089,1.315135,-0.691629,-1.3116703,0.43376946,-0.13092956,-0.75878066,-2.2262197,1.2982173,-0.44104505,-1.0870745,1.0181983,-0.16975828,1.178918,1.0223703,0.55632645,1.4241537,-0.3853783,0.20010659,1.3280063,1.0161947,-2.0743196,0.39986187,-0.83329904,-1.3212862,-0.20465946,-0.62584525,-0.29836044,1.1131654,1.1341779,-1.6439116,-1.1137577,0.6504565,2.1128037,1.1700956,-2.4185357,0.44571185,0.104389474,0.030288871,1.3234073,0.770028,-0.79623383,1.2269102,-1.6674052,-0.1756255,-0.3145292,0.44624406,0.07301798,0.6394178,-1.792109,-0.013881941,-0.5418145,-1.3607216,-0.2831075,-0.016962241,0.38863042,-0.41376033,-0.5812047,0.31444302,0.96981114,0.92366815,-1.0160384,0.04080357,0.07006801,-2.7100627,1.7263781,-0.13675246,-0.25624368,-0.07605051,-0.14858156,-1.5333352,1.3530117,-0.6127091,1.6193898,0.47275692,-3.415175,0.59298736,-0.05654842,-2.209592,-0.77204823,-2.3604245,-1.2353797,1.697098,1.5357071,-1.2855291,1.2380736,0.09290553,0.4641372,0.83189553,-0.3325979,0.1801853,0.92771083,-1.6717577,-0.03069476,1.5547596,-1.338195,1.692274,0.06711275,0.26796666,-0.27314082,0.14402245,-1.567191,-0.46417233,0.8984665,0.57402134,-0.67272913,1.1717111,2.2760773,-0.9902327,0.52182066,-0.41845486,0.24581958,0.37953556,-0.51734036,0.044828292,-2.8745635,-1.6262556,-0.294898,-0.50623715,-0.47640324,0.26256683,-0.013682243,1.0614812,-0.29262218,-0.31781578,0.58582103,-0.30977088,3.295806,0.7946353,1.7951063,0.8074848,-1.6810133,1.462875,-1.4217626,-0.8973356,0.9191326,0.88053274,0.3154978,0.8308773,0.32002905,1.2700036,1.0935478,-1.7393411,0.26328734,0.5455893,-0.39112908,0.22755127,-0.12747355,0.53631914,-0.50505704,1.6200117,0.43929031,-0.8557156,-1.9724073,0.8767406,0.9857525,-2.3752403,-0.025206948,-0.26758838,-0.4470676,-0.4854495,4.2339153,-0.57186234,1.3081157,-1.2663214,-0.26693642,0.92354786,-0.6132512,1.8471613,-1.9420558,-1.2535052,-0.93017304,1.1201982,-0.29725495,0.8265673,-0.7394645,-0.71895725,-0.16825296,0.2923361,-0.24801344,-0.35436124,0.79527193,0.9178698,0.56558967,1.1415738,-0.6327769,-0.33785668,-1.6557716,0.35993853,0.96203357,1.4148779,0.12899528,-0.13196926
P60228	-0.36563614,0.50061184,-0.15804185,-1.3768406,-1.3569508,-0.9468707,1.3029073,0.55779326,0.7588726,-0.7529796,-0.46528187,-0.28654376,-0.38882682,-0.19871156,-1.9916179,1.2232213,-1.0120419,-0.92300165,1.1890421,0.5682684,1.4579195,1.7985708,0.6401905,2.4105773,0.7986489,0.40268785,-0.006005013,0.11316395,-1.9994934,-1.1280773,-2.5701566,-0.8861693,-0.416992,0.22986846,-0.2203404,2.204298,0.7168034,-2.477113,-0.4425276,-0.060214266,2.1094246,1.6968738,-2.6035123,-0.9153544,-0.017956512,0.098711655,1.1005713,-0.3538673,-0.7878002,0.29305246,-2.5509944,-1.6169188,-1.3720802,1.3581091,-1.027462,1.174418,0.36913413,-1.6997411,-0.17682953,-0.6321249,-1.5791092,-0.30637887,-0.900677,-0.6515105,-1.0954565,0.124886364,1.1418632,1.0874628,-1.3959442,0.51751316,-0.023584057,-2.1122453,2.2992055,-0.15575951,-0.4761754,0.9578877,0.643191,-0.7222462,-0.61712456,-1.4596128,2.4604886,0.39251068,-1.0377104,1.6154625,-0.80721474,-1.0644032,0.110311225,-1.3501438,-0.06813943,2.1448476,1.1332077,-1.659959,0.99692833,-0.3717796,-0.15867163,0.3085336,0.83565646,0.89448744,0.46109405,-2.0251508,0.63732576,1.0655969,-0.8498875,1.3081397,-1.043182,0.73331445,0.012839398,-0.6305128,-0.68682015,-0.67136514,0.8790002,0.5646894,-0.8431376,2.794262,1.7435153,-1.7710544,1.7433519,-0.5622064,-0.24658418,0.5747569,-1.1283343,0.3560763,-1.4420203,-1.1129029,0.75070137,-2.10093,1.0477697,0.08169047,0.18740469,1.4031616,0.91458046,-0.92342204,0.8351611,-1.1226449,3.6919606,1.2514622,1.2100902,0.37857422,-0.9907343,-0.12855521,-1.9859178,0.38594818,0.84894073,1.2657365,0.07047375,-0.25008684,0.67841834,-0.8640345,0.5032529,-1.2173821,0.08393807,-0.10950057,-1.3814483,-1.5156395,0.39421582,0.8385219,0.16044036,2.749956,-0.4102784,-0.6473689,-0.9106044,-1.2245703,1.6498144,-3.7640514,1.1560571,-0.6293108,1.006991,-0.09776919,4.2665615,0.3507024,1.8066409,-2.1540484,0.26369256,0.5964798,-0.27786568,0.43233582,-0.66208184,0.3392235,-0.40714362,0.23533927,0.37687892,-0.74717516,0.52941066,0.29307526,0.23549496,1.6159611,0.014191056,-0.9303791,0.08519318,1.0844841,0.42675018,-0.16094191,-0.26771668,-0.08210063,-0.48465672,0.08353428,1.4269712,0.74846745,-0.6353622,0.43668577
Q15006	-1.6923683,0.16942236,2.5270612,-1.1118841,0.13211557,1.2314992,0.43908876,0.53082216,0.38482276,0.34686407,-0.2536577,-0.10972163,0.2735731,-0.15343666,-0.5146042,1.4294497,-0.7926921,-0.96058524,0.88291746,0.96230394,1.0164472,-0.19366229,1.043353,1.7021767,0.9126485,0.16034955,-0.19855578,-0.9601741,-2.2452152,-2.0453079,-0.62332094,-0.24254794,-0.77166706,0.17319484,-0.076747924,0.9173852,-0.42617476,-3.7763844,-1.2902011,0.61931294,1.7654996,2.9002538,-0.9818264,-1.6774799,0.2805242,-0.23481297,0.4003147,-0.97620344,-0.19668366,-0.16710505,-2.9572663,0.017388657,-1.8314872,2.066532,-0.8523023,0.9121178,0.321479,-1.143199,0.10882861,0.39533046,-0.27099797,-0.8307696,-1.2645553,-0.06487934,-0.08757959,-0.21806513,1.0726496,-0.10404124,0.635286,0.3318949,1.5038711,-0.9501126,2.5499892,1.1728814,-1.8569835,0.11241845,1.3748418,-0.27838573,-0.8948261,-1.2472893,2.0119686,-1.1877437,-0.80216783,0.78780824,-0.32530746,-0.6833185,0.34227714,0.066452906,1.2722851,0.7254972,0.4947512,-1.596965,-0.18232313,0.6880005,0.1142876,0.05824758,2.3870184,0.9437126,1.1842586,-2.3363423,0.27023178,-0.109835,0.5644779,0.107963584,-0.8736305,0.40391594,-0.23854788,-0.45849466,-0.91485137,-0.926072,0.8950703,0.85861,-0.53556865,2.375373,-1.8714935,-2.4564729,1.2384603,-2.2007833,-0.7762562,0.8118779,-0.02559908,1.0333041,-1.8917142,-1.3900008,0.22387823,-0.2764808,-0.10522844,-0.6243777,1.4485924,1.8587797,0.7622396,-1.6809578,0.64921474,-2.020644,1.7430841,1.723345,2.117881,-0.48212722,1.2543427,0.57735276,-1.0545887,-0.6204692,-0.82773066,-0.3146916,-1.6574311,-0.59341925,0.9037078,-2.216087,-0.38277408,-0.085475355,0.7563546,-0.937035,-2.1593127,-1.1872165,-0.06248587,1.4555187,0.010317981,3.2797792,-0.7198466,0.7628077,-0.7761036,-2.1716456,2.084095,-2.089378,2.0224211,-1.6600475,-0.16571634,0.2460094,3.057745,0.68369645,1.578726,-1.1564682,1.575152,0.22227676,-0.37688532,-2.2926788,0.89867795,2.02513,-2.231637,-0.7933687,0.645616,-1.9625238,0.8831526,-0.21648706,0.33719638,2.7643003,-0.149764,-0.014536549,-0.11374536,0.7541925,0.5877949,-0.94529104,-0.12487982,0.24467488,-0.9433238,-0.69849825,1.4905847,0.27382192,-2.0449042,-0.3200077
Q9NRG0	-0.3708757,-1.440604,0.06245132,-1.8249402,-2.1142366,-1.1443571,-1.043267,1.1445287,0.60310644,-1.2760752,-0.78226626,-0.10931533,-0.84099907,-0.17361751,-2.721882,-1.1965477,-0.38770175,-1.0323197,1.79491,0.97358245,0.58852714,0.8677373,0.35302332,0.82310534,0.51709837,-0.5064141,-0.37999085,-1.4784988,-3.9564686,-2.208454,-1.2693783,-0.7135573,0.0797956,0.092012115,-0.28183824,0.2144202,0.8193242,-3.4358115,-0.7048886,-1.1195158,0.960776,3.9625278,-3.9703102,-1.3565043,-0.9495561,1.7480805,0.8287479,-1.2340394,0.36524493,1.4634932,-0.8156145,-1.6339755,-0.050063055,2.2680979,0.9147371,2.1538842,-1.024457,-0.3821469,1.8091881,1.44798,-1.7520361,-0.14653601,-0.7041211,2.7065208,-0.56064266,-1.0459173,-1.161069,-1.1743612,-0.11066781,0.99116105,-0.68565917,0.45645756,2.7983317,-0.4831726,-0.7036507,-1.3856685,-0.3599345,0.038912963,0.4091307,-1.0931246,0.98659337,-0.038889132,-1.2779616,0.453911,0.09381275,-0.62180597,-0.7083856,-0.28203002,0.4022593,2.7365143,0.3926232,-3.0300503,0.18181509,-1.7198013,-1.6430016,1.0946743,1.6360444,0.7477779,1.235059,0.30153155,0.67391485,0.79536945,-1.3471701,0.061927397,-0.10819213,0.63474447,0.20920016,-1.1052248,-0.5158438,-0.5667276,0.16659647,2.0968516,-0.6521368,3.507369,1.5160474,-2.1205282,1.355735,-0.47982633,-2.1845694,-1.5198234,-1.8865589,0.77359146,-0.3953147,-0.279856,-0.031079637,-0.86582893,1.2450902,0.99422866,1.1831036,-2.067621,-0.8859999,-2.3184736,1.3701459,-1.2500885,1.0608481,1.8554734,1.2338728,-0.30389196,-0.020602964,0.85385966,-0.07995283,0.5919156,1.2708305,1.8143743,-0.03665689,-0.61655813,1.3229384,-1.3990123,-1.0167675,0.061937213,0.15005235,0.6692578,0.4352672,-0.7162793,-0.08489547,0.29744086,0.14468987,1.8055888,1.6626244,0.38615403,0.5495929,-1.449868,1.4845122,-1.3410517,2.427552,-0.7761081,-0.5553566,-1.7221694,2.7541397,2.1337483,0.78895164,-1.9380347,-2.94606,0.10216573,0.571354,-0.85907364,0.9216102,0.73319024,-1.0697124,0.57876927,0.63340944,-1.1292143,0.3017315,-1.965462,0.82886314,0.43406034,-1.5687829,1.7607089,-1.3025949,-0.88663214,-0.34879267,-0.9511465,-0.97293407,2.572094,-0.2589184,-1.30474,1.0944765,0.26382762,-0.98843706,-0.20795494
P14866	-1.0174233,1.035966,-0.14838096,-1.4502354,-1.779139,-1.2598583,0.49760506,-0.1535474,2.236648,-0.7880703,-1.4366097,0.39839077,-0.8162442,-0.8628334,-1.9660252,-0.27661172,-0.98866326,-1.5802085,0.64569753,0.031497423,2.1284416,0.80557764,1.0790267,2.588669,0.41015998,-0.1522851,0.5970276,-0.107858285,-2.5781567,-0.97517633,-1.0917113,-0.94683915,-1.286383,-0.26161906,-0.8826888,0.9020278,1.6667365,-2.0507543,-0.17703801,-0.83734787,1.8872967,1.5479207,-2.6889088,-0.6684787,-0.48660722,0.72088027,0.9358665,1.0362931,0.7776616,0.8909014,-1.916558,-0.872136,-0.37961283,1.548428,0.23211125,1.4552885,-1.3542731,-0.1951373,0.26970702,-0.6572697,-0.7456446,-0.60706306,-0.4024384,-0.10310146,0.18419199,0.019236358,0.36997035,-0.2001954,-0.5900139,0.394247,0.58428234,-1.7849466,2.170564,-0.016533671,-0.22681594,0.058608525,0.71570617,-1.091304,1.7146384,-1.4131433,1.2770178,-0.17138721,-3.2890275,1.3044387,0.34767398,-0.7107536,-1.0621574,-0.5129246,-0.12066015,2.135468,0.79921746,-1.7721341,0.68065387,-0.38305238,0.056111217,0.5787595,0.79938096,1.2445308,0.8128268,-1.9153644,-0.60737514,1.1473081,-0.49431163,1.0688577,0.70492876,0.3974179,0.2378099,-0.93307245,-1.0710033,-0.3819636,1.8273667,0.8188229,0.017259985,1.6076443,2.173864,-1.5702184,0.1967795,-0.56974417,-0.090409204,0.11220164,-0.88767785,1.0672345,-3.17132,-1.8482302,0.8864312,-1.1446087,-0.54177827,-0.45275256,0.38663253,0.3552,-0.7764709,-0.44526428,-0.23323168,-1.1945846,1.957152,2.1378567,1.5884522,1.1886157,-0.313372,1.6374743,-0.9882395,-1.6487377,0.295643,1.6285006,-0.024447063,0.20135838,0.43834767,0.36049017,1.311805,-0.8412896,-0.22175159,0.13642275,-1.0456834,-1.3786297,0.5149053,-0.13609456,0.16780491,1.8997983,-0.0038623128,-0.25802225,-1.4046742,-0.5703146,1.1105341,-2.3531919,0.88966215,-0.26292464,0.28634652,-0.84445435,4.5642085,0.49394223,1.1804059,-2.3516366,-1.6125183,-0.55917925,-0.69200546,0.37409255,-0.1576216,-1.3415686,-1.5125644,0.2988179,-0.05454363,0.04062009,-1.1622038,-1.0983142,-0.66089267,-0.1471842,-0.13106254,0.07975766,-0.5878368,1.1797402,0.41911888,0.29433393,-0.5510074,0.107022256,-0.32381642,0.044004653,0.26605982,1.9305559,-0.316199,-0.767594
Q15428	-0.7894848,0.7970348,0.2972372,-1.3419498,-1.8686861,-0.44449052,-0.18909788,1.509681,0.26191697,-0.7455492,-0.74014205,-1.2566104,-1.4686682,0.025194915,-3.4318204,0.6695199,-0.39875942,-3.3816974,0.90036017,0.6348902,1.6311792,0.8291904,1.3396131,2.8298874,0.34183395,0.64657634,1.5265173,-1.2230623,-2.2361023,0.5153975,-1.1052264,-1.2819947,-1.3405921,-0.21212775,0.19901112,2.9635613,1.5382085,-4.6572056,-0.7476449,-1.4773313,0.66883516,1.2124139,-2.1690109,-0.5731015,-0.28031164,0.44361314,1.5041279,0.37189153,0.5538532,0.6478081,-1.3754039,-0.9189768,-0.8067409,2.9134173,-0.13408576,0.89852774,-1.4800888,-0.53813493,0.9428338,0.17202073,-1.3752859,-1.0140667,-1.2464143,1.1969701,0.3246554,-0.045627955,0.4425864,0.5970448,-1.4132828,2.2141495,0.7062512,-1.4605553,2.8220403,-1.4912829,-0.4442597,-0.39387012,1.1097214,-2.3200314,1.9798415,-1.6055865,1.1443983,0.7396947,-2.6760452,0.8171808,-0.9969161,-0.58908737,-0.25171888,-0.93428093,-0.6516469,1.9640319,0.32479468,-1.4576352,2.063391,-0.18880628,-0.82520866,-0.051131733,2.4709485,0.13163304,2.3119874,-1.9423293,-1.36841,1.014454,-1.4502523,0.05873526,-0.3836864,1.2574351,-0.5673001,-0.36060902,-1.4281821,-1.5892012,0.98083144,0.15815131,1.0607945,2.0877845,1.2920171,-0.8032561,0.47438946,-0.6542265,-0.52166367,-0.26972684,-0.70629346,0.17620711,-2.4583027,-1.8513767,1.6861464,0.29121813,0.96079713,-0.6478291,-0.6283215,0.12966995,0.1968723,-0.3163907,0.7565184,-1.7338246,0.6216932,0.75175506,1.1747965,0.73377377,0.1508282,2.6616232,-0.5177413,-1.7245561,0.66506183,-0.08704945,-0.6541556,1.486672,2.41501,0.23046675,0.06276897,0.0012813323,0.37836245,0.66100264,-0.6218592,-1.0451466,-0.5292015,0.77493083,-0.87180537,2.2653878,0.40157187,0.65396184,-0.58111817,-0.25969455,-0.5019939,-3.2511501,1.9949166,-0.86671764,0.6637391,-1.3055644,3.2222595,0.6345076,1.691598,-2.7852223,-1.4788668,-0.5485925,1.24242,0.5392102,0.112154536,-1.1817609,-1.6383986,-0.20911264,-0.47058448,0.19271474,-0.2516428,-0.47414017,0.23236364,0.18008152,0.5526881,0.86178994,-1.3244721,0.55812764,1.2411413,0.094003156,-0.3977311,-0.9548354,0.86509115,-0.4571977,-0.078936175,1.1402801,0.060551018,0.7117546
P22087	0.15628439,-0.36533335,-0.38977274,-1.2795662,-0.7870003,-1.5574759,0.1642709,0.040265728,1.8243446,-0.48322546,-1.5347472,0.33374,-0.0469034,-0.5705505,-2.1710231,0.089152485,-1.2825775,-2.9441373,1.9056084,0.5467619,1.3515129,0.78262097,1.4921732,2.91019,1.0661471,0.23997281,-0.02780197,-0.3348618,-0.82995963,-1.5841438,-1.9008054,-0.8369188,-1.8564398,0.0616126,-0.061035454,1.5901022,0.37460187,-2.2951775,-0.7247193,-0.5245964,0.7700057,2.6293645,-1.1012019,-0.5087181,-0.39523184,0.23259541,1.3407106,0.9767413,1.3875617,0.36493605,-1.0040039,-0.9558108,-0.15075298,2.412574,-1.0241952,-0.034524515,-1.3844297,-1.8922226,0.7674136,-0.51931316,-1.8839182,-0.42870232,-0.6971797,0.75644755,-0.109402254,0.22424462,0.41858593,-0.040864132,-0.44194955,1.6569506,-1.3168834,-0.96256614,1.5608937,0.58571887,-1.2136569,-1.4255964,0.95712405,-0.29142046,0.83806604,-0.8403955,1.7178233,0.89518285,-1.8525889,0.9473392,-0.6778054,-1.9764827,-0.7958845,-0.7226896,-0.8986609,3.2232597,1.3357681,-1.4555715,0.61442846,-0.74845344,0.30942565,0.7702631,1.3672612,0.15157726,1.9670402,-1.4995767,-0.7078775,1.3083693,-0.10865381,1.2896696,-0.7897538,0.3098067,0.07367555,-0.24634254,-1.6600835,-1.7323343,0.1267038,1.0712192,-0.014001022,2.2598102,1.8434715,-0.7490864,-0.34242386,-0.5678143,-0.6296658,-0.08103568,-0.37979385,1.4818186,-2.1400576,-1.1153758,1.3539491,-0.99365824,-0.15026991,-0.7877898,1.5303009,0.5849188,0.50948584,-1.2067374,0.7343759,-2.3117774,1.5679681,2.4622245,0.99765146,-0.5379168,1.1615132,0.9497511,-1.5755206,0.13823603,0.08278944,1.0951133,-0.0959475,0.00096923916,0.025689557,-0.4690984,0.59104824,-0.2276813,-0.103502,1.4065027,-1.9315026,0.35079643,0.983493,0.010204449,0.057601936,1.3539429,-0.1733968,-0.784795,-0.20239364,-0.63155806,-0.053545132,-2.6151204,1.9162819,-0.8343779,-0.072453216,-0.6217637,4.131508,0.6316583,1.3211714,-1.0212033,-1.5121284,0.60941464,-0.45114216,-0.46381435,-0.14805752,-0.96131307,-1.1391133,-0.47522235,1.163412,0.49052513,-0.64922625,-0.415539,0.027572682,0.87186295,-0.89128464,-0.32066992,-0.6621373,0.38416773,1.5199852,0.1664667,-0.38461784,0.18799295,-0.8096487,0.30489752,0.89892364,1.0533136,0.32523966,0.6239061
P36954	-0.9051311,1.0067536,-0.050207388,-1.0220752,-1.2971966,-0.8533263,-1.1168104,0.34162468,0.1181561,-0.019987289,-0.7560865,0.67930824,-1.8745903,0.6354951,-2.4129033,0.04046686,-0.08807078,-1.5216879,0.17034617,-0.058062665,1.5441035,0.876569,0.47674903,2.3638341,-0.03602302,0.1680429,0.3877436,0.16505077,-3.3646297,0.15101714,-1.4684365,-1.3100117,0.21267956,0.25219548,-0.8020077,-0.30135992,1.6407527,-3.208374,-1.7074604,0.13581713,1.1889551,1.8883791,-3.079478,-0.12026262,-0.7320472,1.0333215,0.93968004,0.82520044,1.0334527,1.4246632,-1.125823,-0.10852675,-0.66279185,1.9865171,1.2637815,3.1364713,-2.4656632,0.2643319,1.2108444,0.11834482,-1.1286331,-1.0927775,-0.76216084,0.8933346,0.22718087,-0.09472742,-0.45254028,0.5416948,-0.7709763,-0.2792853,1.4229143,-0.48708344,2.4084253,-1.2157192,-0.54010165,-1.0634428,-0.20522687,-1.3396001,1.2291971,-1.7040858,0.663688,-1.1685965,-3.2154717,0.37250093,-0.40550822,-1.3687767,-1.0642958,-0.32575706,-0.6954114,2.1943913,0.04056656,-1.5447714,0.21866639,0.6706845,-0.63512236,-0.47309878,1.4123693,0.52003354,-0.17863713,-1.0447268,-0.14350486,1.5446973,-0.9435889,-0.26269612,1.339272,1.3077096,0.09705065,-1.1066217,-1.3569422,0.07418444,0.4655961,0.785359,-0.71746886,1.8064567,1.9203713,-1.9456413,0.54288167,0.43170285,-0.4769061,-0.1982766,-0.16063318,1.6707956,-1.2111174,-1.0971931,-0.7588286,-0.6296498,-0.10943359,-0.55504686,-0.5233095,-0.735756,-0.29078278,-1.3656135,-0.19588734,-0.4527549,1.556934,1.7236937,2.4394603,1.0514362,-0.6991477,2.2584512,-0.93101645,-0.7465896,0.90608627,1.4577572,-0.6950199,0.8339075,0.82873374,-0.68950886,-0.2994689,0.53594434,-0.9387437,-0.054309357,-0.013607338,-1.0882018,0.16871597,0.42491692,1.1467832,2.1454537,-0.33208025,0.19746779,-1.8863466,-1.348002,2.611482,-1.0684881,1.2103484,-0.87711436,-0.5279391,-1.3433949,3.9443483,0.5249399,1.5958016,-2.2963653,-1.9777921,0.08737485,-0.6382281,1.2285244,0.48528206,-1.2579857,-1.2944232,1.0895615,-0.9445991,-1.0210232,-1.1678963,-1.7068434,-0.64458966,-0.4857634,-1.0248489,0.028182078,-0.7888168,1.311263,-0.21396878,-0.60616803,-1.875571,0.23758732,-0.41416726,-1.1861827,0.33204192,2.1165826,0.38019714,-1.4487816
Q02543	-1.3997977,0.49896735,-0.31003925,-2.5143826,-0.5011047,0.02624874,1.1748319,0.26623145,0.99945027,-0.21129555,-0.5346964,0.7886954,-0.84839666,0.42063236,-1.539169,0.86716527,-1.2454787,-1.0468202,0.93553567,0.42008045,2.0740125,1.1575391,1.5560259,2.0595129,-0.22148755,0.023451487,0.08607295,0.49877313,-2.6370692,-1.5347211,-1.3093916,-0.3494083,0.4731,0.13866544,-1.0343534,0.62626624,0.72164035,-2.4826863,-1.6696472,1.4461799,2.3330145,2.4713845,-2.1467,-1.5040656,-0.5347786,-0.18581857,-0.081411,-0.22460917,-0.8421674,0.45438787,-2.5782866,-1.0689439,-0.7779436,1.4863691,-1.2513759,2.8431563,-0.25881264,0.080464326,-0.27830556,-0.14341469,-0.539648,-1.432888,-0.3038306,-0.440547,0.35808715,-0.13263133,0.5509616,1.4199361,-0.34170175,-0.34462512,1.4075131,-1.3172609,2.895993,0.23903371,-0.55401736,0.18201922,-0.12458413,-0.5917896,0.31197947,-1.8140521,1.0712003,-1.7124653,-2.4074779,0.62799925,0.13590817,-0.7367936,-0.6477302,0.19845793,-0.62528884,1.7781936,0.317547,-1.8951455,0.8378488,-0.31057605,-0.14836547,0.011085498,1.011949,1.7208133,-0.33114135,-1.5030324,-0.17885646,1.3627795,-1.1674162,1.2642927,0.5369182,0.45948696,1.1150446,-1.5247774,-1.472499,-0.68002135,1.4537336,0.5985961,-1.4341137,2.1156864,1.6249164,-1.8573732,0.44504714,-0.89159477,-0.3646456,1.1730554,-0.6073482,0.35577002,-1.8378363,-1.762045,0.78814536,-1.7262622,0.08858274,0.24311094,-0.24442427,1.0398458,-0.21057402,-1.6078366,0.23915775,-0.37320325,2.7946649,1.378568,1.8391074,0.44712022,-0.45743227,1.0685343,-2.0927055,-0.51135033,1.1106001,1.5684997,-0.7880768,0.18409482,0.24531184,-0.86139655,0.90571636,-0.13445094,0.03271553,-0.55263734,-0.88014144,-1.6488715,0.6718026,0.9588312,0.20758192,1.7865206,0.017345836,-0.46404415,-2.0203989,-2.3290606,2.9563687,-1.6738741,0.82602847,-1.0084604,0.2746812,-0.6188643,4.2161574,0.947482,1.9981928,-1.4421109,-0.55235827,-0.070328966,-0.8731798,0.15499097,-0.6998767,-0.27919418,-1.836567,0.48786867,0.34145957,-1.1329995,-0.66819775,-0.38072473,-0.71183884,1.3137646,-0.06046396,-0.82218593,-0.121955305,1.1021951,0.022934083,-0.42828378,0.1369646,0.6345496,-0.5509174,-0.42986897,1.082627,1.8502928,0.257959,-1.4618185
Q3B726	-1.7179443,2.093823,0.92084813,-0.18188295,-1.1750122,0.26314643,-1.0903499,0.7448115,-1.3077445,0.3295917,-0.53416437,0.58581823,-3.2568638,1.22762,-2.4506893,1.0111362,1.456379,-1.8627789,-0.2920937,0.19856858,2.6032095,1.7439023,-0.7025575,3.1133087,0.6105647,0.29197487,-0.020585606,-0.96742266,-3.7444255,-0.7559678,-1.9813474,-2.0253692,-0.762385,1.7914896,-0.85950094,-0.045372985,2.3626006,-3.7719646,-1.9795411,-0.1405391,0.58454025,2.052422,-2.5783293,-0.54137886,-0.1136462,0.6337906,1.5082991,0.8464243,1.2426358,1.3519686,-0.8930456,0.2044624,-0.8673758,3.1693153,0.8609467,4.0920606,-1.3777333,-2.1122296,2.1945062,1.6779572,-1.7302905,-1.2174722,-1.8403895,1.3438271,0.038436037,0.0976463,-0.42233542,0.74716336,-1.3855882,-0.4898413,1.8480209,-0.062238116,1.9313797,-1.557276,-0.6873307,-0.68708175,0.94463927,-1.9761449,-0.2954907,-1.7565522,0.63619196,-1.9322821,-2.0888739,0.08146967,-2.0394104,-1.422928,0.7580487,-0.15230758,0.98095274,2.1720467,-0.9716595,-0.72066873,-0.5463926,1.5016868,0.524625,-0.7479284,3.1639237,1.6227888,0.78294975,-0.81037736,-0.35337368,1.3543667,0.17367136,-0.12856705,0.6178909,2.2120829,-0.19518739,-1.2035487,-2.457192,0.5951185,0.652739,1.0090703,-0.998387,2.4790847,0.47538444,-2.5344973,0.5557661,-0.4926478,-1.0943092,-0.28006917,-0.49053943,1.5949812,0.9144849,-0.6579935,-0.26433203,-1.5338796,0.7774809,-1.1701694,-0.9113777,-0.1891482,2.1065662,-2.3510942,-0.19769831,-1.596324,1.2944541,1.981281,3.2885633,0.2789249,0.9933231,1.1742995,-0.9917054,-0.46374145,-0.381186,0.13845332,-0.40281928,-0.27915072,0.8822063,-3.7004952,-1.8174468,0.8192159,-1.6595125,-1.1881095,-0.6956334,-2.105467,-0.99424577,1.2956853,1.8505963,3.8297558,-1.073854,0.7579762,-1.2594477,-1.3929075,2.460867,-1.5486534,2.1805134,-0.9974619,-0.7304342,-0.3071378,3.3659775,-0.12770124,2.5236735,-3.5822885,-0.642004,-0.3838014,-0.6822601,1.4181747,2.0092838,-0.5301628,-1.1578602,-0.14575928,-1.5786132,-1.6974665,-0.8997192,-1.9012125,-1.2038885,0.28619424,-1.6743854,-1.3745704,-0.94240415,1.9220567,-0.27687058,-0.96086407,-2.2765844,0.47720197,-0.11653388,-1.277165,0.061030548,2.3355827,0.8170425,-0.7658228
O00401	-1.8363141,0.83769685,1.0131195,-0.97659403,-0.17233332,1.4609793,0.14377986,1.9823982,0.37307858,-0.70671016,1.1600928,0.28121173,-0.35137644,0.20613043,-1.4450248,1.9874505,-0.0872273,-1.4128239,-0.27138764,0.8020492,0.46850124,0.36613724,1.7980281,1.2160579,0.9464907,0.1646385,-0.11409082,0.060532887,-2.0440836,-0.050373476,-0.73196477,-0.3067784,-1.1554505,1.8462536,1.5139917,0.9012849,-0.8090791,-3.667038,-1.6292682,0.43380228,0.29479635,0.85856634,-2.503479,-0.5214288,0.97878766,-0.83147925,-0.14611514,1.4204559,-2.06442,0.040359825,0.10505033,0.57427305,-2.1478992,1.6674919,-1.271522,1.2452899,0.5225534,-0.705551,1.5421474,0.09487764,0.0618077,-1.3245691,-1.03423,0.72179353,-0.19199136,-1.3302536,0.24879561,-0.7837628,-0.535726,1.2555107,-1.2813115,-1.4348341,0.42750227,1.78443,-2.1347692,-1.5646985,1.5352974,-0.22068645,-0.4084905,0.31990886,1.2332587,-0.81299263,-2.3043492,0.92815065,0.47858563,-0.242752,0.6823868,-0.9051708,-1.3157437,1.1331534,-0.7087377,-1.4570367,2.463272,0.5017916,-0.33310744,-0.47164857,1.4599764,0.63973707,0.5535202,-1.3174423,-0.08733354,0.9924624,-1.4146519,-0.8515495,-0.30294815,0.9172843,0.2996217,-1.315904,-0.8700923,-1.2339611,-1.0097337,0.7216033,-0.5910454,1.3237739,-1.3470501,-0.110635765,-0.7408752,-0.15154575,0.11328119,-0.7175774,0.06024019,0.3043485,-0.42121276,-1.0879476,0.3769735,0.9601752,-0.04829386,-0.6526835,-1.2622051,-0.9543993,0.11824439,-1.767367,0.6336534,-0.68373054,1.1764809,0.4887023,-0.015592513,0.78910935,-1.6647131,1.0961132,1.0947738,0.8035099,0.59580916,-1.0096205,-0.45011833,-0.5428973,0.80979514,0.34811237,-0.8924518,-1.2896621,-1.0153435,-0.37911958,-1.0519485,-0.14883071,0.63141316,0.9104526,-0.61832505,2.0240433,0.5622385,-0.56005746,-0.44187993,0.58524585,2.086469,-0.9192704,1.4317391,-1.2976367,-0.38690352,-1.846887,1.9647349,2.1597638,0.3365158,-1.6933396,0.08746518,1.0435787,0.7293205,0.1750474,0.98204046,-0.5704652,-1.7514169,-0.5993457,-0.12614575,0.70518416,0.7914713,-0.85221505,-0.568628,1.5491201,-0.6500993,-1.2239183,0.665131,-1.9904718,0.4521956,-0.9848449,0.61111796,0.25700137,-0.33795774,-1.2073303,0.5530594,-0.4053746,-0.34826988,1.5318996
P35244	-1.2958798,0.3815491,-0.6466178,-0.95129746,-0.96599704,-0.09221739,-1.5962967,0.6041333,0.28817502,-0.6258862,-0.41223755,1.55989,-1.7193315,0.8114912,-1.7438676,1.0967863,0.03150856,-1.6644986,0.77664334,-0.40013415,0.39465556,-0.087506056,0.41621014,0.10126728,-0.517374,0.69365126,-0.2683098,-1.359133,-3.2540233,0.41008937,-1.4999955,-1.8000345,-1.0757558,1.3550597,0.32846856,-1.1548462,1.2105244,-3.0085824,-2.743831,-0.8780271,0.6469271,1.5369858,-3.492476,-0.46243954,0.3825561,0.23121914,0.59747344,0.8015445,0.06887561,1.236111,0.21708542,1.0500789,-1.424132,2.7204306,1.6430358,1.5213292,-1.9886501,-1.0838689,2.133222,0.8838859,-0.8022856,0.292445,-1.0083488,1.3169439,0.6838626,-1.0571557,-0.5856627,0.24899721,-0.08960513,1.278984,-0.41087267,-0.061262462,1.7142593,0.10347502,-2.1361752,-1.8318672,0.57930225,-0.9281447,-0.024329707,-0.44219455,0.52231884,-1.6516466,-3.3032455,-0.089847885,-0.47174317,-1.5279365,-1.1036037,-1.3897375,-1.3081458,2.4096093,-0.28541178,-1.1137681,1.019163,1.468205,0.43976766,0.090073116,1.3231039,0.769836,0.91087025,0.2875208,-0.31758115,1.6027199,-0.42755893,-0.81840634,0.59013295,0.7714637,-0.16219133,-1.8815582,-0.8756149,0.24622723,-0.61645454,2.0319617,-0.6506944,1.4911164,1.7101635,-1.3669564,-0.43496892,-0.25129947,-1.5199897,-1.2686192,-0.6998352,1.612298,-1.71602,-0.01317843,-1.5766023,0.037635338,-1.1338679,0.18394767,-0.11596749,-1.9544543,-0.5189149,-1.0591351,-0.37068152,-0.6546424,1.3355708,2.3474886,2.2034564,0.92939395,-1.4889789,0.7627583,1.7981211,0.6833906,0.8276297,1.1651399,-0.26938277,0.12469818,0.18969461,-0.3026903,-1.5961443,-1.1069384,-1.0726645,0.2884265,-0.25039437,-0.40750086,0.14369084,-0.3365646,1.679781,2.2019286,0.83396244,0.3358679,-1.51543,-0.00354707,3.0162446,-1.4575866,2.1267514,1.1432625,-1.8927839,-1.8324012,3.262947,0.973182,0.8680105,-1.5438538,-1.1339725,0.1579431,-1.2376683,1.7713077,1.3174713,-0.91655195,-1.6543934,0.6439433,0.43009466,0.5775943,0.0015993175,-2.6641307,-0.7834815,-0.51772374,-1.9777747,-0.4373303,0.30921137,-0.55226874,-0.0005693374,-0.315962,-0.91710734,1.4909953,-1.3882517,-2.0754888,-0.08248433,1.0860445,0.0015115096,-0.50241464
P25787	-1.6761949,0.6007168,0.06956271,-0.83781433,0.5724837,1.4226565,0.6059404,0.7664776,-0.22702107,-0.3687284,-0.11605449,0.028658396,-1.7897894,0.42336744,-2.5336967,2.29437,0.14080556,-2.1853316,0.39338556,-0.04172721,1.4207063,0.39324197,0.6034845,-0.18773761,-1.0498369,0.28772366,0.6508234,-1.1489416,-2.8013518,1.5011388,0.037427265,-1.9830084,-2.086393,-0.21489057,-0.7541568,1.0277729,1.5707668,-2.9173806,-1.9159266,-0.5757323,2.2350404,0.033778086,-2.2623734,-0.75517267,0.23524216,-0.4723054,1.0593588,0.42894128,-1.4353575,0.609215,-0.9022574,0.3244339,-1.4489787,1.774384,0.91608393,1.0566851,-0.16762887,0.2220749,-0.38790447,0.21280381,0.9652083,0.4266673,-1.793897,0.6306511,0.7884933,0.07648304,0.051595416,2.221562,-0.620834,1.0685143,0.87430537,-1.3835175,2.4393158,-0.5605249,-0.6035191,1.7082425,-0.38078272,-2.6185977,0.6483809,-0.15112472,-0.2697794,-1.1860092,-2.4742737,-0.30392617,-0.96174186,-1.7087097,-0.5864959,-0.9389465,-1.3239584,0.29874125,-0.4269563,-1.6343263,2.7721863,2.2030435,0.6091481,-0.05851981,1.804737,1.9564229,0.96976566,-1.6664336,-0.8806889,0.14447391,-1.1048527,-0.02685283,0.21837975,0.69317925,-0.2318612,-0.684302,-0.37289098,-0.8635794,1.4382887,0.47219026,-1.0471566,0.44818518,1.0970641,-1.305466,-0.025024166,-1.0811121,-2.4983616,0.53511477,-0.2160546,-0.7281733,-2.603435,-1.2561553,0.20270921,-0.06131394,0.3730612,0.22841384,-1.5088129,0.770273,0.81748503,-1.566982,0.8612575,0.1958286,0.23189081,-0.47098723,2.868932,0.38565692,-2.1255016,1.343364,0.4144211,-0.9312256,0.41438115,-0.9641438,-0.5225266,2.3992114,1.3593214,-1.258184,0.7351031,-1.725727,0.57205516,0.27694926,-1.3192648,-1.3350792,-0.34800938,0.8278995,0.65742356,2.9106724,0.9869084,1.475484,-0.89484507,-0.963679,1.0158856,-1.9797621,0.9095748,0.72335726,-1.2091179,-0.5851341,2.5182061,0.6278099,1.7565012,-1.9516549,0.82726437,-2.3522747,-0.6732684,0.54911476,-0.1603532,-0.5217728,-2.028807,0.11895068,0.4335364,1.3514873,1.5598712,0.2905229,-0.443506,1.7154775,0.1670207,-0.70359427,0.22787528,1.0405958,0.36482695,-0.022604626,0.25133547,-0.4381393,0.80400383,-0.537002,0.90467596,0.6955305,-0.74565494,-0.1175274
Q9BYC8	-0.99294984,0.60934466,0.67513597,-2.4174442,-0.62347597,-0.40301442,0.46861154,0.2257471,0.51000035,0.49382588,-1.1355356,0.14788677,-0.83700323,-0.108837254,-1.8377079,0.23344415,-0.3027583,-1.5384833,1.1003711,0.09028834,2.533432,0.26554832,1.6048121,2.1003318,0.81018114,0.026854303,0.39604557,-0.6092508,-1.8391013,-2.4508564,-1.4086262,-0.88017094,-0.347226,0.1863371,-0.96777683,0.3814665,0.54364824,-2.9410515,-1.2003195,1.6501513,1.9054726,3.976712,-0.2631379,-1.4633498,0.24500296,-0.6552743,0.09438992,-1.0064101,0.8317467,-0.95187175,-2.0508049,-0.54005706,-0.63715965,0.6723912,-1.0902383,2.8400905,-0.60445106,-1.0334003,-0.38142702,0.8823057,-0.8504178,-1.8493936,-0.95605946,0.023779668,0.36182144,0.24343947,0.18595754,0.26791936,-1.1016906,-0.37721735,2.446841,0.02473102,3.3072126,0.2519466,-0.50263363,-0.36561918,0.56382877,-0.17313825,0.45806435,-1.48062,1.9022663,-1.538262,-1.0496374,0.51864547,-1.0811589,-0.81636953,-0.2198954,1.3466301,0.0955733,0.6080792,-0.0011200554,-1.110084,-1.1961874,-0.02448412,-0.6119568,-0.7008817,2.627406,1.913599,0.27161595,-1.5551333,-0.6140538,0.51040125,-0.57053816,1.456224,-0.38057593,0.43684527,-0.30064437,-1.262207,-1.4894575,-0.6516553,1.4570208,0.6199364,0.11309647,1.8835324,0.8215629,-1.8058735,0.7901607,-1.563417,-0.094458885,0.927939,-0.08439235,0.7953259,-0.48292643,-1.3746216,0.3902319,-1.3417042,-0.68549055,-0.88738626,0.15718587,1.5932482,0.70534974,-1.8560776,0.75441366,-1.6291622,1.5054985,1.6082485,1.6208103,-0.022606853,2.579827,1.6477817,-2.0124838,-0.36195654,0.16142674,0.43008304,-1.0823522,0.27832124,0.36365736,-2.0162778,1.1881523,0.88665193,0.8151338,-0.9740834,-1.4703634,-1.4756042,1.2630441,1.4495989,-0.07082259,2.0551813,-0.40979567,-0.072280906,-2.0118873,-2.8491855,2.41991,-1.7282763,0.8998406,-1.5355059,0.042409934,-0.23360823,3.1187823,0.21923998,2.50542,-1.7135559,0.02920014,-0.98163664,-1.6607012,-1.5425718,-0.3226712,1.2087379,-1.9700031,-0.29356113,-0.27902335,-1.8040881,-1.0290256,-0.80122364,-0.87889844,1.432983,-1.1960158,-0.058682177,-0.55638474,1.4676841,0.70089835,-0.74336094,-0.7115635,0.84144485,-0.63225454,-1.5285268,0.9107053,2.0544722,0.04522138,-2.0337417
P60468	-0.30066654,0.66959965,0.07597924,-0.9189889,0.0825258,-0.014397278,2.0835133,0.6437261,0.25866005,0.8973639,0.056513637,-0.43760133,1.4723366,-1.4024734,0.029518137,1.659721,-1.71306,-0.68673635,0.77293223,-0.68368703,0.1376472,-0.004734729,0.81864095,1.4006504,0.9899249,0.35673955,0.3420922,0.111607105,-2.03378,-1.4182678,-0.6978083,0.032097347,-1.0329446,0.18998092,0.86795014,1.8335855,-0.8962343,-2.5433729,-0.8523485,1.2392919,1.5278486,2.3254378,-0.36497304,-1.2672111,1.1758078,-1.2885572,-0.67086595,-0.81065494,-2.2286732,0.19196248,-2.6717005,0.038600337,-1.8642012,0.28863022,-2.178383,0.25752375,0.023479752,-1.7842072,-1.5208966,-1.0171093,-0.80904406,-2.0083532,0.644209,-0.79807997,-1.1494426,-0.06120055,3.2008278,0.7054223,0.86126006,0.5715122,0.26037154,-2.038018,1.5852805,1.208179,-1.6389374,-0.4473604,0.90879244,1.3540266,-0.21573605,-0.92515177,2.3867023,-0.022389425,-1.1999431,1.428709,-0.32687864,-1.081782,0.24132626,-1.176099,-0.0233196,1.5185243,2.0343492,-0.43287158,-0.28392074,0.4457319,-0.36609185,0.58630025,1.5171461,0.90781593,1.620125,-2.9853745,-0.7032731,1.307152,-0.070942454,0.03292248,-1.552935,-0.1622402,-0.44800165,0.33327374,-1.6834356,-0.7146828,-0.5001043,0.302416,-0.55209535,1.5433451,-1.0756772,-1.1909208,-0.2237838,-1.8522096,0.4592887,0.69062763,-0.1892368,0.8333117,-2.5024788,-1.9100682,0.17195009,-0.19179869,-0.011107148,-0.4795919,0.7250889,2.9518356,1.2894515,-0.59087473,1.3103763,-1.7625233,4.4108057,0.7829213,0.61294395,-0.22677708,1.3076739,0.07056186,-1.9973592,0.08010538,0.06998698,-0.5104533,-0.3644278,-1.4741588,0.38149855,-0.20255111,-0.647495,-0.6807726,-0.18101704,-0.6173194,-2.2769163,-0.16400973,0.7445419,1.9779203,-1.1731277,1.8217065,-0.914043,-0.90128654,-1.7841313,-0.71871364,1.1806126,-2.889485,0.46927482,-2.0382888,0.6276049,0.12116149,3.2407734,-0.52783316,1.3781053,-1.1751897,1.5552526,1.7522949,-0.09868463,0.33430892,-1.1072108,1.5373166,-1.3993284,-0.46451437,0.22362682,-1.5579121,0.5128325,-0.690625,0.5679196,1.9853253,0.48486084,-0.75528526,1.4152249,0.22642848,0.4733214,-1.2792748,0.7776532,-0.6232778,-0.6052621,-0.8626981,0.9599613,0.9484064,-1.884356,-0.3026154
Q9Y5J1	-0.81881386,0.29415727,1.2361828,-1.5530978,-0.7025387,-0.5660171,0.3555714,0.7109256,0.028714627,0.3188914,-0.61706704,-0.49929276,-0.81674165,0.066884145,-1.7115476,0.3949077,-1.2278756,-2.3038201,0.99486345,0.36361775,1.3454136,0.51830035,1.3171607,3.2842262,2.022753,0.084022015,-0.2072579,-0.85494107,-2.0501955,-1.3564808,-2.1276853,-0.55138487,-0.90133804,0.61281353,0.27186057,1.797718,0.30143484,-3.76156,-0.7075138,-0.09633689,1.2772472,2.3490086,-1.3602192,-1.0662977,-0.12665527,0.7140796,0.5773925,-0.17553733,1.0719903,0.28190404,-2.345388,-0.43420398,-1.5499501,2.5716965,-1.1464267,1.2317754,-0.37511533,-1.83264,1.0933671,-0.15674879,-1.9706669,-2.0410323,-0.87795234,0.12700833,-0.3138784,-0.31002775,0.64007837,0.7167371,-0.39909697,0.9276978,1.0237358,-0.46009603,2.5080957,0.28692207,-1.6322858,-0.38092002,1.763072,-0.24881129,-0.10286418,-2.1674519,2.1621318,-0.72008026,-0.9169283,1.1291101,-0.8268912,-0.6396749,-0.078158855,0.3841316,0.26882994,1.9804089,0.31976467,-1.5282134,-0.11169966,-0.45041555,0.012820404,-0.45906597,2.5044446,0.37507758,0.50659746,-2.4141884,-0.55404776,1.1280046,0.14289425,0.19871157,-0.24996246,1.2283658,-0.011598766,-0.90378046,-1.573483,-1.1865,0.6070291,0.61682576,-0.14518315,2.3125958,0.69601566,-2.6402483,0.35468397,-0.7537028,-0.3302037,0.24872664,-0.1878434,1.322332,-1.0366281,-1.5033146,1.1954706,-0.75432163,-0.044687703,-0.8486257,0.95066893,0.82503384,0.44343725,-1.3182386,0.07031108,-1.7532072,1.4916829,2.373035,1.0286038,0.28565982,1.4507499,1.2260193,-1.6102585,-0.922768,0.4670339,0.335752,-1.4637274,-0.43918076,0.78981996,-1.5671728,-0.3013697,0.6404482,-0.23177184,0.07968887,-2.367365,-1.6306682,0.584186,0.9665979,0.14876643,2.5256674,-1.1730939,-0.41435477,-0.6242218,-2.2891648,1.617259,-2.0517142,2.310299,-1.5553726,0.60108304,-0.9954044,4.260546,0.46146882,1.4588046,-2.1628656,-0.7771831,0.84355265,-0.42774534,-0.80130804,0.72909963,0.2773099,-1.3737224,-0.8149798,0.38803986,-2.0629332,-0.7240263,-0.41466916,-0.16818044,1.1495087,-0.046452273,-0.70221627,-0.57714003,0.63493884,0.6471929,-0.81325334,-0.45800662,-0.38461444,-0.43114635,-1.0177187,0.5319683,1.2855753,-0.6245579,-0.584672
P84098	-1.381482,0.3114458,-0.299265,-2.2688346,-0.57658464,-0.02224438,1.0799683,0.38246232,1.2178397,-0.24439482,-0.67133564,1.0418203,-0.71426755,0.40674084,-1.6631203,0.8836804,-1.2949314,-1.0321856,1.1802012,0.39126825,2.0103953,0.9965766,1.49812,2.0143776,-0.070529744,0.048446715,0.039386924,0.4100231,-2.3899784,-1.4684705,-1.4629055,-0.50576544,0.2709303,0.16178057,-0.7917514,0.6997642,0.68988204,-2.3970888,-1.4557142,1.3319839,2.4302487,2.3151107,-2.0467107,-1.1948366,-0.2950249,-0.06087479,0.22102918,-0.21597598,-0.6433598,0.40098825,-2.699203,-1.1059943,-0.7988524,1.5700141,-1.1163039,2.571296,-0.22148934,-0.030621707,-0.009767738,-0.2653937,-0.30934304,-1.2124817,-0.36337912,-0.5345432,0.23863082,-0.14365134,0.35619026,1.3897265,-0.5816731,-0.14253534,1.2378275,-1.4299974,2.9129736,0.43665278,-0.6160598,0.40159786,0.09449312,-0.40246245,0.3130419,-1.9196265,1.647161,-1.4683846,-2.2314353,0.36686382,0.053966723,-0.8325706,-0.71404403,0.107556395,-0.5856057,1.6802149,0.4616081,-2.0831416,0.9480398,-0.40134543,-0.01949338,0.11032444,1.1237743,1.5899667,-0.3315687,-1.530961,-0.24814516,1.2435839,-0.89614743,1.4499743,0.33021337,0.27127272,0.951538,-1.5966036,-1.4595447,-0.64780277,1.460609,0.6744607,-1.3541193,1.9537928,1.7968216,-1.6914182,0.64950985,-1.0708866,-0.40454292,1.1970427,-0.56622535,0.43376228,-1.8249793,-1.7544669,0.80192244,-1.737965,0.072640456,0.21141967,0.14113232,1.0388784,-0.14839102,-1.4084605,0.17923978,-0.50825506,2.5667887,1.48157,1.6055309,0.18742415,-0.63595647,1.0604222,-1.9919688,-0.71007043,1.0725758,1.3993703,-0.927187,0.22677891,0.27476013,-0.9532981,0.9661409,-0.16815498,0.112058856,-0.46199265,-0.8412815,-1.7274653,0.94450706,0.98670334,0.03571676,2.19636,-0.08200261,-0.34493977,-1.77505,-1.959795,2.5540776,-1.7168028,1.1785427,-0.91404396,0.29289588,-0.5448017,4.198375,0.86630476,1.9670035,-1.3884896,-0.49926153,0.06695251,-1.2962785,-0.09519582,-0.71801746,-0.25747123,-1.7568034,0.2970086,0.32566333,-1.0982374,-0.6552271,0.003093013,-0.8392854,1.3795599,-0.04947902,-0.68512654,-0.1970356,0.9850522,0.21547754,-0.19040948,-0.14636725,0.46650723,-0.7168461,-0.47049835,1.0857619,1.562426,0.15224843,-1.4169661
P63272	-1.3713236,1.2269185,-1.1251273,-1.2514353,-1.8912357,-1.1795654,-0.6914762,0.9173605,-0.040933862,0.8032015,-0.23474546,-0.23746416,-2.4658232,0.83478737,-2.8014567,0.48755175,-0.4417302,-1.4186985,-0.4061592,-0.11800611,1.9131774,0.7751081,0.46714178,1.4303625,-0.9667666,-0.45766765,0.9844337,-0.13167441,-3.9871962,0.64137685,-0.42215127,-2.183359,0.13372941,-0.2825208,-0.6614608,-0.08771756,1.2173611,-3.4369361,-1.6029866,0.10408001,0.90864974,1.1239266,-3.0253866,-1.0428646,-0.23699011,0.2505804,1.0522745,0.308207,-0.8193252,1.8258556,-0.36924708,-0.3266582,-0.18137492,1.5648949,1.0371382,2.7432685,-2.1343715,0.14674084,0.7193509,0.6685459,-1.0109798,-0.51096475,0.46754235,0.7618851,0.1524753,-0.23573866,-0.6687949,1.4454318,-1.1075939,0.12127514,2.0214455,-0.4512769,2.788332,-1.6282098,-0.17257573,-1.8005444,-0.1524151,-1.382897,1.2821712,-1.1885542,0.47905353,-0.22694929,-3.0351524,-0.80667275,-0.08597015,-0.78998077,-1.0936494,-0.6357058,-1.7562425,2.1338813,0.67093796,-1.7344723,0.5959902,0.613313,-0.89991325,-0.012965632,1.4650499,1.3283287,0.4843616,-0.77104014,-1.0555512,1.592458,-1.6793876,-0.30640575,0.70995134,1.7307128,-0.37987363,-1.6836214,-2.0207462,0.39073643,-0.026280247,1.186325,-0.310638,1.7507639,2.2113826,-1.0696174,0.7213649,-0.52753067,-0.90388185,-0.5005085,-0.39327794,0.2736936,-1.8803529,-1.2919438,-0.24030644,0.59039444,0.6024288,-0.019718545,-0.84307796,-0.6810685,-1.0569264,-0.834476,0.9470684,-0.62407386,2.1174235,1.7420647,2.5433035,1.0987813,-1.6518481,2.9662528,-1.337612,0.29086137,1.6855607,0.7124792,-0.22562942,1.4084092,1.1260111,-0.022571182,-0.7518963,-0.54648805,-0.7865946,0.028085332,1.0017926,-1.8059665,0.55199057,0.59263915,0.355493,1.1511396,0.79833496,-0.13440098,-1.9818027,-0.65151423,1.4805536,-1.8955907,0.58776724,-1.0210688,-0.17412348,-1.169453,2.854797,0.5753599,1.0445464,-2.6484215,-2.1765473,-0.19784062,0.34143463,1.8235149,-1.2552667,-1.213456,-1.3765059,1.3117644,-2.0429492,-0.10347003,-0.7670785,-1.7298656,-0.26335126,-1.2358639,-1.6016923,0.51741236,-0.81890666,1.4615026,0.46813956,-0.42034206,-0.8444963,0.5216612,0.5069839,-1.8429394,0.6012415,2.2313724,-0.20148216,-1.9336485
O14653	-2.0976834,1.1660095,0.55999625,-1.722979,-0.10050842,2.4563644,1.775681,0.5825637,0.4124343,-0.47325456,1.1036183,0.4376365,0.25072443,-0.8580348,0.25291127,2.4861887,-0.7256115,-0.5394552,0.2573679,0.12491616,0.090603225,0.44149137,1.2868221,0.4987362,0.36857805,0.53016806,-0.29058322,-1.1116608,-2.7215726,-2.4815972,-0.5507854,-0.23503052,-0.94425327,1.2730172,0.13954714,0.09319429,-0.7712077,-2.7262948,-2.3929412,1.0197443,1.2819188,2.6923566,-1.1270565,-1.8324779,1.4490523,-1.8060105,-0.1924048,0.2552254,-3.0318387,-0.66517335,-1.7381586,1.3752843,-2.042783,0.5235952,-0.44586623,1.7719743,0.17373262,-1.030086,-0.6988426,0.46811363,-0.5272403,-1.0480616,-0.46800652,0.4111018,-0.1386924,-1.032171,2.0632875,-0.4497367,0.9059535,-0.23404981,1.7326686,-1.4093179,1.7420157,2.2678177,-1.9635026,-1.7587254,1.1262497,0.3173756,0.01909502,0.49622536,1.6175803,-2.3521752,-1.8686844,0.30140927,0.09635388,-0.122503184,0.83139926,-1.4385021,0.8820349,-0.1492922,-0.45912886,-1.1345506,0.3524023,1.2560055,-0.56288207,-0.08512778,2.6328542,2.1067238,0.90050566,-2.2044046,-0.024595743,0.05889098,0.18586868,0.25540277,-0.22952102,-0.55941117,-0.4462464,-1.2524517,-0.24338925,0.60821223,0.52781475,1.7147985,-1.4261862,2.3849773,-2.2778654,-0.8959612,-0.54117215,-2.916022,-0.30178696,-0.34974366,-0.44776884,0.89184684,-0.7015638,-0.42068475,-0.9885569,-0.22149132,-0.9586725,0.1633599,0.322103,1.6673038,-0.33303982,-2.0754182,0.5459426,-1.7348225,3.1187158,0.77325,2.0081058,0.11647291,-0.19806236,-0.41043836,-0.031601515,-0.06123849,-1.1825508,-0.33297873,0.7626709,-1.0752561,-0.4104195,-1.4286757,-0.64603305,-1.0523086,0.0070131994,-1.5863605,-0.94397813,0.14853512,0.5490746,1.8916674,-0.40600035,2.5002613,0.84520787,0.16295159,-1.8805506,-1.1248769,3.394552,-1.7716655,0.4202039,-1.6128993,-0.30723947,-0.22052775,3.1609864,0.51237166,1.8367614,-1.5005846,2.267869,-0.114880726,-2.076198,0.0748043,1.1166517,2.2591057,-1.8899146,-0.40049762,1.1318133,-1.7374703,1.3470423,-1.6443369,-0.76083714,2.0639231,-0.9788479,-0.17904244,1.981423,-0.9631975,0.33575952,-2.4900758,-0.010504349,1.1976523,-0.89816344,-1.7676088,0.051819704,0.5915778,-0.8306589,-0.34177294
Q92830	-0.25990555,0.54797614,-1.1043661,-0.3207651,0.20330647,-0.20975651,-0.284377,0.21472038,-0.023263851,-0.033583533,-0.34826002,0.26653212,-0.49691793,-0.07293027,-1.3902524,1.6093836,0.14497137,-1.108493,-0.85495794,-0.24568354,0.03653749,0.72143835,-0.30927703,-0.20113443,-0.53777254,0.73370284,-0.48879805,0.25746477,-3.1012998,0.4317217,-0.22893976,-1.4862489,-1.2018695,0.7054959,-0.07363797,-0.077548884,1.0888447,-1.7130493,-2.4772053,-0.042102158,0.38606304,1.0806905,-2.8016162,-0.37132826,0.4661544,0.1751073,1.0166248,1.422841,-1.7556347,1.7314156,0.75581753,0.15368417,-1.4577926,0.90583694,0.9432449,0.61193657,-0.68904835,-1.2128708,0.3048291,-0.427753,-0.75908446,0.6755857,-0.63041544,1.2320155,-0.065088235,-0.43382174,0.3092074,0.870289,0.2523174,0.5570334,-1.5246799,-1.2421237,0.41500324,-0.4896131,-1.4879583,-1.5043021,-0.25385314,-0.46178672,0.9976947,0.6564149,-0.781358,-0.62148356,-2.9165916,-0.40228835,-0.21522614,-2.9104993,-0.077624634,-2.1348763,-1.2775384,2.55291,0.6476904,-1.2156874,1.5816596,1.8173982,0.2700396,0.5926013,0.11757727,1.2573854,1.2913173,-0.59766966,-0.52036756,0.93043524,-0.47930297,-0.16556498,0.36851704,0.40144223,0.30299267,0.5217174,-0.52259916,-0.25437787,-0.8648636,1.572147,-1.4552714,0.8035904,0.69119304,-0.92839396,-0.7355029,0.7041531,-1.8925934,-1.0759095,-0.50588423,1.0339717,-1.8141385,0.07622425,-1.1255257,0.38267916,0.4741532,0.21119982,-0.7810119,-0.03565643,0.9762149,-2.0723586,0.56250334,-0.57600045,1.664137,0.8762715,2.292884,-0.04110037,-1.0503906,-0.41437194,-0.2244268,1.3783658,0.004361261,-0.1468017,0.95133454,-0.14857149,-0.14959526,-0.79073876,-1.1160526,-1.3986142,-1.205122,0.6378629,-1.1004409,0.5799217,-0.5430816,0.3910992,1.1106427,1.6311116,1.1608515,0.25276616,-0.8067024,0.8956106,0.36219463,-0.5941065,1.0385386,-0.22925757,-0.71864986,-1.1349697,2.306657,0.4720113,0.7493973,-1.102559,-0.6504099,0.14828408,-0.051247932,2.0709946,-0.04177006,-1.2207595,-0.74166125,0.92670524,0.09279144,0.67987114,0.6796332,-1.5501796,0.19394499,0.5585741,-1.2390116,-1.0201169,0.87300724,0.092421144,-0.5867322,-0.7084845,-0.10183775,0.6649846,-0.056795824,-0.48023415,1.0739266,0.44568172,-0.6310752,0.6421859
Q9P0M9	-0.8099432,0.607026,0.63641506,-2.3789144,-0.537974,-0.48398104,0.3913693,0.32270816,0.7020013,0.64001405,-1.1689408,0.15756397,-1.0932807,-0.043553125,-1.7515409,0.36447492,-0.37806466,-1.3542691,0.98938686,0.041944865,2.4846935,0.1888846,1.5660504,2.3013568,0.53238595,0.05408527,0.44788224,-0.5239574,-2.0729272,-2.22945,-1.4715598,-0.8975266,-0.30436087,0.24904375,-0.7913047,0.55851656,0.49671566,-3.1437094,-1.2671059,1.5713595,2.0100622,3.9404848,-0.51115334,-1.4446484,0.12137703,-0.75014967,-0.014556195,-0.9126756,0.64618254,-0.8645534,-2.013049,-0.44754112,-0.8658148,0.5784486,-1.1442174,2.9184372,-0.61058503,-0.9135507,-0.576111,0.7207967,-0.71447444,-1.7904388,-0.9767798,-0.08294683,0.22220798,0.158752,0.5459514,0.37168434,-0.99162436,-0.27968442,2.3331676,-0.26764667,3.358382,0.42159325,-0.41461873,-0.35147554,0.30937213,-0.03016475,0.2848902,-1.4321308,1.826215,-1.5023053,-1.3509718,0.6683758,-0.9863162,-1.0443505,-0.29568237,1.0573627,0.030439919,0.8266705,0.06370296,-1.0630943,-1.233548,-0.03607772,-0.70006585,-0.57104,2.4286118,1.9515936,0.26405337,-1.7119244,-0.68445957,0.47777334,-0.89953816,1.5193963,-0.15499152,0.39720353,-0.29456723,-1.1255985,-1.4051474,-0.65083396,1.4408256,0.5867922,-0.12897857,1.785763,0.93446296,-1.9381274,0.7864514,-1.4256601,-0.26003158,1.0120265,-0.081154,0.98292214,-0.80240756,-1.3745152,0.17981589,-1.2200615,-0.6562898,-0.87059784,0.01418041,1.642142,0.88174164,-1.9518932,1.0322837,-1.3303652,1.8313161,1.4125056,1.7657993,0.14958037,2.299849,1.5537423,-1.8924159,-0.32814065,0.3045951,0.45722806,-0.8825249,0.33674845,0.37207252,-1.8802462,1.2885668,0.84853196,0.61846274,-0.9328912,-1.4661496,-1.3763343,1.3160356,1.2949357,0.14669794,2.132273,-0.4946793,-0.046238545,-2.006785,-2.8942058,2.4670153,-1.7895848,0.9353113,-1.3034656,-0.03201141,-0.40110153,3.4416165,0.20581089,2.4013157,-1.7536377,-0.10601376,-0.81605065,-1.5539559,-1.2622778,-0.5063384,0.98319733,-2.054866,-0.09098798,-0.2542484,-1.5693368,-0.84038556,-0.8944198,-0.77136207,1.2824057,-1.1668587,-0.294809,-0.45278504,1.416014,0.5671171,-0.7988996,-0.53765684,0.7467435,-0.6343717,-1.4739484,1.088799,1.8985566,0.16073918,-1.9383993
P24385	-0.29354993,0.26308683,-1.3004103,-0.70208174,0.040086366,-0.092142195,-0.22535336,0.9813708,0.41099504,-0.27598354,-0.1571289,0.22651967,-0.7596869,-0.40161243,-1.9757012,1.1777858,0.1627308,-1.2913744,-0.19539918,-0.4407298,0.11395179,1.1242821,0.035929356,-0.5309536,-0.8200053,0.30453762,-0.5725606,-0.30976012,-3.3928492,1.198591,0.046757035,-1.2799615,-1.3337163,0.4226543,0.16731448,0.09220974,0.6886403,-2.6696095,-2.1966898,-0.043957897,0.38993204,1.2551397,-2.5594528,-0.69636804,-0.11513002,-0.33546644,0.090019144,0.65460384,-1.5024098,1.1263225,0.79411787,0.40789407,-1.3694307,0.8840438,0.85341865,0.8909678,-0.501175,-0.45692444,0.38548845,-0.68487793,0.010470271,0.3376233,-0.8738587,1.4158791,0.01620195,-0.26104668,0.41500023,0.5281719,-0.045690544,1.5711877,-1.230508,-1.0641854,0.82281053,-0.24138749,-0.97309005,-1.1593252,-0.25091502,-0.38105616,1.0516902,0.17023197,-0.58132416,-0.5756334,-2.319084,0.3780034,-0.39129907,-1.4010583,-0.6981811,-1.6636369,-1.8972632,2.0770998,0.19159845,-1.4271908,1.6981528,1.1326911,-0.994147,-0.17778516,0.755715,0.578412,0.81709063,-0.8163722,-0.7570304,0.7012128,-1.0002109,-0.53415656,0.84256834,0.15872124,0.012662055,-0.054057248,-0.4755544,-0.51032037,-0.8803371,1.4040158,-0.63472944,0.5825105,1.3148056,-0.5948561,-0.8856719,0.4827086,-1.4145188,-1.4663994,-0.7989794,0.14538307,-2.0867448,0.019612636,-0.88980365,0.6228606,0.9983008,0.12533541,-1.6410646,-0.31082898,0.5911263,-1.301331,1.2559612,0.1554274,0.87314475,0.40075636,1.604074,0.7696127,-1.7502797,0.6287958,1.4171441,1.2966906,0.9528362,0.38106346,0.21135435,0.5672197,0.41847762,-0.5262359,-0.09492747,-0.33176267,-1.0951033,0.90671086,-0.70902276,0.55855334,0.052254144,0.22894782,0.7289694,1.3584449,1.6406981,1.0714934,-0.20013985,0.6076379,1.2303644,-0.78123194,0.75838166,0.47090253,-0.4673412,-2.067103,1.8059156,1.1126102,0.5851764,-1.3293877,-0.685751,-0.45183975,0.13578139,1.3324404,0.26718158,-1.0988591,-1.0646069,0.9844188,0.48231086,0.53501505,1.0288365,-1.2474768,0.20657039,0.3090636,-0.37373322,-0.32520667,0.93932486,-0.69159555,-0.5404548,-0.772258,0.21815616,0.78919625,0.36800516,-1.3900057,0.91421616,0.09069915,-0.27295506,0.27030537
Q9UMS4	-0.41635817,0.2412886,-0.30748993,-0.68864965,-0.867616,0.5681112,0.3043787,0.25113812,0.99035835,-1.372075,-0.61687696,0.16398011,-0.903368,-0.5033415,-1.8927797,1.7063733,-1.1215729,-2.1979237,0.9262083,0.389331,0.53670365,0.4420566,1.4011463,0.97704405,0.21577908,0.56269836,0.3641444,-2.0652907,-2.531497,0.99618167,-1.7932245,-1.9238936,-2.0177433,0.015755719,-0.022578929,2.013509,1.9910502,-2.5283346,-0.8901074,-2.2979076,0.9863467,0.561216,-2.4380136,-0.4980296,0.022574818,0.61821884,1.0653355,0.95228434,-0.2883799,1.4958682,-0.7636281,0.261144,-1.149718,2.0625494,0.9690112,-0.39493677,-1.5605612,-0.34213603,0.5610052,-0.6338634,-0.32397792,-0.098774344,-0.66892487,0.3931737,-0.059379812,0.10202017,1.3620522,0.44222233,0.010068063,1.3604723,-0.5342017,-1.6646155,2.0209577,0.25120163,-1.221627,0.33568138,0.6142754,-1.7530806,1.0494828,-0.4236404,0.92201555,-0.13367964,-2.9137444,0.3138288,-0.4828661,-0.821661,-0.7331178,-2.4581394,-0.56591123,1.7948958,0.40590185,-1.618019,2.4082341,0.56843984,0.15946153,1.0628593,1.1249566,0.967746,1.5960779,-1.968421,-1.3251302,0.09327487,-0.44613376,0.5255309,0.9931282,0.25759888,-1.1398559,-0.6789692,0.06653552,-0.019560833,1.516373,1.2748631,-0.34409085,1.2488908,1.7406942,-1.025526,-0.3682741,-0.8687349,-0.9945739,-0.65346533,-1.2408938,0.7181235,-3.02861,-1.2125137,-0.5065976,-0.6001017,0.2730784,0.99298567,0.78591233,0.102092706,-0.5336606,-0.42867833,0.25547507,-0.37162584,1.0158625,-0.14379449,2.1996574,0.90359753,-1.7623489,0.38567415,0.9081894,-1.6819104,0.61244524,0.2564508,0.7337827,1.1663815,1.4859414,0.21090132,0.31593195,-1.7113918,-0.30096397,0.80069464,-0.5541238,-0.9804311,-0.9389093,0.23171511,0.48308316,2.8882778,0.7679911,0.9240619,-0.28389278,0.25131533,0.21923143,-2.4882622,1.4192289,0.8332212,-0.3928995,-1.4109696,3.8764014,0.38826463,0.7086379,-2.269358,-0.62160975,0.30780068,-0.7003609,1.9019496,-0.11764217,-0.7926653,-1.091054,-0.24878739,0.6002697,0.4880126,1.1835382,0.1516983,-0.588568,-0.052751288,0.16442269,0.563957,-0.44609678,-0.5366251,0.07994613,0.3171378,0.10274769,-0.34063414,-0.21862327,-0.2230292,0.16750456,0.51194036,-0.110721365,0.57301545
Q9NW08	0.24350175,-0.696761,0.26715225,-0.75438607,-1.1191746,-0.7273948,-0.8910636,1.2417657,0.25977707,-0.67665946,-1.444602,-0.1832397,-2.6879368,0.16805607,-1.9145684,0.13379687,0.9856109,-1.2678702,0.99239516,0.9521937,0.8862251,0.61930704,-0.8542998,1.7075661,-1.3328141,-0.21297725,0.79245645,-0.6236901,-3.1642883,0.99963766,-1.0296872,-0.6783854,0.6417939,-0.10489703,-1.433048,-0.019303072,1.3194348,-2.740384,-1.420049,-0.86408067,1.4466817,2.5028603,-3.4527228,0.016674519,-1.1195276,1.0635979,1.1509079,0.20902596,-0.14308268,1.6362579,-1.6149095,-0.5685039,-0.49908316,1.4714606,1.53823,2.5211778,-1.204391,0.6461058,0.95926046,0.33188894,-1.0717522,0.09695545,-1.7342714,2.000006,-0.8498338,-1.1364498,-0.1353288,0.10567965,-0.49813485,-0.5299535,0.68902904,-1.9567124,2.6822789,-2.0535867,-0.004729,-0.67932576,-0.7622431,-1.7779304,0.5859981,-0.82417697,0.9399415,0.6164152,-2.83904,0.1531245,-0.8446913,-0.591153,-1.3104296,-0.92067844,0.1348405,1.957618,-0.0419813,-1.5196075,0.08055425,0.4409583,-0.9083242,-0.23644911,0.13010837,-0.8073837,-0.14433053,-0.6977289,1.4539478,1.2481488,-1.8998567,-0.59501135,0.47719863,0.5243345,0.40203777,1.2116967,-1.5486695,-0.935729,-0.17119314,0.50595,-0.74870425,2.2670584,2.6574466,-2.5431373,2.118268,0.45706573,-0.03909292,-0.6754232,-0.5944698,1.5322139,-0.9801546,0.2292919,-1.1502188,-0.79121447,1.107812,0.94654393,-1.8891336,-1.218286,-0.3873484,-1.0786958,1.4729743,-0.25814444,2.1178927,1.4498265,2.2804122,1.0176253,-0.69766206,1.9804815,0.33311886,0.111808345,1.5251004,1.5602633,-0.9183025,0.6594624,1.4689165,-0.58733386,0.37508732,0.66107464,0.56224155,-0.37128004,-1.0956817,-0.76874757,-0.33152407,-0.18901977,0.7469521,2.6646068,-0.023919143,0.5264061,-1.4139845,-0.80293435,2.0670896,-1.8495033,1.388634,-0.27256095,-1.0779661,-1.2851467,3.1103046,0.97604644,1.9874996,-2.0785284,-0.59595025,0.98583865,0.87551856,1.2146605,0.4596967,-0.9429671,-1.2585915,1.1882143,-0.5923949,0.5802381,0.394142,-1.765621,-0.041475885,-0.2376259,-1.0575702,-0.2285828,-0.38931984,0.60185325,0.17689207,0.50961447,-0.94141185,0.5798273,0.056318894,-0.13910736,0.52626395,1.0142468,0.09450315,0.48404413
O15145	-1.9302133,-0.17254022,1.160978,-2.046337,0.20537756,1.5141032,0.0529047,2.0839608,0.4622974,-0.75292194,-0.61814165,1.3589536,-1.22261,0.49678394,-2.501995,1.7571157,-0.14475556,-2.3995073,1.3946545,1.0114851,2.2582707,0.07258707,2.6985283,2.343942,0.14078757,1.0833889,-0.35528433,-0.055888146,-1.4397755,-1.1957654,-1.128474,0.0940209,-1.2157624,1.3356954,0.68331325,1.5471231,-0.6755819,-4.4525075,-2.2447612,-0.0026312314,0.6791584,2.4095595,-2.1135015,-0.9860835,-0.07567852,-0.71471894,0.6356756,1.3382087,-0.3456171,-0.8315458,-0.5303529,-0.025245834,-1.4153843,2.1678154,-1.8105893,1.4600244,0.28068438,-0.8072632,1.1606451,0.2061863,0.0049713943,-0.8621483,-2.451634,0.8219306,0.20166557,-0.5513578,-1.4304097,-0.6357691,-0.32500204,1.1311814,-1.4972563,-0.41849202,1.8472899,1.5172825,-1.5122501,0.57606536,0.63135946,-1.0365622,0.2526379,-0.22309898,0.59815186,-0.89567834,-2.2425597,0.30051765,0.7474378,-0.9473143,0.5524453,1.2303236,-1.7231026,1.8532807,-1.5575458,-1.86278,2.1535068,-0.35960624,-0.20186642,-0.11812996,2.3869247,0.98499477,0.033327848,-0.75518465,-0.455272,0.057662807,-1.96964,0.00554464,-0.89461666,0.7615721,1.03754,-1.106021,-0.4892433,-2.6753924,-0.46160686,0.80354047,-0.6038915,0.9185621,-0.011677317,-0.93720055,-0.5442593,-0.9891121,-1.1835753,0.32999238,0.07440349,0.56976277,-0.7672404,-1.7421166,1.1294222,-0.40832394,-0.22092736,-0.9323657,-0.54032236,0.42222238,0.6072502,-1.829594,0.73615867,-1.0422423,0.15429738,0.71709514,1.4620768,-0.3430692,-0.57005334,0.8465818,0.5097905,0.9911902,0.2907425,-0.31009078,-1.4422389,0.92347,1.6239018,-0.9076422,0.30370903,-0.27247843,0.336366,-0.102991775,-2.0520496,-0.8502911,1.0176313,0.40394446,-0.16715944,2.4331264,0.20033453,-0.33475146,-0.20804556,-0.5792251,2.7429893,-1.2742826,2.4193616,-0.67141914,-0.6767546,-1.01614,2.372712,1.5721126,1.5916693,-1.2921096,-0.68315244,-0.087304205,0.40788054,-1.101632,1.1057911,-0.29688346,-2.3233428,-1.0597124,0.74903005,0.59002316,0.78940964,0.7186376,-0.5848159,3.1409733,-0.4535588,-1.6573747,-1.0327536,-1.2681804,1.2240748,-0.042006917,0.29208785,0.11490768,-0.48310596,-0.48471206,1.269327,0.05183376,1.078235,1.0727322
P57740	-1.4509156,1.8146923,0.22577046,-0.36458176,-0.7356934,0.04842917,0.009926389,0.3686708,-0.95777375,0.05309299,1.3328022,0.7454434,0.14219256,1.446074,0.36604992,2.7878919,-0.5296712,-0.7745284,0.08803723,0.031991694,0.77723527,0.67224365,1.0180545,1.4697626,1.4999281,0.12265258,-1.0386953,-0.1286962,-2.2576022,-0.069940895,-2.9312735,-1.5652049,-1.8235025,1.814583,0.9738779,0.11137035,0.44067484,-2.4178977,-1.7934436,0.1392355,1.2929505,-0.110966004,-2.1366608,-1.4299989,1.0378474,-0.016420072,-0.54777765,0.32409945,-0.76065624,1.5560209,-0.8141386,0.2518459,-1.7870125,2.0262659,0.14395261,1.1056182,-0.15325338,-2.527762,1.1091322,-0.05095583,-0.8295015,-1.203732,-0.41566283,-0.5682663,0.36483005,-0.14302722,1.3069667,2.2267795,-0.19758445,0.54359144,-0.26919514,-0.8258996,0.60862345,0.14226791,-2.7209322,0.1886207,1.6199504,-0.42962557,-1.0623103,-1.1892688,1.8275938,-2.459152,-1.7200534,0.46477768,-0.8638754,-1.3327963,0.22561626,-2.2403169,-0.7012391,1.728316,0.57798725,-1.1093227,0.8560517,1.1556685,1.4222724,0.5544387,1.4932784,2.2135248,0.8563886,-1.9308742,-0.9734294,2.010079,0.67298687,-0.29858777,-0.17843841,1.1420916,-0.19485827,-2.4671352,-0.96966153,0.93070185,1.1906155,0.9400997,-1.6288261,1.620596,0.24957691,-1.7724761,-0.18830645,-1.1051053,-0.21331799,-0.31131402,-1.1418955,0.28716725,-0.7776951,-0.7946328,-0.19964164,-2.0137684,0.26001048,0.12334785,-0.120779246,0.29987317,1.0012475,-1.0259781,-1.2495294,-0.12233606,2.971618,1.2455754,2.120333,0.85053265,-1.994271,0.06588359,-0.41326588,-0.93082124,0.4700222,0.04226936,0.24836805,-1.1730297,-0.009994687,-1.4603815,-2.3619907,-1.4517437,-2.4520743,-0.9876473,-1.1071302,-1.7260841,0.8604294,1.5444899,2.053927,2.7938268,-0.65188485,-0.12045588,-1.1373689,-1.3094338,2.4572964,-1.3832048,1.867595,-0.19412354,0.014403655,-0.6892848,3.8463674,0.018358473,0.94672275,-2.074813,0.6616103,1.5819306,-1.5729085,2.0937555,0.3927127,0.14390138,-0.9734333,-0.26125285,-0.16713639,-1.4134337,0.016457034,-0.9264429,-1.5381207,1.1736547,-0.288272,-2.117819,0.7067853,0.2738627,-0.7149222,-0.56906104,-0.30496132,0.075005434,-0.9528078,-0.9818887,0.41617697,1.2307427,-1.2216812,-1.1041949
Q9NZN8	-1.2289611,0.7051888,-0.21365683,-1.1308534,-0.36090153,0.3819546,0.68770313,0.6724975,0.4039837,-0.26001877,0.40688455,-0.97449195,-1.4778728,0.53694147,-1.1408955,2.222382,-0.6989018,-1.3354454,-0.94691926,0.011745098,0.6200551,0.35464355,0.89275837,1.6303792,0.22777498,-0.16274588,0.27703294,-0.47600424,-2.9187222,0.79311067,-1.7928984,-1.0229465,-0.86211616,1.0714295,0.3388585,0.94143504,0.78480804,-2.5105915,-1.584369,-0.6306575,1.1382759,-0.059548285,-2.9745107,-0.9168798,1.0687175,-0.11181107,0.5887801,0.9366702,-1.4251989,1.4112878,-0.05624462,0.6488322,-1.3044806,0.9654693,0.118953355,0.5107893,-0.2913017,-0.6671576,-0.114222206,-0.26030034,-2.0021987,0.27301988,0.072601825,-0.2827001,-0.3679564,-0.9390185,0.43805492,1.8454874,-0.2672855,1.1239032,0.53103685,-1.3815747,1.4253955,-0.030674418,-1.3873401,-0.8571591,0.78472596,-1.2321143,-0.04980964,0.18462329,0.8083593,-0.61111504,-2.8435433,0.92492944,0.01462464,-1.1340308,-1.2123687,-2.4401355,-1.8046976,1.7093823,0.41853255,-1.1322255,1.3785139,0.5605081,-0.1899678,0.14803609,0.75791806,1.1494348,1.3779495,-2.4474103,-0.54431695,1.0222281,-1.1935985,-0.31236807,0.7230952,1.4918981,-0.34230345,-1.4422526,-0.6897558,-0.92878306,0.39238176,1.3783383,-1.2289557,1.5366825,0.2766069,-1.801086,0.12611474,0.25062934,-0.6364297,0.011020474,0.093545705,-0.26348183,-1.9361819,-1.1034515,0.16626514,0.9380954,0.099544555,0.017409246,-0.94736093,0.39267856,-0.92612404,-1.3996398,0.36014506,-0.14579102,3.2462523,0.5953273,2.0280354,1.7588371,-2.6481931,1.0344241,-0.025602873,-0.687794,1.2130132,-0.349283,0.39863455,0.56946087,0.82114434,0.16798936,-0.77556306,-3.0581198,-1.0182636,0.5227533,-0.43326497,-0.77423817,-0.7067999,0.3103365,0.7772063,1.1041493,0.077195644,-0.8588076,-0.7700286,-0.48547107,1.7629608,-2.461787,0.5451176,-0.22453721,-0.54597443,-1.1857325,3.9916248,0.5448024,0.6137777,-2.366684,-0.55795157,0.67547894,-0.04953999,2.2827542,-0.4442033,-1.1006459,-0.84037626,0.75301903,0.14216474,0.32536027,0.1630703,-1.269222,0.17486297,-0.12284575,-0.8735985,-1.3736389,0.83631635,-0.5095345,0.014176358,0.20683669,0.8077874,0.17439833,-0.30133736,-0.21063104,0.9433486,1.4031754,-1.420657,-0.09575216
P16520	-0.2653912,-0.61564994,0.5225715,-1.004168,0.72753394,1.0364068,1.0536104,1.1932498,1.2700016,0.94481385,0.0813358,-0.80192554,-0.8931376,-0.7941291,-0.91083574,0.9988705,-0.6683484,-0.62169343,1.2847638,0.31178522,-0.59206975,-0.33643013,-0.32277352,-0.62384516,-1.7895355,-0.41609752,1.0411849,-0.65952194,-1.3697385,-0.41835696,0.9441201,-0.62412745,1.1016868,-0.39103895,-0.16984142,-0.14176004,-0.7975452,-2.0148287,-2.125102,1.4421841,1.2165934,2.524848,-1.6191176,-1.5053818,1.3314666,-1.5421944,-0.037910867,-1.1614084,-2.4938745,-0.30463746,-1.489766,0.07812879,-0.7734308,-0.16040231,-0.4548244,0.38930526,2.2126226,-1.4759881,-0.6593417,0.9184788,-0.22649232,1.4538394,-0.29005346,0.8300512,-0.2560382,-1.4062028,0.9840459,-0.05873646,0.3829298,0.13856165,1.1186516,-1.7754172,1.2979745,0.06325495,-0.30470416,-0.49618533,-0.10543027,0.3431244,-1.5715054,1.3240738,1.0939647,0.4617577,-0.4566688,-0.18625301,0.2592783,-0.21865621,-0.146107,0.19897722,0.84861326,1.4271495,0.75138056,-0.8819884,0.27687252,-0.00715355,-0.53371286,0.083200246,1.3002979,0.2342394,0.9417416,-1.4253458,1.5315621,-0.5744316,-0.9790895,-0.47068694,-2.224759,-0.069469236,-0.9176943,-0.21037696,-1.0863432,-1.2139719,-1.727632,1.0215237,-0.24400052,1.3892499,-0.09400433,-1.0112206,1.4147806,-1.2626047,-1.9150851,0.87483424,-0.90568733,0.17608257,-1.2834207,0.595025,-0.3458976,1.0021486,-1.3506964,0.31861046,-0.18599379,0.7676946,0.16498187,-1.0109464,3.1193552,-1.5119302,2.0584528,1.3361067,1.9580114,-0.26275492,0.47478068,0.92063063,-0.27423516,2.7195475,-0.255281,-0.79253143,0.15270075,0.25097117,0.8795536,0.2803545,0.47838727,-0.5622596,1.9403347,-0.54704696,-1.5150672,-0.8744294,0.8457631,0.67459965,-0.65620834,-0.3204466,0.58006525,-0.4186849,-1.0080739,-0.548589,0.6681273,-2.4499552,0.28984833,-0.93403125,-0.47827172,-0.4631821,0.8094718,0.9380339,1.0857406,-0.64515096,1.1270909,0.061951805,1.3332651,-0.57857496,-1.0750929,1.7098436,-1.896611,-0.49004686,0.32645476,0.99048305,1.5925862,-1.5046285,1.1164854,2.2757945,-0.96299547,-0.30369344,0.61485416,-0.45479935,1.2590086,-0.5395883,1.1420106,1.222387,0.33351725,-1.4693067,1.9593456,0.6249928,-1.9276191,0.97429365
Q9UKT4	-0.78638387,0.34491578,0.08428809,-0.08154539,-0.5513999,0.41145787,-0.3016342,0.9400994,-0.029676674,-0.64337933,0.13700825,-0.4934916,-0.90548384,0.13965526,-1.8057475,1.8684705,0.03158016,-2.0021396,0.76069885,0.17779854,-0.32018703,0.1247712,0.21985269,0.08455564,-0.8068133,0.9550159,0.9763512,-1.274392,-1.7035881,1.626516,-1.0287647,-1.8728391,-1.7504953,0.036236662,0.8534691,1.1199459,0.6906285,-2.7710626,-2.4537477,-1.2469548,1.1714735,0.4909265,-2.7060022,-0.03841616,1.0899936,0.18393351,1.6594892,0.7670147,-1.62559,0.98899055,-0.71176136,0.42458722,-1.2840252,2.2667851,0.6399366,0.018565593,-0.79419667,-1.0671862,0.48495552,-0.18578412,-0.27878863,1.3395317,-1.1049398,1.5645907,0.3361631,-0.14826931,0.5611765,1.1368712,-0.21145701,1.746345,-0.93747926,-1.233958,1.6250411,-0.69321966,-1.5125053,0.046823572,0.15161662,-1.4436228,0.6508619,0.3302497,1.4706203,-0.025168631,-2.3802032,0.08842162,-0.7026993,-2.6471257,-0.53344005,-2.559724,-1.0113693,1.4026833,0.025941364,-1.36624,3.1917186,1.8494773,0.22843839,0.1901328,0.7562994,-0.22280113,2.5281544,-0.8568763,0.031012533,1.2281955,-1.2361972,-0.6889372,-0.892238,-0.0030941823,-0.37583295,-0.31142104,-0.5218304,-1.1329781,-0.58607394,0.39899668,-0.5425058,1.2377685,1.7712158,-1.2693294,0.3588489,-0.07773448,-1.625465,-0.66712487,-0.7933827,0.10776129,-2.039648,-0.00055406196,-0.6840536,0.2036764,0.2570263,0.5587876,-0.509428,-0.68909967,0.6765421,-0.82627314,0.6860439,-0.3021388,0.8913605,0.59404325,1.6290463,0.6021845,-2.261882,0.9277619,1.58741,0.013188687,0.6897963,-0.45502183,-0.37847796,0.89139175,0.9698314,0.2650643,-0.1487922,-1.9930733,0.17021184,0.61613905,-0.68381876,0.40092954,-1.0340635,-0.33006102,0.50981164,2.495485,1.0641208,0.48138493,-1.0373088,1.3923918,0.55316174,-2.201037,2.10189,1.4766966,-1.3376553,-1.6647038,2.4553647,0.08425206,1.0642952,-1.2176062,0.40420613,0.013336249,0.015741697,1.4848748,1.0902966,-0.14684692,-1.6486334,0.20719483,1.3572602,1.5006891,1.156488,-1.1009548,-0.14411777,0.8135621,-0.39539856,-0.70433134,1.0753077,-0.3132951,0.07507032,-0.08341276,-0.18098304,-0.55602336,-0.6352426,-0.41364822,0.5183488,0.20247151,-0.2729752,1.7441164
P25398	-1.194541,0.37745637,0.17320573,-1.8782219,-0.49033308,0.07300207,1.1089994,0.119859256,1.2807775,-0.23988357,-0.7742209,0.6636533,-0.8988144,-0.084817186,-1.5815899,0.85685694,-1.1140671,-0.8313401,0.7803326,0.26170918,1.8976332,0.8726072,0.956691,1.9019177,0.135249,-0.102160566,0.45007157,0.14628214,-2.7827802,-1.3111432,-1.2038608,-0.6160288,0.19335349,-0.11940916,-0.9986023,0.563629,0.8362326,-2.4601464,-1.0814143,1.1176032,2.487598,2.0799308,-2.2564828,-1.1538473,-0.5274792,-0.066644855,0.2215432,-0.15079741,-0.70565236,0.428974,-2.9830263,-0.36321902,-1.0534525,1.3786905,-0.63615686,2.7188218,-0.4447635,0.4486809,-0.13819642,-0.1785642,-0.342772,-1.2492292,-0.387508,-0.33279216,0.2969267,-0.14680228,0.8482233,0.984998,-0.30662155,-0.39544097,1.7462394,-1.5780911,2.779448,0.52084494,-0.8466643,0.26203915,0.058289394,-0.69544584,0.09102926,-1.7528147,1.2930045,-1.200254,-2.2381039,0.6410475,-0.0022942277,-1.073409,-0.25040334,0.26444188,-0.050478887,1.1384387,0.4918655,-1.8230709,0.74181074,0.18821065,0.2594794,0.062152185,0.8990348,1.5723128,-0.31760806,-1.7055395,-0.12468432,1.1508368,-1.0099454,1.642523,0.5862854,0.5956519,0.63797164,-1.2765943,-1.385325,-0.32250953,2.0431972,0.5473026,-1.0830085,1.8263652,1.1756328,-2.003383,0.63864726,-1.0177649,-0.571451,1.101621,-0.5922185,0.34993356,-2.0369644,-1.6721206,0.23587549,-1.3418319,-0.22765575,0.16706325,0.08877439,1.1478323,-0.30030856,-1.6219274,0.1669483,-0.67877775,2.4419162,1.0648139,2.0705507,0.55043525,-0.40371197,0.9329406,-1.8085027,-1.1117241,0.57486385,1.111645,-0.5392342,0.058439262,0.16934238,-1.1168783,1.052868,-0.27235684,0.266974,-0.48767352,-1.0103064,-1.5164529,0.20205352,0.9267369,0.054739553,2.6276026,-0.09819986,-0.104023375,-1.9655986,-2.1246648,2.7498412,-1.6035489,0.79518026,-0.8956929,-0.016310541,-0.49153656,4.367208,0.44045794,1.8464819,-1.5641298,-0.30293727,-0.13175099,-1.4251449,-0.10796376,-0.5812519,-0.18616953,-1.6265335,0.24552894,0.36898184,-1.413959,-0.46495178,-0.23948826,-0.8811166,1.2342813,0.04471011,-0.35493264,-0.06553325,1.4000025,0.08805567,-0.5587646,-0.58450335,0.3530034,-0.7619172,-0.519867,1.0028628,1.4235661,-0.06771763,-1.245136
O95476	-1.2519084,0.022049379,0.64184624,-0.14680283,0.38572806,1.929676,0.40112987,0.36607468,0.11555717,-0.1854831,0.9359906,0.47869897,1.156662,0.4916131,0.28651622,1.9170214,-0.59404325,-0.75453156,1.2786312,0.7153124,0.116835974,0.0818768,0.7933385,-0.5967721,-0.009471337,0.055494703,-0.55595005,-1.2125002,-1.7438437,0.6181502,-0.839029,-0.5370371,-0.0639802,1.0342103,-0.36034238,-0.41041318,0.69004977,-1.7156652,-1.3049988,0.37441936,1.3442302,0.6463835,-1.9651102,-1.2423943,0.7527352,-0.7050125,-0.05943844,-0.18603094,-1.7228098,1.6969199,-1.972626,0.34300867,-2.0612075,1.9527702,0.85966,-0.9402973,0.72097325,-0.8893719,0.5435519,0.18945402,0.6268228,-0.46228808,-1.4524685,-0.34129164,0.045766503,-0.58414894,1.7922134,0.94347423,1.3052195,0.041339483,0.03416085,-2.076162,0.5597205,0.5366068,-2.6034112,-0.57683474,2.1575885,-0.46043217,-1.6200994,-0.79993635,1.9024966,-1.3843797,-1.9290457,-0.4965826,0.32640278,0.5101806,-0.06758071,-2.2116952,1.3204837,1.4838784,0.6561482,-1.4200153,1.1303382,1.1912223,0.88278604,0.18726724,0.74800944,0.49831322,0.4599822,-2.2376587,0.897589,0.26452774,2.0842772,-0.74380416,0.2904347,-0.4848141,-0.14289807,-1.0618372,-0.61075443,1.2291292,0.387657,1.2951508,-1.5086668,1.9351518,-1.3693641,-1.64148,0.2727727,-2.1877568,0.5124467,-0.013270177,-1.1502818,0.49357134,-1.4530615,-0.5249302,-1.2719676,-0.80785334,-0.80415905,1.4009744,1.0208545,0.29025424,0.086709894,-0.46936876,0.17471078,-1.062742,1.5915041,1.4213308,1.5890944,0.61865604,-0.84415424,-0.50498855,0.89470327,-0.89310604,-0.15188874,-0.6776589,0.100592494,-1.143351,0.38140127,-0.9048209,-1.6197081,-1.3213094,-0.78581685,-1.1965197,-1.2365865,-1.5861007,-0.31588194,1.6053193,0.8001871,2.4636514,-0.7522719,0.7088119,-1.0603077,-0.42059946,1.668366,-1.544029,1.9971099,-0.2513926,-0.21630025,-0.7474701,2.529002,1.0334065,0.57479423,-1.3029888,1.9985526,2.0000312,-0.44353032,1.0442997,0.52823365,0.6841366,-1.9966424,-0.30931467,0.12244602,-0.68577373,1.4893644,-1.0528044,-0.9677833,1.445959,-0.5469349,-0.8013279,1.1640298,-1.053994,0.36631107,-0.8074239,1.9062253,0.30816403,-0.69470674,-1.0907415,0.24927051,0.1954672,-3.032557,0.3241136
Q9NSE4	0.16473936,-0.636084,0.7584707,-2.7386973,-0.06496049,-1.4734133,-1.9697759,0.23772782,1.628132,0.8194856,-1.9054911,-0.9733109,-1.5000172,0.054327384,-1.9220852,-0.252008,-0.12798306,-0.8727574,1.7326248,0.17838162,2.0306883,-1.4220374,1.622071,2.388579,-0.065489665,0.008545815,1.1544513,-0.6696795,-1.6979886,0.21566665,-1.1241452,-1.2391591,-0.23260346,-0.56117964,-0.7597916,-0.11527763,-0.66334224,-3.2832985,-2.0796928,0.73011684,1.3724769,4.0516524,-1.5233201,0.07929333,-0.83297634,-0.97005033,-0.25526366,-1.0515419,1.0983926,0.2812562,-1.559424,-0.05318864,1.1679939,-0.06653889,-0.32185236,2.4336932,-0.85152817,-0.53219295,-0.5358297,0.26728895,-0.7671631,-0.34215817,-1.6940458,0.5350722,-0.1184952,-0.8348147,0.24515603,-0.3581776,0.3783028,-0.5156003,2.1784966,-0.16172616,4.098447,-0.71401894,-1.0939924,-0.27381444,0.45781004,0.30833957,0.4844164,-0.96374327,2.0231037,0.03255485,-2.3513691,0.7055461,0.050055355,-2.1117961,-1.624608,1.1049395,-1.6861503,1.5175059,0.4201952,-0.7000609,-1.5109174,-0.19420098,-1.3772919,-0.4543658,0.06805498,-0.16097358,-0.3268508,-0.5157995,-0.2392177,1.1094117,-2.0940316,0.53944075,-0.5620058,0.60926074,-0.6056429,0.38751307,-1.3323005,-1.5170349,0.042854726,0.43478188,0.6899505,1.5873805,3.0407155,-3.7390363,2.0148048,0.58441335,0.09572589,-0.20314476,-0.032900658,1.9142722,-1.1331537,-0.28619522,-2.0408034,-1.3333775,-1.502325,-0.87956524,0.31786236,-0.39494267,0.7491608,-0.5844953,1.5025438,-0.76387745,2.05035,1.9010086,2.9747667,1.0944215,2.5166686,2.4662516,0.15367047,1.1208193,1.4249886,0.20958604,-1.1456254,0.7492142,0.8934131,-0.3629021,2.2677624,0.71892357,1.7712374,-1.2741047,-1.5898985,-0.52981347,2.4736729,0.0697213,1.5555202,1.0171921,-0.25868717,-1.0051264,-1.933834,-1.7106466,2.2533436,-3.3277297,0.5590995,0.47275326,-0.4260347,-1.7543957,4.1669745,0.058383927,1.5483445,-1.6210548,-0.3826979,0.7286264,-1.2179284,-1.2382007,-1.3683686,0.6363971,-2.8609774,0.7323886,-0.29115433,-0.29957595,-0.7604247,-2.0447338,-0.47892335,0.89587784,-2.4195042,-0.19707197,-0.51542675,0.8875671,1.2991806,0.01862312,0.22317813,0.60191786,-1.359527,-1.4731063,1.7552246,2.7395222,0.27312085,-2.3424
O95352	-1.8782855,0.6450761,-0.14192504,-1.0609386,1.0027578,1.9883484,0.052050635,0.13902134,0.5570179,-0.33111134,0.5748182,1.5249199,-0.74951905,-0.7038753,-0.9028091,1.955631,0.6517739,-1.7421227,-0.8223028,0.055637088,0.1848544,0.52577055,1.1765245,-0.45721656,-0.6024433,0.99725384,-0.305113,-0.28001475,-2.2499166,-0.14232466,0.51911515,-1.9480482,-1.8613287,0.68326634,-0.5413251,-0.13283402,0.47325647,-1.5695821,-3.698204,1.3025599,0.26285797,1.9747027,-0.65081006,-0.5331057,0.36018392,-0.8519464,-0.13795426,0.5271702,-2.3242486,-0.14003924,0.6259037,1.190915,-1.2343762,0.32327065,0.65587974,0.9008912,-0.9090626,-0.47968262,-1.0243726,-0.15933973,0.71031564,0.23719558,-1.1058635,1.0202758,0.55247504,-0.4504922,0.59047997,0.49834788,0.87974834,0.027001008,-0.4328887,-1.5390761,0.8166979,0.91318506,-2.0503297,-2.0092547,-0.32231966,-0.024088651,1.5811461,1.2480619,-0.54315287,-1.6571854,-3.0842636,-0.99523866,-0.9025774,-1.9011351,-0.43631068,-1.2523692,-1.5293047,0.59852666,0.05179957,-1.7477661,1.7747359,2.160857,0.44897544,0.15633392,1.0825715,0.92284256,0.74852073,-0.9044647,-0.48131308,-0.4162376,-0.43140164,-0.14820379,0.44696605,-0.63830864,-0.07198899,0.5832355,-0.806583,-0.077673554,-0.30488667,1.4437284,-0.92997605,0.72006464,-0.31293488,-0.63568956,-1.0401734,-1.0282068,-0.8956878,-1.637839,-0.3489389,0.23951599,-1.0237511,0.1433862,-1.8540448,0.80737007,-0.72469634,-0.26014078,-0.7538776,0.06842763,0.5917687,-1.8827912,0.8128657,-0.9675934,0.8375052,0.6684195,2.1935313,0.14196523,-0.5461616,-0.29081732,0.54727125,1.4219284,-0.4229892,-1.2385237,0.69274276,0.51052743,-0.51806635,-0.31994665,0.09233274,-0.69405377,0.15845647,-0.10226908,-0.79551387,0.49468023,0.83769435,1.6230625,0.5415969,1.7996361,1.1499221,1.1884819,-1.3791175,0.8999957,1.1637911,-1.0817312,0.51766515,-0.04376175,-1.1477678,-2.1845791,1.8694525,0.8932813,1.0304104,-0.38156727,1.7258914,-0.30119494,-1.6745373,0.52831024,-0.1681449,0.13937198,-2.519056,0.4600876,0.96390116,1.102157,1.6161114,-0.6533514,-0.582432,1.196931,-1.7649752,0.12554915,1.850018,-0.47169495,0.05684015,-0.7997527,0.6378255,1.1331416,-0.1494779,-1.7653942,0.63706344,0.80348605,0.3766463,-0.010439621
Q86X83	-0.8906009,0.698352,0.8392194,-0.83228564,-0.14661738,0.27703416,0.18893157,0.18484357,0.7743812,0.13492472,-0.32846716,-0.03421778,-0.26011923,-0.09951794,-0.6166307,0.9983499,-0.34237808,-0.8240437,0.39969274,0.56424564,1.100721,-0.050595753,0.67115504,0.6402574,0.15354148,0.0339631,0.15316169,-0.14777003,-1.9183487,-0.60686994,-0.2407405,-0.8393846,-0.9325084,0.0482443,-0.06997282,0.28198773,-0.13425998,-2.4780347,-1.1618313,0.063363284,1.2704979,1.8061963,-1.2194895,-0.8789452,0.14660107,-0.06916423,0.57358193,-0.44686925,-0.4441521,0.43248683,-1.5026377,-0.38469794,-0.67695695,1.4876692,-0.0006822447,1.1031947,0.024093915,-0.98303026,0.02404344,-0.01708609,-0.2996395,-0.3530765,-0.70316416,0.2846849,0.08693978,-0.42636034,0.16534817,0.12662663,0.16580395,0.4490152,0.844207,-1.1011319,2.3208134,0.115271725,-1.1861612,-0.095011935,0.674092,0.083736025,0.0035561381,-0.54900753,1.4110467,-0.43518546,-1.6616155,0.45032385,0.08469812,-0.8157848,-0.02656197,-0.21072513,-0.1676247,0.96819526,0.3838051,-1.3417754,0.54458326,0.5830983,-0.22430643,0.09723896,0.88269436,0.7339114,0.8402104,-1.5053401,-0.34301233,0.5089379,-0.26023468,-0.10808751,-0.53927314,0.29908738,0.16747038,-0.18482673,-0.7656782,-0.9740998,0.13026243,0.4176563,0.20843837,1.6235349,0.3506522,-1.3734196,0.999638,-0.88882184,-0.3839325,-0.014932656,-0.47798014,0.73808414,-1.6054888,-0.62821287,0.26500407,-0.4253602,0.16656558,-0.267018,0.13997452,0.011778982,0.2129788,-1.143449,0.72431874,-1.1171337,1.3594549,1.2452142,1.444105,0.106503606,0.2314173,1.0256884,-0.35953882,0.54453826,0.09473928,-0.22436178,-0.8959902,0.08274757,0.82497233,-0.8347528,0.37003654,-0.20553215,0.3433986,-0.33594772,-1.2408022,-0.8927387,0.43282092,0.5742602,0.2873439,2.1256483,0.41970915,0.28238115,-0.6618165,-0.368809,1.0782982,-1.8552467,1.1870816,-0.8780301,-0.29840833,-0.5412099,2.2326682,0.5690004,0.6966997,-1.1802981,0.43884704,-0.06279025,-0.23358776,-0.4092635,-0.04564858,0.63426244,-1.4853479,-0.24144231,0.33346283,-0.2987232,0.47312254,-0.70898867,-0.28605697,1.1898322,-0.4967679,-0.24644402,0.57944584,0.39452508,0.64152473,-0.20547257,0.08223488,0.19812544,-0.41323143,-0.48186365,1.0519294,0.5745398,-0.8652959,-0.03844137
Q04656	-1.9524797,0.14188445,-0.6543222,-0.54806006,0.76395285,1.8797319,0.99224854,0.7007594,-0.056373227,-0.38557804,0.37277755,0.89623344,0.574628,-0.30716613,-1.1985598,1.5422585,0.38120988,-0.97822946,0.6772287,-0.5351423,-0.2760972,0.12890139,0.10923184,0.08870051,-0.46742952,0.68291545,0.033713438,0.41460142,-1.9870132,0.3436013,0.88769054,-0.7305061,-0.38615227,0.06195075,0.14393008,0.17849109,-0.3584586,-2.142161,-2.4760938,1.9152281,0.78334767,0.79680055,-1.3204849,0.029083278,0.43438154,-0.8562895,-0.17797683,0.4751208,-2.1779244,0.32904702,-1.1835978,1.880349,-1.1425757,-0.027315337,0.17234091,0.05349198,-0.5356487,-0.11451555,-0.13583918,-0.272977,0.70121723,-0.43322515,-0.7061362,0.45929044,1.0253341,-0.31446028,1.0039856,-0.019380683,0.9707085,-0.35749868,-0.2617482,-1.6437892,0.37566078,0.26616907,-1.8397672,-1.2884805,0.07945089,-0.95907027,1.2726157,0.73658854,-0.20000513,-1.5499007,-2.0314476,-1.1541281,0.47699723,-1.8360767,0.113656975,-0.9021704,-0.49117762,0.17623398,0.25999662,-1.2200934,1.7840743,1.2015482,0.8505529,0.2818271,0.81322616,0.41899395,0.871985,-0.6796696,-0.24303748,0.51485354,0.011106863,0.19498782,-0.3997733,-0.3279421,0.06547994,0.6136892,-0.770347,0.40164146,0.103778236,1.0558083,-1.0266526,0.039272014,-0.71803415,-0.33900186,-1.3505737,-1.1271427,-0.92230606,-0.57791936,-0.6802903,-0.26748767,-1.7651335,-0.4197694,-0.9876474,0.90900606,-1.019204,0.29032424,0.16940838,0.8212751,0.31443688,-1.5043453,0.24644934,-0.79501003,0.9602963,0.32203445,2.398611,-0.0961346,-0.09405593,0.15669774,-0.09186366,-0.2291181,-0.9738114,-0.7745077,0.52889067,-0.20758894,0.22476059,-0.2221208,-0.75380576,-0.46938583,0.31334952,-0.77799934,-0.6410433,1.2274605,-0.031800475,1.8080672,-0.5762845,0.88233787,1.417726,0.71816784,-1.6579537,0.9989972,1.2803073,0.12578908,0.26131752,-0.3212063,-0.6623175,-0.47591656,1.3229663,-0.09115475,1.4245695,0.3366859,1.2091618,0.5393819,-0.5016903,0.64305145,-0.13776983,0.39099208,-2.234901,0.28431854,0.091446914,-0.16655114,0.6253286,-1.0048201,-0.28000405,1.8912256,-0.1967954,0.23676744,0.62562776,-0.16009352,-0.14568755,-0.7089733,0.21215442,0.40724945,-1.1843507,-1.109268,0.34668642,0.29278785,-1.0977026,0.7331875
Q6XPR3	-0.9526502,0.1183317,2.1682296,-1.0166837,0.25145683,0.65901625,-0.050477322,0.7529505,0.2562762,-0.56069905,-0.42632708,0.103214644,-0.034619786,0.3817442,-0.42057613,1.4907546,0.10192488,-1.1266978,0.812885,2.5230937,1.4811089,0.09580858,0.6385173,2.6198714,0.08801113,-0.47008705,0.26644242,0.92268795,-2.2552621,-1.5990248,0.12381137,0.18494406,0.6997866,1.3028029,0.28704134,0.6613107,-1.1905411,-3.6921928,-2.372892,0.8520112,1.0322869,3.705964,-2.7188814,0.12811841,-0.5803609,0.20924586,1.1873447,-0.22759306,0.36255613,0.8604912,-1.7056583,0.1770667,-0.86268073,1.3642806,-0.53315645,1.4903964,-0.009467538,-0.4306852,1.0767462,0.22206433,-1.1510293,-0.5670247,-1.1953613,1.9464688,-0.9528934,-0.6249137,-0.46159294,-0.69997174,0.8755999,-0.8928639,0.28640288,-1.1846945,1.6552609,0.46855488,-1.501784,-1.3484863,-0.67618585,0.21818261,0.14644492,0.03147233,1.5146748,-1.3169577,-2.7926562,1.3012983,0.08845039,-0.35217828,0.16997342,-0.68834627,0.3433548,2.7585554,-0.1623036,-1.8614501,0.10895139,-0.43251693,-0.80040735,-0.1436159,0.41359004,-0.6544346,0.356319,-1.6424621,1.9838856,0.3887621,-1.2403986,-0.39793336,0.0520161,0.29499617,1.1422318,0.5724187,-0.66567594,-2.337626,-1.3462818,0.6275414,-0.6322506,3.2798514,-0.7143274,-3.129807,1.909158,0.098494016,0.89847213,-0.44293946,-0.3394892,1.4925807,-0.036748737,-0.80123544,-0.23974317,0.10248579,0.15817124,-0.8391282,-0.37982586,-0.61935717,-0.20196648,-1.9930899,0.98654544,-0.80619466,2.3770428,1.7723234,2.1903439,0.2369501,-0.213349,1.3815756,-0.56157863,1.205939,0.111255765,0.4978476,-1.3206717,-0.1622425,0.7537975,-0.45945886,0.33189678,0.39478058,0.300485,-0.6864205,-1.4970335,0.4215962,0.24837922,1.1850404,0.220067,1.9189771,-0.40510842,-0.82818955,-0.078967005,-0.39693508,3.0010235,-1.840402,1.7648923,-2.2430694,-0.98875785,-1.6210849,2.6618357,1.6225528,0.33106443,-1.2771128,0.4608062,1.7973231,1.4051108,-0.49379075,1.3528516,-0.1664696,-2.0981538,0.20738193,-0.09982916,-0.596263,0.12949657,-1.9055138,0.16399439,1.8163917,-1.5237225,-1.2508552,0.6426804,-0.6787388,0.66303533,-0.043450043,-0.31679758,1.2447585,-1.5943645,0.25666708,1.1641531,0.42692512,0.5260321,1.0601579
Q13568	-0.6385684,0.0019078228,-1.4012202,-0.5972763,-0.017747635,-0.1069967,1.0169436,0.40069357,0.46575987,-1.3140532,-1.2965454,0.78188497,-1.0624944,-1.2972625,-2.3793988,0.025848681,0.10012406,-0.8029003,-0.19802846,-0.5455007,0.6703116,1.3797197,-0.8107485,-0.560118,-1.3154095,-0.27622753,0.48332843,0.42117032,-4.5177655,0.9281511,1.0981036,-1.0022861,-0.07205834,-0.710744,-1.6021321,0.043539546,2.0170417,-1.612853,-1.3667039,0.28739187,1.9408869,1.8341777,-3.5338106,-0.47024208,-0.52999747,0.975277,1.0804913,0.5982016,-2.0413806,2.0420444,-1.2249125,-0.26305276,-1.6486036,0.43485373,1.8445462,1.9436306,-1.2876976,1.4245621,-0.26274323,-0.9920466,0.34383819,-0.5453222,-0.7192084,0.98777664,-0.46168467,-0.59726274,0.22800203,0.5562452,0.16991489,-0.50761586,-0.3368608,-2.6452465,2.2566447,-0.9203003,-0.21680754,-0.7193787,-1.1129093,-0.79672194,2.3556478,-0.5843453,-0.78667414,0.004011977,-3.9768064,0.05188431,0.10987315,-1.0081645,-0.7663464,-1.3052171,-0.58386016,2.014629,0.45187336,-2.4079978,1.2324079,1.2834347,-0.9300634,0.24115857,-0.25641283,0.534794,-0.20829561,-0.89496547,0.2584733,0.31977585,-1.3298023,0.03042717,1.2068621,-0.011216161,0.7421937,1.074428,-0.76987535,0.17496732,0.058206726,1.0104018,-0.51855963,0.8341329,1.6906605,-0.92114174,0.17275184,-0.17517759,-0.9461695,-0.60835767,-1.0472965,0.56170017,-2.6714182,-1.0427934,-0.78475815,-0.25214046,0.8564679,0.80721617,-1.4792718,-0.13679953,-1.2755064,-1.4065132,1.2928511,-0.113447055,1.6082641,0.6156115,1.5648985,1.1325121,-2.006747,1.0738901,-0.3814691,0.087489404,1.5958724,0.5640169,0.233943,0.5048177,0.93183184,-0.14121303,0.42146927,-0.7463534,0.08893354,0.20148887,-0.61195165,-0.83615613,-0.53136873,0.57717824,-0.5815653,2.695522,1.7621374,1.4007821,-1.8785534,0.7224602,1.5948161,-0.87098557,0.03931541,-0.7598424,-0.49146074,-1.2610114,2.398584,1.2743694,0.8846417,-2.0375073,-0.55325633,-0.24526162,0.77516586,1.803004,-0.8052855,-1.3681664,-0.76385623,1.4945899,-0.33529264,0.5736156,0.7909853,-1.3391778,0.41324452,-0.15501738,-0.40065643,0.62460303,0.8299582,0.5267504,-0.38254392,-0.31934255,0.0043150205,0.7241316,0.6220122,-1.0596637,0.55511934,0.6251948,-0.93112475,0.16529968
P56377	-1.8908683,1.203515,1.3648363,-0.96228,0.87030405,2.257046,1.4753982,1.0497022,0.45060387,-0.6918036,0.45198056,0.5995817,1.1624109,-1.0205811,0.14906934,1.829876,-1.034985,-1.5569092,0.101647064,-0.21351133,0.7241791,0.05440278,1.2389772,0.9067855,1.0550866,-0.00806739,-0.9126629,-0.6422665,-2.5565615,-0.9550514,-0.22723368,0.3083016,-1.384417,1.6141385,0.42140356,0.13521262,-0.55795056,-2.6275704,-2.0215497,0.30920392,0.92493373,1.4107773,-0.8974752,-1.1153435,0.31125864,-1.305021,-0.23114298,1.1065053,-1.5524424,0.14968985,-1.9644964,1.6179241,-2.9795098,1.2407887,-0.35468385,0.25869572,-0.39636976,-1.0112473,0.2661918,-0.39405292,0.23841685,-1.8593056,-1.0617871,-0.2795573,-0.07232383,-0.89442575,1.9393988,-0.08823835,1.5601456,0.41320258,0.74249506,-2.295243,0.9336373,1.7787697,-3.029708,-1.3891248,2.3332274,0.11301635,0.8378889,-0.390542,0.6355124,-2.2343628,-2.7274232,0.8535488,0.01477496,0.48915234,0.47999796,-0.8040357,0.4768978,0.80458707,-0.08253743,-1.0722755,0.54670703,1.7946793,0.12849258,-0.22143018,2.2764547,1.1225579,0.78630406,-2.88601,-0.712777,0.3629634,1.2613785,-0.6518951,0.60766643,0.15916355,-0.059177604,-0.25095513,-0.5112688,0.26941857,0.5469159,1.7968677,-0.94449115,1.3245356,-2.7446542,-1.7891691,-1.7103745,-2.7174466,0.7415617,-0.9937181,-0.07545867,0.8551035,-1.9582385,-1.9007764,-0.27230543,0.885501,-1.7738353,-0.36880872,-0.016269598,1.4898661,0.26775473,-0.72256345,-0.5882113,-2.0691004,1.9222312,1.4306818,1.4969721,0.18764652,-0.15429457,-0.24313033,0.54495084,-0.95859706,-1.231918,-0.88834393,-0.14568113,-1.5012814,-0.24788132,-0.8986636,-2.014026,-0.45752943,-1.0392891,-1.1269635,-2.1909125,-0.47494453,0.9589999,2.0694559,-0.29463574,2.6642807,-0.20836626,0.34313473,-1.2035102,-0.63420033,2.866022,-1.915703,1.2131981,-1.4324511,0.33447412,-1.2658582,3.3997514,0.5596529,1.0194952,-1.782767,1.7636261,0.6180727,-0.9301381,0.0061103986,1.4835467,0.75578415,-2.4806464,-0.8996329,0.395756,-1.7260597,1.2655374,-0.97887176,-0.33341077,1.8870102,0.084485754,-0.48980072,1.7026064,-1.2032322,0.6523516,-1.7978565,0.72120935,0.5143686,-0.5760558,-1.8646872,-0.6369739,0.5611288,-2.0525832,-0.20107143
Q96C03	-1.4121119,0.04571465,0.7981879,-1.1257082,0.3737822,1.5520109,-1.063859,0.08719365,-0.7496773,1.2148976,0.13549866,-0.32108104,-0.44432697,0.1024113,-0.34369776,2.728782,-0.6128958,-1.1005303,1.0438763,-0.50427824,-0.10106118,-1.0391196,1.0440178,1.7004424,0.07375332,-0.074779294,-0.12206261,-1.4856629,-1.5543444,-1.2496068,-1.4996132,-1.2219087,-0.6383785,0.9627945,1.3048657,0.056882583,-1.4463885,-3.8002954,-3.3332646,1.7865329,0.54166365,2.3110368,-1.0623518,-1.0021036,1.5417359,-1.4764166,-0.68821377,-1.0099041,-0.54849786,0.15163343,-0.47537714,2.3231997,-0.6734532,-0.2147149,-0.5261069,0.71809614,-0.368985,-1.8522555,-0.1923512,1.4737835,-1.2840196,-0.7384468,-0.72897184,0.39573663,-0.114806905,-0.6371755,2.4373758,1.1739144,1.3622383,-0.33046135,2.0183237,0.2934034,0.99739695,0.9062016,-2.70551,-1.4476683,-0.023992581,0.66348743,-1.5917898,1.2561777,1.548916,-2.0631084,-1.3884726,0.45906743,-1.2482013,-1.6742487,0.107445076,-1.0067539,-0.36881003,1.1177801,0.05967387,0.07997583,-1.4784867,0.7079534,-0.06062336,1.2513874,2.2951996,2.1544557,1.580332,-1.7380856,-0.62215596,0.5954368,-0.88293856,-0.18113835,-1.1298705,1.0113829,-1.393965,-1.102607,-0.5904579,0.11153903,-0.14049698,1.2965279,-1.1721126,2.1628885,-1.5937796,-2.3458097,0.070431806,-1.1964251,-1.4065298,0.59373564,-0.4004418,0.9789671,-0.09247225,-0.14324608,-1.4731914,-0.319495,-1.421068,-0.4639154,0.67113924,1.670978,0.6359996,-2.646957,1.3016157,-0.8505507,2.2291894,0.58602154,3.540532,0.018075686,1.8065406,0.22239205,-0.37801364,0.028425401,-0.87819433,-1.7109625,0.014367285,-0.2802967,1.1212895,-1.0194834,-1.973478,-0.7741552,0.48190838,-1.4373243,-1.2402031,-0.2634266,0.38497087,2.264788,0.86055624,1.2539417,-0.9785128,-0.62273926,-1.145332,-1.8821627,3.0806177,-2.1173556,0.3131053,-0.83243537,-2.096153,-0.27585784,3.4283092,-0.63107026,0.81021476,-1.4179114,1.4184602,1.8645407,-0.6304727,0.8955436,-0.3130153,2.197411,-1.8083581,-0.52853954,0.124480724,-1.5985081,0.7630534,-1.9228956,0.2209083,2.1268587,-2.1921353,-1.545291,0.3734006,-0.8587994,0.36066595,-0.8609539,-0.27937156,1.2715538,-1.921827,-2.7510445,1.8704505,1.7925448,-1.8291587,-1.2688816
P78537	-1.3933104,0.97781414,1.9786464,-2.252342,1.0741068,1.9607254,-0.42098418,1.1450846,-0.16053042,0.44923353,0.43028745,-0.23619795,-0.7519353,0.08513009,-1.1726741,1.4196534,0.19377421,-2.633501,0.42705318,0.21084212,1.4091035,-1.249915,1.3191552,1.4335438,0.8110966,0.96999997,-0.44393113,-1.4634871,-1.3751502,-1.8368199,-0.506998,-0.53324777,-1.9213767,1.6400496,0.17830709,0.25628152,-1.0890149,-3.6216993,-2.5749238,0.90709746,0.30359197,2.7229474,0.57812846,-1.1812425,0.466505,-2.0167317,-0.6514154,-0.10006522,-0.1494698,-1.8348984,-0.65791756,1.5336894,-1.2686886,1.1088378,-1.1867694,1.8215916,-0.09795543,-2.1533194,-0.023178084,1.8325989,-0.53399754,-1.138496,-2.581437,1.0128219,0.7457959,-0.42795533,-0.05028639,-0.18366231,0.98305917,0.91562915,1.3728321,0.16157985,1.2315612,0.76766336,-2.1405268,-1.7495104,1.4379163,0.42059717,0.16442741,0.42092186,0.44075048,-1.9078928,-1.2055377,0.10767484,-0.98567766,-0.49913824,0.6248971,1.2615441,-0.09352453,0.59748715,-1.228003,0.20618565,-0.36367264,1.1947173,-0.45174333,-1.156159,3.9303071,1.4450766,1.2906129,-1.8815385,-1.0526569,0.020467898,-0.5093454,-0.11698911,-0.41737673,0.5216648,-0.8391177,-0.34940755,-1.1414834,-1.0297391,0.15496242,1.2584423,-0.13669078,1.2619519,-2.353699,-2.270814,-1.0946723,-1.811036,-0.8883168,-0.5033251,0.102782965,0.39348713,0.43480358,-0.27009124,-0.060657356,0.18032198,-2.1110137,-1.8916248,-0.8671481,1.0853444,1.9489468,-2.1933935,1.0479805,-2.5211334,0.53416234,1.3490657,1.9779141,-0.3603111,2.6770895,0.6384299,0.4592213,0.8913982,-1.3955767,-2.44827,-0.58223814,-0.39474052,0.32382888,-2.1682613,-0.7078217,1.0217866,0.24179895,-1.3159169,-2.5791242,-0.012887544,1.1258701,2.5800006,0.6060302,1.9656444,-0.38529497,0.21214467,-0.7598757,-1.824514,2.061642,-1.6699022,2.2999952,-1.1397595,-0.827204,-1.3380935,1.924578,0.8012998,2.1215506,-1.2053405,1.1888331,-0.6294173,-1.5300995,-1.0223366,1.7366853,0.8459533,-3.2605445,-1.1082296,0.3175455,-1.218103,0.9001867,-1.4479187,-0.671848,2.7067533,-1.3288113,-1.1196083,0.9572538,-0.3612991,1.3349937,-2.0603595,0.4751855,0.8966522,0.0015950613,-2.1683729,0.8344031,1.6092814,-0.5871228,-0.92807823
Q9UKV3	-0.27943233,0.004850861,0.09755334,-1.2883497,-1.5476933,-0.95910573,-0.20853361,1.1361077,0.7968469,-0.046092186,-0.69213074,-0.88859904,-0.8527782,0.370366,-1.9463961,-0.26034617,-0.67443657,-1.7207376,2.1408129,0.85471946,0.9056794,0.7558437,0.10592748,2.3320105,0.08352315,0.081157,0.0021458007,-0.5124029,-2.9415052,0.24601893,-1.3893517,-0.79029465,-0.0878127,-0.52030754,0.08192761,1.4136729,1.2517592,-3.756865,-0.9320658,-0.6556492,0.7685077,1.4747676,-2.8084316,-0.73168856,-0.46870098,1.0794207,0.78831476,-0.58960366,-0.073178835,1.2902063,-1.6673642,-1.4288187,-0.77425456,1.9555817,-0.10965394,0.9962717,-0.50120884,-0.6806089,0.7443545,-0.6210625,-1.2888441,-0.27438557,-0.77002496,0.42815268,-0.8355987,-0.7381736,0.74675465,0.50929475,-0.25788522,1.1142534,0.27922562,-1.2496221,2.6039603,-1.2049867,-0.5571036,0.002025299,-0.06531557,-1.1153773,0.5037776,-1.7340144,1.6214719,0.2975054,-1.5561807,0.70888585,-0.38115177,-0.6274403,-1.3881788,-1.0286481,-0.30960047,2.770048,1.1284914,-2.422977,0.70560867,-0.8927547,-0.39109978,0.5394484,1.1233218,-0.15918744,0.31427988,-1.247364,0.27054608,1.5772487,-1.0409834,0.031257916,-0.18167755,0.23610014,-0.39362702,-0.14693561,-0.8822308,-0.5840349,0.17506748,0.4053124,-0.93467355,2.2521043,2.5553079,-1.7785282,1.1403304,0.06407962,-0.32173675,-0.17878012,-0.96073705,0.52909404,-2.3363023,-0.80222434,0.05065149,-0.38891587,1.3481872,0.41656354,0.4162145,-0.10047934,0.029324522,-0.2797442,1.3026612,-0.6091072,2.3103342,1.556493,1.9902648,0.19181515,-0.68027586,1.1195703,-1.1962291,-0.24571483,1.0737834,1.2159846,-0.6930283,0.23853412,1.788029,0.18183266,0.35602042,-0.07116213,0.39821407,0.41635442,-1.0481104,-0.45320106,0.6442874,0.24867155,0.10556465,1.3965254,-0.15404727,-0.24682157,-0.16637908,-0.66491425,0.8245051,-2.8823097,1.1048621,-0.7094849,0.37229958,-1.1707882,3.3756175,1.0727732,1.3689003,-1.5168151,-1.3688627,0.8493385,0.867851,0.16090082,-0.20742747,0.104916364,-1.1164972,0.91552025,0.13072312,-0.60112536,0.2676731,-0.7015176,0.4019758,0.80977607,-0.089950114,0.8749346,-0.89986813,0.6478301,0.393953,0.21417964,-0.3520113,-0.5376707,-0.31432357,-0.72096467,0.5451163,0.8411424,-0.39451194,0.3664378
P02652	-0.41068423,-0.09993222,-0.64614195,-1.3363616,1.8318025,0.31019545,-0.3352336,-0.20563349,0.7929692,-0.1173672,-1.5517128,0.5109551,0.81302,-0.87617743,-1.7617084,1.1444407,-0.5893355,-1.1084446,1.0700483,-0.36495644,0.49570388,-1.1368053,1.3946095,-0.8449734,-0.876935,1.5679245,0.01388776,-0.5207666,-1.5424563,0.01901767,0.65676886,-0.9542608,-1.8843329,-0.6014264,-0.5232834,0.2441643,-0.33749264,-1.32936,-2.3666615,0.61335605,1.1396381,2.0284538,-0.29172224,0.18684976,0.5833317,-1.238598,-0.59834677,0.7745881,-1.8631492,0.5984024,0.03151059,0.848033,-1.326442,-0.8074226,-0.3112263,-0.7125046,-1.2218903,-0.55327064,-1.5594121,-0.31825796,1.4423751,-0.1602157,-0.7364613,0.5749866,-0.02321435,-0.21357575,1.1399918,-0.06281686,1.4789329,0.6101926,-1.0864445,-0.90862817,1.2380258,0.895258,-1.4641999,-0.39674312,-0.9940898,0.7353201,1.8345039,1.6077322,-0.62469554,-0.5892934,-3.0175138,-0.6796299,0.32165697,-2.3502665,-1.1578265,-0.3941858,-2.5955229,1.0105673,0.8456831,-1.1858741,1.0388448,1.9469175,-0.20310582,0.8459967,0.37285107,1.8219693,1.4551197,-0.72269166,-1.3135681,-0.32966512,-0.98625517,-0.16849759,-0.26589358,-1.5079285,-0.030432552,1.4883622,0.4158076,-0.76960737,-0.5163052,1.1070691,-0.7124184,-0.99911326,0.8053059,-0.9856855,-1.1207999,-0.27556247,-1.6064968,-0.6578927,-0.36241484,0.93946034,-2.9193687,-0.61508787,-1.5496397,0.43723816,-1.0296252,0.02602933,-0.1760675,1.2034343,0.6952304,-1.1032268,1.5948846,-0.3198424,0.5739874,0.26697117,1.9503208,-0.69065857,0.8646587,-0.06901469,0.25852346,1.5854563,0.20582229,-0.91771907,0.06855567,0.8386144,0.20748211,0.10047454,1.0383737,-0.7819359,0.80398285,-0.022364415,-1.9561874,0.7116448,1.2862802,0.3027386,0.33341756,0.8313979,1.1549559,0.5590681,-1.3740308,0.05385968,0.087475136,-1.311557,0.4668392,0.42239085,-1.1179799,-0.9681474,1.2353743,0.0930674,1.0524892,0.72338504,0.6061919,-0.5832071,-0.92725945,0.16745646,-1.1421076,0.40986276,-2.5433452,0.5138811,0.2664494,1.3793261,1.6359179,-0.72256243,0.23228839,1.4579183,-1.0097551,-0.3640182,1.0583601,0.2788059,0.67762905,-0.51089495,1.0847186,1.1800171,0.08247026,-1.1516052,1.0208888,0.044281725,-0.99563867,-0.036137402
Q6GTX8	-2.7070527,0.11469613,1.245157,-0.8048408,1.73354,2.5139165,0.4592893,1.6638747,-1.6822098,-0.116586745,0.37481222,0.5502093,-0.5781991,0.95770526,-1.2502326,2.292121,0.11891484,-2.0520484,1.6486248,0.5545542,0.6426118,-0.11987897,-0.3059277,1.5243366,-0.8809634,-0.5369869,-0.97364885,-0.28471625,-2.0310729,0.20220149,0.02612265,0.660319,1.0114971,1.7326229,0.7537382,-0.21440971,0.21678194,-3.7748423,-2.921926,1.5937865,0.44399324,1.6276278,-2.6102366,-0.98727274,0.45256957,-1.0597078,-0.06473364,0.07669004,-1.5798074,0.70163184,-1.4457995,1.538417,-3.6272378,1.8863748,-0.57238376,0.103091925,0.3089366,-0.8816699,1.4037523,0.18416153,0.51870334,-1.3785301,-1.9569025,0.5371233,0.26089248,-1.730411,0.42413828,1.3773124,1.101664,-0.54440993,0.72374773,-1.6057571,0.69366115,0.21290876,-2.6244388,-1.805675,1.1684861,-0.8123674,-0.83171004,-0.026070455,-0.35486448,-2.9843526,-1.8519285,-0.32949007,-0.49346927,1.4532906,-0.024355618,0.10002462,0.606474,2.0322149,-1.1589478,-1.55315,0.03994927,1.4663209,0.70874316,-0.4418061,2.3577917,0.57286215,-0.9250367,-1.7078763,1.4477543,0.3338548,0.7599199,-2.1255047,0.20625179,0.72309744,0.25080538,-0.1639838,-0.7772666,0.41762272,-1.4794942,1.5076671,-2.4895089,0.90469235,-2.3689442,-2.3123162,-0.6044867,-2.066026,-0.44927463,0.4969177,0.22189397,1.0547636,-1.215715,-0.6114396,-0.69597536,2.2125373,-1.6288571,-0.37277198,-1.1902341,0.7308705,0.25752923,-0.91759723,1.0373439,-0.55564225,0.7380594,2.2980318,2.7818367,-0.6219777,-0.49986643,0.42618793,-0.1292611,0.5563383,-0.7133835,-0.6836751,-1.8595723,-0.4243156,0.7370768,-0.77937084,-3.240777,0.9719231,0.025486968,-1.0448546,-2.5025592,-1.2696385,0.73740673,1.8760909,0.3859502,1.8211956,-1.5194254,0.011381424,-1.1851217,-1.8414145,3.8760734,-0.76313895,1.5750855,-2.1938608,-0.33570945,-1.2453628,1.4738882,1.6675721,1.2566227,-1.1489202,1.6560189,0.9007917,1.6116459,-0.0828745,2.1405776,-0.050957263,-2.9923327,0.0022881248,-0.56930906,-0.968282,1.3153868,-1.3771996,0.9229599,2.1465626,-0.6356217,-2.1600616,0.46960545,-0.90028256,1.5126954,-0.8132161,0.52894944,0.50210285,0.0986517,-2.8411114,-0.32112172,0.5868636,-1.956743,-0.05251125
O95998	-1.7499808,-0.41526785,0.56764644,-2.3348823,2.139205,0.6760492,-0.38452467,1.1221906,0.1801963,-0.7975431,-1.4204893,0.9001056,-1.7829465,0.29645526,-3.2834325,0.9679605,0.031141745,-2.5540884,2.2397604,0.90820515,3.0610113,-0.20115477,0.8477041,1.1368998,-1.6606169,-0.45713744,-0.41605344,0.19619115,-2.5784457,-0.8682318,0.9474405,0.4781255,0.25968724,0.6873365,-0.8130041,0.363727,0.26553294,-3.939014,-2.9944105,1.2209321,-0.15504065,3.5759494,-1.752547,-1.5246284,-0.6426536,-1.6265349,0.098164506,0.05795067,-0.9960063,-0.12981778,0.5670505,-0.32721847,-2.0462887,1.0804845,-1.5006063,1.1645597,0.3446749,-1.0003626,0.7823332,1.1654161,0.35119468,-1.2884421,-2.6214228,1.5730425,0.13718039,-1.9214213,-1.3204587,0.18771525,0.7599315,0.82561177,-0.53040296,-0.66635853,1.849723,-0.103027694,-0.79948604,-1.1378921,-0.32177964,0.118896976,0.71361727,0.75307065,-2.2782435,-1.0854522,-2.5252817,-0.20901218,-0.112735726,1.2243794,-0.81886953,2.3033974,-1.6494408,4.1087885,-1.2688367,-2.1150515,-0.1862074,0.7756755,-1.5473098,-0.25052837,2.474926,1.3213018,0.3373163,-0.4871578,-0.2583651,-1.1946381,-1.9567876,-1.4509151,-0.5185422,0.16389595,0.97365934,0.07003474,-0.90293545,-1.4300935,-2.4125578,1.8057579,-0.45290038,0.2977872,-0.8224396,-1.3862404,-0.8123502,-0.65243685,-1.7104573,0.39151514,-0.21667394,1.4314457,-1.3418561,-1.5475888,0.48528048,0.75371116,-0.8142377,-1.3687905,-1.8810376,0.26752973,-0.36676082,-1.3230987,2.9263854,-1.2565718,-1.2138704,2.6570702,2.2076175,-1.152548,1.2328713,1.1500132,-0.29154137,2.9123206,-0.112895004,-0.6658249,-1.5490524,0.908524,1.4229894,-1.1294038,-0.96738535,1.5018859,1.0356665,-0.053493496,-2.4416468,-2.152118,1.858334,1.1927749,0.23980238,1.2000238,-0.0034677107,-0.038156897,-0.41594902,-1.7206968,1.8104138,-1.3418043,2.423131,-2.2387018,-0.013418736,-1.1687543,0.18353783,3.2482111,1.3995324,-1.1996291,-0.64886886,-1.4967389,2.5238345,-1.4012245,0.6682363,-1.337443,-2.74634,-0.1536867,-1.1650085,1.2041463,1.7226259,-0.67471397,1.6044441,1.8931623,-1.8199481,-1.5336095,-1.0498562,-0.6848259,2.9751859,-0.6597934,1.5313951,2.5489357,1.817428,-2.7059867,1.4016768,0.7018672,-0.45679304,-0.10038623
P10696	-0.013320364,-1.734083,2.4601688,-1.7676656,1.5804836,1.3524085,0.31023663,0.7807284,1.150177,-1.5465832,-0.58126384,-0.5484436,0.8257683,0.16760199,0.06881931,1.8935432,-1.4953854,-1.5019691,2.514542,2.8180904,0.63727194,-0.14775142,0.5178671,1.3776003,-0.26818705,-1.4029346,0.11237503,0.057028838,-2.207412,-0.5558467,0.12598933,1.4019016,1.3048642,0.94597197,0.27966437,1.4032552,-0.3183221,-2.8369894,-1.6539042,-0.380825,0.6033065,2.9802756,-2.404028,-0.2681453,-0.5375466,-0.5672367,0.49031356,-0.70324117,-0.75623727,1.5942416,-1.7923065,-0.10995871,-1.1661377,1.504606,-1.2735178,-0.7772676,0.4772984,-0.075705856,0.54763913,-0.31516296,-0.73331285,-0.9022331,-0.7596094,1.6937603,-1.5482464,-1.6581355,1.3461705,-0.15471469,1.9319422,0.13509183,-0.23280512,-2.1700602,1.3237901,1.1560984,-1.6474847,-1.1630996,-0.52748495,0.3437451,-0.8667537,0.22220095,0.75901765,-0.31676495,-3.2377267,1.6461747,0.628599,1.7834123,-1.1026919,-2.052265,0.21042992,3.4522238,0.78896534,-1.9522102,0.46077216,-0.84862024,-1.1369189,1.0468807,0.19526656,-0.30976364,0.78573334,-2.519593,1.5516648,-0.28329104,-0.9887375,-0.8817875,0.80918515,0.10815022,0.56246626,0.06794177,-0.008088073,-1.9155651,-1.12923,1.4528375,-1.3290975,3.3019695,-1.5276335,-2.5970933,1.6851422,-0.6461265,1.1829278,0.036070786,-0.57788575,1.5395478,-1.7456907,-1.7847412,0.311689,0.68567336,-0.15278117,0.9350159,0.1957539,-0.50942373,-1.7467985,-1.280859,2.5574071,-0.2356308,2.6884675,0.7689568,1.6503869,-0.48733968,-1.3026826,0.718211,-0.14500569,0.84426504,0.3819419,0.0012304416,-0.78917795,0.18636243,1.1704137,0.47160304,-0.35505754,-0.14700785,0.6909198,-0.05451255,-1.4647198,-0.066343136,0.14027646,1.3969516,0.09591084,1.5136536,-0.7131402,-0.7618522,1.1565768,-1.3616914,1.8335875,-2.806043,1.6423786,-2.3110418,-0.41159737,-1.8447537,3.2052212,2.9994833,-0.4080715,-1.6419219,0.27677697,2.4729996,2.6235747,-0.0648663,0.27563322,-0.6861316,-1.4154307,-0.30127376,0.38123658,0.3671312,1.824943,-0.8657456,0.8889679,1.3381605,-1.0686438,-1.0304861,0.34283373,-2.804325,1.7357749,-0.0075884014,1.9844189,1.5146209,-0.45089313,-0.048338477,1.3028826,-0.045527153,-0.8866406,1.1367235
Q16795	-1.3741417,-0.01473338,-0.8070681,-2.1549978,-0.36127746,0.8302278,0.61220306,0.70946294,-0.29270634,0.58375907,0.20740817,-0.64552045,-1.4576946,-0.42259803,-2.483883,0.73664415,-0.77175975,-2.5638952,-0.35537398,-0.99823993,0.12115301,0.5423975,1.523487,0.18610461,0.2875332,0.5649067,0.6442797,-2.075311,-2.907847,-0.26084372,0.5840423,-1.850065,-1.4258658,-1.0340904,-1.0397125,1.2843074,1.1450032,-3.2341676,-1.1856151,0.16168347,0.8216746,1.9452751,-1.3386394,-2.4168653,-0.07042076,-0.22563565,-0.81896716,-0.50960547,-1.8452361,-0.0076185823,-1.4633272,0.11481435,-1.0096735,0.9362735,0.5010269,1.6198099,-0.2804117,0.31603256,-0.46650535,0.582223,0.1985854,-1.5799023,-0.6650411,0.88285244,0.9062722,-0.21585475,1.5991304,1.0176249,-0.25634533,1.08733,1.9749731,-1.3021598,3.570955,0.2681024,-1.1982245,-1.5511825,0.67098093,-0.6151747,1.1369941,-0.657431,0.088928066,-0.31228182,-1.1400318,-1.3834695,-0.8154909,-0.65885645,0.15566255,-0.0054783663,-0.21343434,-0.7532566,0.21837121,-2.1952457,1.6907424,0.94678307,-0.55484533,0.13250083,2.6377895,2.2179782,0.1041414,-1.3872476,-2.1026516,-0.39332232,0.22404721,-0.31112343,0.2761213,0.82145894,0.1444729,-0.47029382,-1.1729074,-0.34430677,1.759038,1.0313393,-0.48910856,1.3868837,0.7711031,0.03733728,-0.041875407,-2.347533,-2.4113183,-0.12226242,-0.71137035,0.2923539,-2.2704308,-1.0596646,-0.2850888,0.18568735,0.70633364,0.8877126,0.24329121,1.0768064,0.46987572,-2.417563,1.3741034,-1.9659216,0.4349585,-0.3261553,1.8207629,0.86865175,1.6510856,1.0481377,-0.97857285,-0.3086219,0.56967735,-1.6719835,0.9838326,1.2797339,1.2217568,-2.1521292,-0.09863453,-0.1455421,0.37043035,-0.015312214,-0.5839313,-1.6699013,-0.04606716,1.6618605,-0.5730407,2.0923738,1.5408388,2.1323895,-1.5322784,-1.718367,0.0034531015,-0.9144647,0.13143533,-0.8068872,0.3464229,-0.77853644,2.6467078,1.1296457,1.895996,-2.40479,-0.25952363,-1.2556641,-0.42087305,0.2894976,-1.3700955,0.80080795,-2.211989,-0.98249716,-0.3097803,-0.47282106,1.0041624,-0.06049589,-0.66985726,0.24704212,-0.20967238,2.0112703,-1.0280662,-0.3444637,0.49619952,-1.8853357,1.072747,0.12388633,2.0915174,-2.1704662,0.6925695,1.049017,-1.4810452,-1.0682276
O43805	-0.54559827,-0.58064574,2.0744164,-0.9916466,0.93625546,1.5682927,-1.3020386,2.1739266,-0.34867632,-0.14225955,-0.35545054,-0.018012272,-1.366214,0.47699255,-1.3263904,1.2402648,0.76264334,-1.6693438,1.2273166,1.2844242,1.7834008,-0.2925305,0.19513412,0.5808473,0.28236407,0.40864193,-1.1661996,-2.1824381,-2.2203019,-0.44774556,-0.64809734,-1.2756263,-1.4967774,1.9707505,1.0988474,0.05516325,-0.33639655,-4.9751377,-2.5691254,-0.90344745,0.2831382,3.4909906,-1.5818335,-1.5618895,0.3789687,-1.2599813,0.7791935,-0.82520705,0.85811067,0.42868534,-0.62128884,1.2957065,-1.7359087,2.964204,-0.23060788,0.35465425,0.532981,-2.8731642,1.4738561,1.2056727,-0.40619868,-0.1462063,-3.5521114,2.4434984,0.08221276,-0.65155715,-1.0502778,0.054178193,0.4619651,1.3674742,-0.37192324,0.70760965,1.1609036,-0.24080998,-2.1644053,-0.17819521,1.4507259,-0.97589177,-1.054582,-0.29072288,0.50592685,-2.337164,-1.0321673,0.006311179,-1.1316147,-1.0021361,1.2791198,0.5073141,0.7951166,2.385444,-1.3516047,-0.8163066,0.23108697,0.81928205,-0.37704122,-0.3802992,3.4559774,0.6246316,1.9339519,-1.0587231,0.40793416,-0.189235,0.30072063,-0.07567214,-0.6240672,0.5383079,-0.8050591,-0.18969075,-0.83397883,-1.70417,-0.43233326,1.4780159,0.3848843,1.8043739,-1.8497866,-2.7445352,0.55271107,-1.4493649,-1.7104563,-1.2819847,-0.77383256,-0.22181422,0.49085197,0.33770013,-0.16163027,0.46123108,-0.73726684,-1.2839866,-0.9970711,0.48039958,2.336985,-1.7581446,1.443306,-1.4696819,0.64266574,1.4914693,2.7119076,-0.54918325,1.0459955,0.19207698,2.1264458,1.7232668,-0.39030397,-1.3702484,-2.0977674,-0.6838159,1.6065094,-2.8694947,-1.5533592,1.2897273,-0.40942368,-0.8679287,-2.4639435,0.19799729,0.28803688,1.5905181,1.2628217,3.1014292,0.16946828,1.5356671,0.98724395,-0.42743805,2.3848946,-2.0883496,3.2782016,-0.0017452667,-0.8216439,-1.4503143,1.0267452,1.1889163,1.6825308,-2.3526506,1.7564417,-0.73119545,-0.10311019,-1.6791266,2.60285,0.48639166,-2.5387325,-0.7906278,-0.036543213,-0.81265694,1.9164941,-1.6269724,-0.51382595,2.562083,-1.1256695,-1.1902409,-0.4757503,-0.90626687,0.37547058,-0.7928765,0.14330007,1.5753602,-1.113374,-0.9985156,0.85663897,0.28230152,-0.4822159,0.45741335
Q96M63	-1.4484037,-0.43537164,3.1901133,-1.9281576,0.48823535,1.1718305,-0.3214132,1.3916093,-0.025797416,-0.2986067,0.16510715,0.8189123,0.7701293,-0.024388934,-0.5345347,0.196489,-0.030513188,-1.8559943,1.2118295,1.7255219,2.4376838,0.18250462,2.0221026,2.3245218,2.6596906,-0.15878713,-1.6248546,-0.9799784,-1.7616103,-3.5156608,-1.3304533,0.29086804,-1.4952565,2.3391643,1.0747516,0.6986614,-1.7831887,-4.3401184,-1.4914786,0.09459333,-0.06251019,4.559236,-0.14783491,-2.1111321,0.19853184,-0.44154552,-0.20448492,-0.5786594,2.3261185,-0.1442355,-0.31098056,0.3419882,-0.98007494,2.84166,-1.5236824,1.8649157,0.6105871,-3.2883773,1.8655456,1.7932626,-2.2150178,-2.4124084,-2.0618563,1.684982,-0.4433547,-0.22758377,-0.9748743,-1.1766758,0.010447658,0.10102732,-0.7113242,1.5059941,0.85458934,1.6054392,-2.1895587,-0.67623633,1.8210198,1.0143194,-1.1397572,-0.7428276,1.7220055,-2.5988684,-0.7351303,1.4396486,-0.8175168,-0.03720996,2.179028,1.2133893,1.2984917,1.9123849,-1.6048254,-1.3904485,-0.6151832,-1.148987,-1.2467566,-0.70882815,4.3225813,1.552976,1.3850113,-2.0943809,0.011332466,0.16700606,0.88726056,-0.15005115,-1.2633574,1.2483872,-0.048142776,-0.8541829,-1.108347,-2.45549,0.024647709,1.5809693,1.1808375,2.8581138,-3.2247488,-2.1708107,0.2911071,-1.643448,0.39638612,-1.3042911,-0.72326374,0.83458376,2.2160983,-1.9269043,2.325169,-1.2458858,0.09771322,-2.3387654,0.23838948,0.29463327,2.0069194,-3.275813,-0.1127452,-2.9797516,0.5471619,1.261664,0.85671735,-1.4825786,3.0245125,0.8356954,-0.22778383,1.1173985,-0.72875035,-1.3382385,-1.7346811,-2.0947082,0.84288603,-3.652264,-1.5673778,1.9950039,-0.8898711,-1.6564642,-2.9160054,-0.42651948,1.4212394,2.7013812,0.41585356,2.3869205,-0.596988,0.22365403,1.6026876,-2.0678663,2.3580759,-1.4207069,2.671574,-3.0839877,0.0778272,-1.2477114,2.144283,1.7725914,1.0939537,-2.5821402,0.40591976,0.53244966,-0.21773542,-3.5978932,2.5392814,1.6104354,-2.1524005,-2.0841043,0.006635648,-2.9985898,-0.09126442,-0.8438471,-0.84422207,3.1026251,-0.7391188,-0.9015539,-0.71988744,-1.4151049,0.843605,-1.0764908,0.1874561,2.0073419,-1.1473769,-1.2160779,1.1319118,0.5084113,-0.58112377,-0.11603828
P29973	-0.42950472,-2.329209,-0.23440304,-1.8727281,1.067124,1.9234929,0.8507781,2.7138402,-1.9657677,0.28785077,1.1628803,-1.3796344,-0.19593708,1.3741432,-0.58146507,0.69295377,-0.56095654,-2.1548789,2.80716,0.95346916,-1.5380917,-0.10243806,-0.23621841,0.1134876,-3.064895,-1.1265181,-0.3033471,-1.5505799,-2.8461301,1.7397327,0.62435895,1.1640525,1.7859404,-0.10654092,1.1067858,0.46068972,-1.5837728,-5.0899296,-2.5816905,0.15202792,-0.99743223,1.2025194,-2.087371,-2.758469,-1.2326779,-1.6328211,-0.8874339,-2.3551376,-2.3596025,1.6229178,-1.3481872,0.85282385,-1.4187452,1.8871602,0.72063506,-0.7967368,1.1374089,0.043729693,0.17724824,1.2678027,-0.9214679,-1.601491,-1.3107822,2.3966432,-0.38966486,-2.1349723,2.1345937,1.5936174,1.4052136,0.5285648,0.7357139,-1.2669832,1.5791804,-1.6098751,-1.3645402,-2.103135,-0.17286696,-0.8118576,-0.998857,-0.07028955,-0.031813737,-0.91470057,-0.88487184,-1.0662862,-0.37958586,2.5471342,-0.8871653,-0.97631097,0.575359,1.8857272,-0.53729194,-1.2780789,0.27612576,-0.30939603,-2.2033358,-0.10649729,2.7948422,-0.8736808,0.5450523,-2.0238905,0.27585262,0.3423238,-0.15092622,-3.394652,0.6769493,0.01083912,-0.016677944,0.8422397,-1.1140376,0.09151772,-1.7786247,0.97161275,-1.9610063,2.4034746,-1.1900309,-0.9300441,0.49320686,-2.847687,-0.39924017,-0.18172243,-1.1555831,-0.22391689,-2.1255622,0.19821434,-0.72133946,2.802475,0.552096,1.9108037,-1.3718637,0.3611668,-0.22726901,-0.78290987,2.919631,0.12608413,1.5230995,0.49593243,2.695983,-0.2374474,0.20060784,1.2130412,1.4381397,0.96711373,0.439567,-0.24129033,-1.2319261,1.4522429,3.0787075,-0.53303486,-2.8324587,3.348323,0.8113233,-0.12882696,-0.5154393,-0.14291666,1.0151215,1.7887561,-0.564071,0.24496184,-0.22651331,0.59775907,-0.004228115,-2.721691,1.9393967,-1.5594308,0.7075368,-1.8063176,0.26220283,-1.9257594,1.2072425,2.0004888,1.2952158,-1.0517616,0.7045128,1.6491296,3.8077033,0.48104838,0.33180106,1.0091157,-2.5804133,0.19111146,-0.4062352,-0.98806024,2.777335,-1.7532289,1.5641221,1.416637,0.6206239,0.47639164,-0.7848677,-2.5540566,1.7032843,-1.7967675,2.4515429,0.7030811,1.7825645,-2.5077066,-0.16257887,-0.15907332,-2.642661,0.49049214
Q8N4P2	-0.75764805,-0.3503807,2.2447054,-0.5760023,-0.12279128,1.2410303,-0.078745104,1.6167319,-0.7324116,0.057896305,-0.20354228,0.35990152,0.16320205,0.29772195,-0.5863142,1.244626,0.43908584,-1.5075529,1.7185769,1.6224468,1.7669722,0.040180754,0.8008899,0.75084877,1.8656082,0.11906826,-1.1919773,-1.6566901,-2.0380445,-3.2101781,-0.6408578,-1.1561201,-1.9759667,1.8086599,1.1591896,0.85945994,-0.7278724,-4.0537157,-1.4458495,-1.1366477,0.67213446,4.043432,-1.077804,-2.3484173,0.7802848,-0.47047356,1.1537582,-1.09443,1.6183795,-0.3663704,-1.0717427,-0.066929005,-1.5076245,3.0779846,-0.67032534,0.6053517,1.2161876,-4.1956134,1.5050054,2.1070182,-1.2532701,-0.7262756,-2.0163314,2.0312304,-0.84407544,-0.07187805,-0.6243179,-0.39461064,-0.4348713,0.47011396,-0.6177205,0.37487954,1.2638046,1.1354567,-1.8382881,0.45151755,1.2135994,-0.0015176864,-1.7606696,0.014258428,1.9233586,-2.334764,-0.13825756,0.14049165,-1.5690424,-1.0077988,2.1569777,0.13177724,2.4076836,1.6421821,-0.8075972,-1.4970001,-0.32708234,-0.3331395,-0.17471126,-0.048356794,4.4940615,1.9437698,2.014834,-1.627748,0.503892,-0.3601614,1.8411549,0.6984712,-1.5961868,0.84545946,-0.68084466,-0.75744367,-0.7053442,-2.208079,0.3176679,1.6557107,0.3093446,2.7328107,-2.4771216,-1.6271188,1.3101783,-3.3440826,-1.5127109,-1.0161912,-1.1095817,0.18133119,1.1783168,-0.8553394,1.4319113,-0.59912145,-0.107150435,-1.4005516,0.79174685,1.0791388,2.6733556,-3.259658,0.7626985,-3.0757666,1.6134608,1.3083111,1.8340508,-2.1805654,2.268355,-0.28210974,-0.17497662,1.9865743,-1.2063293,-1.6570189,-0.97454107,-1.0725447,0.91775936,-4.3086367,-1.7117897,0.8685359,-0.5818546,-0.8239278,-2.6231418,-0.5209277,0.7993512,2.2675707,0.19904992,3.021358,0.22710374,1.0694929,1.2052693,-1.4566686,1.9106587,-2.4312994,3.05662,-1.7286345,-0.61508596,-0.40011224,1.9965047,1.2531928,1.6133512,-2.8224678,1.9163914,-0.3810127,-0.37059185,-2.75536,2.0975552,2.4625323,-1.8027182,-1.98426,0.09406364,-1.629645,1.3325093,-1.1026021,-0.6863141,3.0501995,-1.4128569,-0.51504815,-1.0460844,-0.7452532,0.57357186,-0.82946825,-0.016178425,1.5704184,-1.4225556,-0.21650557,1.2425447,-0.34801787,-0.833886,0.6337608
Q06265	-1.2584038,0.639977,-1.1696829,-1.2886996,-0.021455308,-1.4553399,0.010076711,-0.24934107,1.745566,-0.5118023,-0.8174282,-0.1503438,0.025584752,0.6667067,-1.7784852,0.22976209,-1.4310226,-1.1099212,1.074979,-0.13532993,1.1937376,-0.040560905,0.8541626,2.0494032,0.6669888,0.93053246,0.014866962,0.35408074,-1.6891578,0.7672963,-2.114865,-0.8194583,-1.0711251,0.2825242,0.6112785,0.74437857,0.15377924,-2.1806428,-1.4966729,0.69111735,1.2093437,0.33452335,-2.9400282,0.22691718,0.68717945,0.6166397,-0.010046358,1.2773447,-0.30533454,2.5015342,-1.1743996,-0.1565301,-0.38084912,1.9850818,-0.8105721,0.13523315,-1.6214166,-0.6656702,0.19730334,-1.3214053,-1.1659992,-0.6348613,0.8130539,-0.45704558,0.27226248,-0.276242,0.9982902,1.6489128,0.22900538,1.1812279,-1.2624977,-0.6843134,0.7586666,-0.28019843,-2.4126244,-0.44618267,1.1261078,-0.3959854,1.1391379,-0.68721026,0.97760737,-0.33620346,-3.426919,0.8553874,1.3047814,-2.4921067,-1.4421089,-1.6299553,-3.2231383,2.7774653,1.4498228,-1.5194215,1.397854,0.78688693,0.91252476,1.2279507,-0.82775867,1.2753156,1.408736,-0.926384,-1.2007097,3.17191,-1.1578524,0.23390625,-0.33276844,0.79618555,0.2974098,-0.287207,-1.210496,-0.859023,-0.045975775,0.5086599,-0.60788774,0.3892704,2.493137,-1.8402742,-0.7587621,1.1816255,-0.43427107,0.22112162,-1.2276195,0.45690662,-3.265063,-1.5458951,0.27488324,-0.735182,-0.4918762,0.19131638,-0.119129,-0.4950248,-0.6219185,-0.49251238,-0.7239538,0.23681039,1.5881412,2.2885306,1.1683195,0.7718754,-0.5951727,1.5605396,-0.49700722,-0.92047095,1.4853055,0.58648306,-0.53258294,-0.3125385,0.7449156,1.6745824,-0.6600255,-2.0672429,-0.779357,-0.042550355,-0.90311944,-0.037438042,0.53034556,-0.7186475,0.8430695,0.73517305,-0.17665306,-1.0428189,-0.9888418,0.35280603,0.4607645,-1.6355479,0.62819797,0.50576216,-0.3617838,-1.0108832,4.0159497,0.02016952,0.8634502,-0.38748273,-1.4782023,1.5443084,-0.4202278,1.6209239,-0.88230073,-1.8567024,-1.4598736,0.7013775,0.30439276,0.5789171,-1.5415071,-1.7307075,-0.14071465,0.24790213,-0.54685825,-1.6883463,0.48456573,0.36746874,0.2659178,0.87813497,0.18945968,0.24720617,-1.385366,-0.10751394,0.59706324,2.1696692,-1.1280969,-0.06592761
Q13451	-0.15258197,0.20284024,0.38979533,-1.8960391,-0.010735158,-0.37839434,0.91336477,-0.34361684,2.7462819,-0.9761226,-0.4744842,0.23284525,0.48274502,-1.8567108,-1.0624503,0.8708127,-1.2916176,-1.8456075,0.6087748,0.97552395,1.2087325,0.6108387,1.590588,-0.20985977,0.5890255,-0.735053,-0.24642503,0.48322767,-2.4368894,-1.5120119,0.6304788,-0.76655966,-1.2247165,0.015234735,-1.28555,0.4903412,0.25229895,-0.81591827,-0.98008573,-0.7545762,1.061772,3.4644115,-1.5193706,-1.3052632,-0.7316801,0.08358869,0.31338465,0.49649104,-1.2446463,0.5598079,-1.1760105,-1.2961861,-0.67890114,1.0520915,-0.43991417,1.0168695,0.2565905,-0.8038468,-0.27794865,-0.6005716,-0.44753632,-0.5973611,-0.23381704,1.5182636,-0.72133875,-0.79945385,0.39770448,-1.020866,0.75297964,0.37853542,-0.97389394,-2.4480293,2.2623026,1.3754724,-0.89115906,-1.721936,0.48531893,1.3710797,1.1534458,0.6724549,0.86075354,0.6796244,-3.127107,0.87589055,0.7750024,-0.13484374,-0.175675,-0.92624915,-0.20449905,2.670993,0.6330471,-2.7501283,1.4319832,-0.050987657,-1.1037687,0.39719868,-0.017994082,1.4270756,1.0233309,-2.0918324,-0.12646602,-0.38044646,-0.39801344,-0.28494814,0.20977087,-0.85099757,1.2773153,0.26582202,-0.83007914,-1.9730237,-0.37350565,1.6547109,-0.124248974,2.1596859,1.2382268,-0.76271474,0.6941282,-1.0173349,0.53824776,-1.0043703,-1.0335526,1.7552706,-2.544256,-1.2129683,0.8242526,-1.2459005,0.1623273,0.31022453,-0.33768743,-0.872899,-1.2348864,-1.6867818,1.5842253,-2.3823764,1.8947533,1.653856,0.1863068,0.18054573,-0.14372057,0.5659596,-0.74970925,2.0671782,0.81380355,0.64951855,0.72063875,-0.48935112,-0.42475316,-0.25103164,1.8708414,-0.83717823,-0.107582435,0.6372111,-1.8604857,-0.7438681,0.9892022,0.6282058,-0.34610593,2.319436,1.1556356,-0.24678138,-0.5979623,0.16767761,-0.06942465,-2.2761586,0.9053108,-1.5321635,0.5467726,-1.7184421,3.060595,3.2020724,0.061007585,-1.914749,-0.6373294,-0.05585769,0.3314376,-0.45505536,-0.6664175,-0.60813683,-1.0473288,-0.7626812,0.29285854,1.7091817,1.1917568,-0.67462033,-0.55200994,0.46775016,-1.2128996,0.1806405,0.57181823,-1.362826,2.0209696,-0.56056476,1.8744596,1.6435744,1.0026636,-0.3943204,1.3848393,0.9239461,-0.44458202,0.5677658
Q8IU60	-0.42631322,0.08268933,-0.22743188,-2.2779613,-0.19279586,-1.1859853,-0.5068794,0.40079123,1.2675724,-0.25402468,-1.5036451,-1.3084905,-1.4406712,0.7831033,-2.1149352,1.0964108,-0.99557066,-2.2125552,0.59624845,0.10172416,1.2811525,-1.2894266,2.3417857,2.49903,-0.18243632,1.6128595,1.6335002,-0.32361582,-1.4097492,1.5751524,-1.8569963,-1.0927479,-1.4649189,-0.304931,-0.20736153,2.3284533,0.9130322,-3.4141064,-1.5404285,-0.3966697,1.8612366,0.9404585,-1.7524431,0.0012762777,0.085075624,0.06431805,0.26595354,0.90800977,-0.67343783,0.9244821,-1.7292012,-0.76011413,-0.8190114,1.4782859,-1.0964772,0.7123702,-1.4910595,-0.5086664,-0.85975677,-0.8765045,-0.68471694,-0.47527334,-0.6147631,0.33846235,0.8933081,-0.367253,0.9296144,2.5236259,-0.36522177,1.7929318,0.053149126,-1.0443779,3.3299668,-0.6261556,-1.2650908,0.6040066,0.4578684,-1.3840123,1.8521327,-0.6650587,1.2158334,0.15905906,-3.1787214,0.4629369,-0.07642868,-3.452481,-1.6889015,-0.81020135,-3.0216062,1.2278885,1.1241854,-1.1856395,1.8381748,1.1346643,-0.15969768,0.06176275,0.16956341,0.4900722,1.699326,-1.2562641,-1.137,1.3914616,-2.4928682,0.2910578,-0.27954412,0.6173207,0.1534556,0.3915275,-0.9705559,-2.701602,0.5012249,0.07493141,-0.17997074,0.45527023,3.1109602,-2.2725089,0.7804813,1.078078,-0.6885172,0.2935546,0.05399841,0.73353875,-3.4342215,-1.3353587,0.3912685,-0.45650938,-0.15636683,-0.115284175,-0.64123917,0.2315966,0.46677357,-0.6638611,0.2194108,0.043066673,1.8835791,0.79886633,1.5124893,0.93768567,0.25650066,1.7620349,-0.13985388,-0.54944605,2.046819,0.13631795,-0.77225137,1.426174,1.6272362,0.77783096,1.6111478,-1.3460431,0.73851466,0.18829471,-1.434071,-0.4754131,0.063742064,-1.0753236,0.74059254,1.2736762,0.10455212,-0.29985884,-1.941166,-0.68322295,0.26737016,-2.5443614,1.7658765,1.3947543,-0.15801333,-1.0676037,4.091478,-0.09094996,2.4383688,-0.9352866,-0.8509537,-0.33045202,-0.3162583,0.75493014,-1.2127922,-1.2110825,-2.3128757,0.79611236,0.8713347,1.5447454,-0.478879,-0.9340209,0.16209993,0.26581538,-0.44420692,-1.1167121,0.11388275,1.484374,0.237455,0.8845143,0.9149466,-0.61142695,-0.22716033,0.7095196,0.8697372,1.220643,0.20196648,0.2767891
Q9NYW2	-0.38162643,-1.3940538,0.35156733,-1.7715129,1.1852078,1.7137336,2.0075276,1.8040478,0.3245235,-1.0959675,0.004321188,-0.8918152,0.7249236,-0.7779919,-0.4614077,1.3664079,-0.9686209,-0.8487934,1.659011,1.4733303,0.8436649,1.3117999,-0.5283556,-0.59395254,-1.2143348,-1.390113,-0.24296476,-0.20839798,-4.031408,-0.0059231785,0.86497825,1.0201634,1.9334848,0.44473797,0.15495655,0.49452493,-0.36828232,-3.5494232,-1.6489875,0.8922478,0.31900892,2.8826218,-2.3303194,-1.9071091,-0.1553648,-0.88232046,0.09769509,-1.621062,-2.9092784,2.0759687,-1.6521537,-0.3571306,-1.8057352,1.5301564,0.29688388,0.14130391,0.77734804,0.6238698,-0.11665192,-0.3041681,-0.86603343,-1.041084,-0.46025747,1.2721008,-1.2145947,-1.6425229,1.4547884,0.6971104,1.1907299,-0.29268163,0.70382273,-1.9272925,1.8093164,-0.33009014,-1.0328703,-1.083898,-0.32930484,-0.252658,-0.38416532,-0.56783575,0.13677315,-1.0100899,-1.857397,0.90887517,0.71070796,2.028308,-0.47580022,-2.0316348,0.7535632,2.7146423,0.5199886,-2.3240054,0.40085056,-0.051151972,-2.6017737,-0.08569196,1.0905912,0.1623311,0.36348924,-2.4575412,1.2754066,0.12349211,-0.3957243,-0.6680433,0.6153106,-0.026111705,-0.13785036,0.26292786,-0.40121555,-0.145777,-1.1148745,1.5754246,-0.92983127,2.9362462,-1.5051366,-1.6377804,1.0325422,-1.7330441,0.6303829,-0.29202121,-1.4576483,0.47680762,-1.4719905,-1.4870996,-0.41255957,0.64196694,0.9936587,1.6365478,-0.38235682,0.51826626,-1.2699827,-1.3995117,2.6183429,-0.39287937,2.6450171,0.31249917,1.9888594,-0.2113963,-1.7111996,0.7562563,-0.18748951,0.5356284,0.8368992,0.22107798,-0.42945603,-0.37904924,2.0620406,-0.688553,-1.6353707,0.4947608,0.29006827,-0.75603086,-0.7449592,-0.4411936,-0.4639538,1.6046275,-0.7465945,1.1692173,0.6579965,0.60012937,0.4649444,-1.2223918,2.6205468,-2.2965546,0.52501243,-2.8142793,0.90855086,-1.6113368,1.7887895,1.7745883,0.88965106,-2.0320976,0.54892105,1.5034721,2.6234212,0.5571395,-0.24027318,0.9627129,-1.341013,0.42957863,0.010272976,-1.6667238,2.1056082,-1.0112065,1.3252866,1.708409,0.49197647,0.044894557,0.6510791,-1.7447184,0.5472166,-0.9757582,1.4589927,1.7121708,0.025642993,-2.029739,0.5936806,0.3089088,-2.2605498,0.5212781
Q9H270	-1.6281493,-0.044680286,0.15331821,-1.6310952,0.4709549,1.7518532,0.14596927,0.7752794,0.5159437,-1.1086065,-0.0826281,1.0021809,0.86987233,-1.0375458,-0.95755506,1.3211664,-0.4241427,-2.526339,1.3063818,0.082280986,-0.5498907,-0.974574,1.7927532,1.2311188,0.9523583,0.65886843,-0.48800793,-0.70525867,-1.265775,-0.97808796,-0.31308925,0.05755703,-0.5194672,1.3114107,0.7581638,-0.37260565,-0.8024402,-2.560375,-2.817633,0.37930238,0.005776774,2.8861146,-1.2461015,-0.20699094,0.17059058,-0.94267774,-0.34931692,0.777994,-0.48573712,-0.6473057,-0.8803973,2.6780074,-1.8326801,0.50311595,-0.13954821,-0.31064868,-1.8559074,-0.89036775,0.77056867,0.25211948,-0.1205015,-1.5154997,-1.1166023,1.2321606,-0.13167281,-1.0211002,0.8670886,-1.2570552,1.689693,0.360598,0.01698575,-1.3830756,1.221282,2.0408041,-3.120115,-3.7373965,2.0216308,0.3811967,1.3396317,0.68339974,1.0963514,-1.327054,-3.1248498,0.19057237,-0.20822608,0.22560072,-0.38713562,-0.72428936,-0.049652677,1.2412088,-0.4548289,-0.86978203,-0.41409135,0.8280016,-0.33293128,-0.5517701,2.1727934,-0.43299973,0.83971006,-1.834683,-0.14226615,-0.06276217,0.59396034,-0.8246165,0.05689825,-0.7116427,-0.6496121,0.1503288,-0.70023745,0.022785822,-0.9315663,2.1586998,-0.24102683,1.5180477,-1.8230842,-1.3672633,-1.4715036,-2.2903578,0.79298854,-1.4938309,0.0397661,1.5589812,-1.4120002,-0.36778805,-1.5099531,1.5723467,-3.0239718,-0.75690055,0.1791992,0.16267909,-0.8916592,-0.65077764,0.30898347,-1.9888084,1.1621184,2.0882907,1.3289468,0.05224759,0.7919112,0.5637584,1.101785,0.47361186,-0.6541068,-0.5185624,-0.19492087,-0.7092109,-0.62296164,0.5348639,-1.3085734,0.6800889,0.15378828,-0.5751767,-1.6485176,1.138051,1.4386255,1.9248827,-0.59214437,1.9505391,-0.12078638,-0.17029223,-2.0171797,-0.21032596,2.5129483,-1.4175341,1.3856581,-1.5227209,-0.9368156,-1.8335614,2.7493732,1.2572387,0.75962764,-0.85658354,0.95611215,1.5392629,-1.3827369,-0.20890209,1.0263896,0.2544346,-2.522982,-0.7232576,0.13146092,-0.9963162,1.0212402,-1.9369062,-0.37708512,1.4421506,-1.3168142,0.31048033,1.1627828,-2.2581384,1.8677396,-1.1967814,0.20035364,1.0012436,-1.3881291,-2.6738868,-0.35896605,0.8283043,-0.76748455,-0.17188773
P21926	-3.2500393,1.7869546,-0.4372498,-0.7752165,0.6588112,1.8877571,1.4746366,1.0488364,-0.99965334,-0.3363787,0.89627224,1.3793522,-0.23316681,0.721563,-1.1149712,2.9239056,-0.39130762,-1.2819353,0.74500865,-0.34795004,0.7623101,0.32667285,1.2366015,0.6295529,-0.75373554,0.3737176,-0.41389886,0.4563126,-2.0403738,-1.344192,0.33708063,-0.13615045,-0.53169,1.1451263,0.3194786,0.22068228,0.17382917,-2.2411606,-2.7925553,1.585755,1.4265962,0.23271923,-2.3005538,-1.411851,1.4608669,-1.072712,0.04280155,1.1068467,-3.7502599,-0.18473913,-0.30576655,0.7169406,-2.664012,0.9580527,-0.6804228,0.8212271,0.3255008,-0.925454,0.6213333,1.0914425,1.2432396,-1.3319538,-0.8540624,-0.42525592,0.7521629,-1.302979,0.5779097,0.6957588,0.047619134,0.24034902,-0.35990298,-2.2348614,0.54258245,1.0286553,-1.727594,-0.6382753,0.17392339,-0.58026505,0.26171863,0.8093677,-0.3372438,-1.8176749,-2.1096468,-1.0445088,0.094185516,-0.08221413,0.20812812,0.15637493,-0.9046541,1.4490278,-0.36689374,-2.2063198,2.0851564,1.7228467,1.0743792,0.40808123,1.9064972,2.675732,0.41515684,-0.7012081,-0.17062116,0.042690907,-0.3824544,-0.8606729,-1.196243,0.25941992,1.1060594,-1.7796683,-0.5389524,0.6130843,-0.33697006,1.3172497,-2.590923,0.028307976,-1.4068828,-0.017812924,-1.5083184,-2.1803498,-1.7795029,0.39527786,-0.5456962,0.37986374,-1.9286922,-1.3631432,0.11481511,0.19105849,-0.61143035,0.17788902,-0.51141125,1.0828673,-0.5470262,-1.4122201,0.75082684,-0.9777981,0.86776745,1.3453767,1.9067206,-0.530783,-1.2610474,-0.116783954,-1.2868105,0.6040936,-1.0232705,-0.7410055,0.38852718,-0.0665157,-0.03174927,-0.89747095,-1.6697195,-1.7246895,-0.4399786,-0.76665044,-1.3565334,-1.8081033,1.1233703,1.5907366,-0.79302645,1.9000657,0.9434521,0.20348655,-1.7426746,-0.7852442,2.3235433,-0.54917145,1.2271223,-1.382652,-0.3313151,0.1893512,1.2114491,1.4108115,1.8152847,-0.6122108,1.1331283,-0.5664182,0.25897777,0.83762944,0.47369164,0.35342407,-1.7268924,-0.7168136,-0.30875802,0.5494732,1.4422435,-0.21645997,-0.2043834,2.3093097,-0.73743504,-1.1594616,0.38372585,-0.26889157,0.7425784,-1.6234356,0.42943233,0.8470097,0.8105488,-1.7615285,0.44130194,-0.14880091,-0.9850606,1.018456
Q9C000	-0.5287147,-0.96387976,-1.0838388,-1.5849272,0.31381828,0.20308153,0.21331373,1.1978364,0.9862184,-1.121791,-1.4966631,0.8131943,-1.7875239,-0.98791337,-3.1949713,0.2716315,0.75207627,-1.5404792,0.88684213,0.90081066,1.5638708,2.162909,-0.18516302,0.3251888,-1.250866,0.20995362,0.3832012,-0.12954372,-3.2886581,-0.09146933,1.1326867,-0.8799088,0.093242295,-0.57468694,-1.6370273,0.86171126,1.0600765,-3.0906234,-2.0921528,0.71875167,0.6534488,3.3033016,-2.2432032,-1.0170718,-1.7739813,0.08015756,0.8623402,-0.47578412,-1.1374123,0.96572804,-1.025902,-0.4861274,-4.6864116e-05,0.7026017,0.5676275,1.8123635,-0.7816152,0.8290675,-0.2832768,-0.4606714,0.29887506,0.5990579,-1.8724469,1.8648144,0.12540081,-0.2533932,-0.46423882,0.4519634,-0.31648302,0.10410541,-0.34095424,-1.8224856,2.3597505,-1.1920276,-0.04275708,-0.83770657,-1.2111163,-1.3001547,1.5858294,0.11779757,-1.1162672,0.07194637,-3.1494682,-0.27289203,0.20909302,-1.5589929,-0.018732915,-0.7208721,-1.0373774,2.269282,0.21049158,-2.4692082,0.91083616,-0.062781416,-0.77938366,0.39671478,-0.07037672,0.09979627,0.08693882,-0.19914031,-0.17659849,-0.23556755,-1.9504647,1.0079497,0.7473724,-0.48015028,0.67610866,1.6053454,-1.4816031,-1.3279434,0.6108177,0.868428,0.0024235926,1.5547358,1.5891116,-1.1134598,0.5324549,-0.37175113,-1.3920712,-0.61474615,-1.2239281,-0.3334017,-1.3838745,-0.2154552,-0.6404464,-0.17304118,0.953622,0.16279526,-1.0358549,0.18569067,-0.035353154,-1.6296132,2.1231658,-0.36094418,1.3239295,0.5208147,2.434515,0.41169262,-0.8511493,0.82037973,-0.32645065,1.1849058,1.1251936,0.05482922,0.2751247,0.70166653,1.0901846,-0.41313556,1.0230315,0.3425034,1.7887181,0.57730883,-0.8327394,0.35241514,-0.39824468,0.9182222,-0.10021671,2.108516,2.0098457,1.136078,-0.8042204,0.5532083,1.1203827,-1.5969605,0.51361907,-0.21586308,-0.59315014,-1.3458917,2.1925688,0.7110997,1.384235,-1.232604,-0.62827927,-0.30339476,0.9574049,0.59917414,-1.2038093,-1.3452562,-1.8598641,1.2994164,0.41251427,1.0881429,0.8141263,-0.38531846,0.46144623,1.0105306,-1.147155,0.39368057,0.26804146,0.27452433,0.30758643,0.29994518,0.40415716,1.3409604,0.24587642,-0.58378416,1.4191813,0.83854944,0.22811767,-0.16693632
Q86YW7	-0.8715645,0.13362494,0.5508835,-1.5070276,0.8081116,0.5371469,1.219138,0.7280904,1.1752926,-0.034983907,-1.1969684,-0.25822708,-0.9203937,-1.614643,-2.4317555,0.74597955,0.21244071,-1.2078032,1.0324003,1.139364,2.2089937,0.8064127,-0.77150786,-0.14062986,-1.5680262,-0.8878446,0.8335933,0.8227252,-4.0593467,-0.9784625,2.8210986,-0.3254022,0.95458776,-0.3504427,-0.73915446,-0.012279566,-0.25815898,-3.138569,-1.5009588,1.9077743,0.5524505,4.276602,-1.9461386,-1.3528173,-0.213381,-0.6479508,0.92101777,-0.7442288,-2.3848743,0.9645999,-1.1427395,-0.3516362,-1.066517,1.0650504,-0.51871127,1.9663845,0.18985102,0.15224968,-0.020634532,0.3833547,-0.14341319,-0.053117704,-1.2531191,2.00478,-1.4096847,-1.0431179,-0.3442795,-0.6273096,-0.4294104,-0.5116566,0.8997759,-1.678536,2.6371622,-0.6081331,0.43391836,-1.2542076,-0.6407092,0.5391541,0.28989407,0.58588165,0.55925196,0.29861072,-2.512294,0.14216308,0.4400112,0.15701655,0.9632191,0.76730317,0.63048214,2.68605,0.24201179,-1.9798377,-0.41329673,0.13623002,-1.6388584,-0.62543756,1.2618806,0.6867934,0.34118,-1.2039213,0.8104465,-0.5601941,-1.5608712,-0.28160372,-0.5061052,0.353353,0.35882315,0.99301624,-2.0063367,-1.4003156,-1.6506655,0.8465263,0.37547544,1.4409592,-0.6541641,-1.0236973,1.9112847,-1.6886353,-0.42743388,-0.29396763,-0.6883807,0.7570522,-1.1106324,-0.9349742,0.37358543,0.5701191,0.060071174,-0.3824046,-1.34694,0.34251466,-0.12113045,-1.534823,3.7422383,-1.801318,1.8495445,1.7077556,2.1333323,-0.3506442,0.37355366,1.9302253,-1.2294847,3.3141844,0.5568292,-0.7879282,-1.0109541,0.4780189,1.3524793,-0.64777756,0.87146014,1.0766654,1.6681513,-0.06311879,-1.8082051,-0.71716243,0.6229539,1.479203,-1.4185843,2.1405072,1.3033779,0.40988508,-0.44448492,0.21368265,1.2278514,-2.793802,0.31133178,-2.93338,0.14528644,-0.92102367,1.1002632,2.405315,0.7368715,-2.2714877,0.29670873,-0.7364437,2.1774433,-1.0688986,-1.1437142,-0.6659008,-1.425112,0.12956527,-1.4762152,0.6666217,1.2350904,-1.4345604,0.786425,1.3196028,-1.4230968,-0.106218696,0.29691905,0.301787,2.4546113,-0.4680319,0.06135606,1.5192397,0.92189234,-1.672078,1.3390467,0.94097054,-0.4162303,0.30990344
P48059	-2.2235718,1.1832666,0.02596659,-0.98412466,-0.047141895,1.5991297,1.1363982,1.9184462,-0.0014947468,0.03420415,0.92025095,0.016613767,-2.2256954,-0.15094185,-1.4546632,1.8229288,0.05864206,-0.84037644,-0.72072256,0.4767509,1.0376778,0.68640876,0.5166033,0.6439683,-1.5673805,0.38816127,0.44943696,0.7597145,-2.5160801,0.18804367,-0.18832695,-0.74890274,-0.7855257,0.8054514,0.42774826,0.6373337,0.056866463,-3.0017385,-2.4395063,1.7417716,1.4728549,0.7117526,-1.9407536,-0.9278466,1.2349437,-0.97101676,0.9256907,0.7491593,-3.4806993,0.3195927,-0.23346657,-0.25162897,-1.4888686,0.39305824,-0.32217005,2.0144877,0.24929297,-0.03412217,-0.76436263,-0.1871046,0.5758249,0.76716125,-0.6734611,0.43147635,-0.20971343,-1.1668093,-1.2718793,1.223241,-0.707366,-0.30087417,0.5870505,-1.6536319,1.1445211,-0.70403236,0.19377697,-0.07677782,-0.37434462,-0.828658,1.1473864,0.2002024,0.88896996,-0.7583617,-2.2538087,-0.5739129,0.07753121,-0.21403635,-0.30541214,-0.44097644,-1.4579244,1.0393392,-0.87041694,-2.1445427,2.1892307,0.9167441,-1.5030861,0.45084924,1.2968829,1.3594766,0.61947584,-0.94346905,0.5137244,0.46925932,-2.2760518,-0.8548623,-0.6892266,0.54786354,-0.11364479,-0.7555026,-0.47737896,-0.37370232,-0.9009553,0.35559294,-0.8677594,0.59272677,0.25752935,-0.9709473,0.240562,-0.7924471,-0.7090457,-0.012922385,-0.21030001,-1.0636203,-0.1931675,-0.886464,0.48772386,0.8405862,1.1943578,-0.19234648,-1.8711095,0.27678216,-0.20923576,-1.1230106,1.3009487,0.047790933,1.0529182,0.4999649,1.864702,-0.065644845,-3.1579018,1.9279226,-0.11733623,1.3302276,0.38725695,0.011333336,-1.2215754,0.87951607,1.2651525,0.74654967,0.13086048,-1.2267127,0.3861097,-0.8685377,-0.22203073,-1.147532,1.0269145,0.702978,-0.8471796,1.6344252,0.9875803,0.74198645,-0.81770676,0.46792665,2.3698378,-1.672116,0.5871518,-0.89301884,0.09595709,-1.6718031,0.7075673,0.58122414,1.3217087,-1.4348395,1.0533191,-1.3680764,0.5230074,0.8043953,0.36580682,0.2980989,-1.5561651,0.7665756,0.021364374,1.1453348,0.58407074,-0.027451605,0.38480315,1.4570296,-0.5450535,-1.1368928,1.4654112,0.12618026,0.06472567,-0.40660173,-0.51766735,0.058540992,0.6580933,-0.8544777,0.5696925,0.27029383,0.8042744,0.32995442
P49116	-0.6192519,0.4341281,-0.9551111,-0.37886503,-0.26208276,-0.2023427,1.313943,0.15740018,0.51792485,-0.9018966,-0.53225166,0.62745327,-0.5504573,-0.38192004,-1.3187153,0.649464,-0.1814386,-0.66044575,-0.6213858,0.022812111,0.9091003,1.4204695,-0.30568218,-0.0057103457,-0.6171803,-0.9387696,0.7248811,0.6571318,-4.745935,0.685211,0.7477837,-0.83791363,0.975077,-0.18746509,-0.9304121,-0.48988944,1.12872,-2.0019214,-1.1925989,0.025206493,1.0335531,1.4497864,-4.0387454,-0.27949926,-0.73284125,0.77999085,0.7308062,0.48849383,-1.5784314,2.4618297,-0.71967554,0.73770237,-1.2956705,0.95348704,1.8049642,2.3037372,-1.0800439,1.2027781,0.70819163,-0.21813497,-1.1354479,-1.1514472,0.057124346,1.269853,-0.8103421,-0.5484177,0.77854234,-0.024787065,0.3637961,-0.79351544,0.6560399,-2.0217369,1.6871473,-0.06257701,-0.6317803,-1.6289997,-0.78720075,-0.6779834,0.9244628,-0.7250731,0.025390133,-0.33527285,-3.644884,0.5582704,0.46774447,-0.54808646,-0.46193907,-1.5610977,-0.1920528,2.051702,0.6160893,-1.6365712,0.7412624,1.020814,-0.8736729,-0.42798305,-0.26013997,0.109100126,-0.5306173,-1.2630295,0.08039642,0.73439085,-1.0376707,-0.3379775,1.7102968,0.6193862,0.70325124,-0.31862816,-1.1955768,0.23577735,-0.4050723,1.0072143,-0.3138594,1.636663,0.6994761,-0.7811968,0.4795305,0.34767944,0.53400403,-0.858907,-0.9143363,1.6943843,-2.189463,-1.4308634,-1.0173035,-0.24373649,0.4746445,0.60984206,-1.0207219,-1.0598891,-1.740505,-1.3732811,0.52032256,-0.2148833,2.7693663,0.97886664,1.7456071,1.8006452,-1.5577972,1.3137474,-0.38014743,-0.014028258,1.7129798,0.66622454,0.8138778,0.4378972,0.43619597,-0.42078418,-0.35763478,-0.43597376,-1.0645869,-0.014593046,0.26177236,-1.0168747,-0.5841824,0.95080584,0.00498702,1.8430767,1.1270337,0.39316782,-1.629336,0.5051921,1.8439168,-0.5003275,-0.18356417,-1.6538427,-0.4383833,-1.4526793,2.7916486,1.3808745,0.00021870846,-2.6405518,-1.3259002,1.3153937,0.9162261,2.2706342,-0.9751073,-1.4596475,-0.49296722,0.8568239,-1.4098198,-0.48017493,-0.0051584044,-2.4755585,-0.39026594,-1.1701698,-0.66331124,0.68330383,0.24622309,0.0016501241,-0.46648818,-0.7904694,-0.1355107,0.8873937,-0.052760225,-1.3546302,0.27963242,1.0346674,-0.9891724,-0.10464351
P61221	-0.0340712,0.06621034,-0.14655446,-2.433728,-0.40890244,-0.1744394,-0.1851655,0.801294,0.35399023,-0.4799149,-1.2328881,0.14292142,-1.0467069,0.34667957,-1.684855,0.60286754,0.5476837,-1.252536,1.6051388,1.216585,1.9224668,0.48579663,1.4945681,2.39075,-0.30525845,0.51237696,-0.4981733,-0.86686736,-1.3759135,-0.59997314,-1.5044372,-0.7484242,-0.38105544,-0.15996377,-1.0320103,0.660493,0.25781947,-2.776153,-1.5574008,0.87139654,2.0754426,3.1406882,-1.5735211,-0.957569,-1.1672906,-0.19309199,0.001321533,-0.8257999,0.4739524,-0.3987203,-2.3044486,-0.93175715,-0.6112182,0.2629944,-0.05328519,1.9865297,-0.56132925,0.048238464,-1.048722,-0.28304523,-0.14962246,-0.8655241,-2.3392208,0.7251609,-0.3196146,0.53273,0.33524418,0.3621902,-0.7878403,-0.43636474,1.3098612,-1.2284592,3.057445,-0.7147105,-0.08390619,0.042559672,-0.6949915,-0.61106765,1.0903678,-0.54180324,1.4455532,-1.0170009,-1.4394286,0.21200149,-1.2948811,-0.43222,-1.1370512,0.11460039,-0.44505376,0.8566888,-0.50984913,-1.7122381,-0.28960153,-0.3297153,-1.0528555,-0.22241937,0.9560062,0.8689072,-0.6692852,-1.5809566,0.39687416,0.31087774,-0.97722024,0.7576024,0.76705354,-0.7846606,0.5980268,0.9337067,-0.41611564,-0.9278097,1.4746814,-0.093051344,-0.97729445,1.9072784,2.854044,-2.154209,1.4441862,-0.50580776,0.35278705,0.050648436,-0.42387825,0.5979176,-0.42480403,0.25211212,-1.0001516,-1.609028,0.90737784,0.113944665,-1.0717694,1.063528,0.7432165,-1.5907352,1.4920361,-0.025723325,1.1540056,0.7926287,2.324265,0.29391527,1.0236344,1.0503163,-0.475681,-0.15788257,1.003051,1.692958,-1.0070423,1.3883079,0.8932267,-1.5621709,2.3635406,1.910844,1.0351765,-0.7336613,-1.6209481,-0.2949758,1.3178885,0.81945574,0.93519676,2.6073482,-0.38221005,0.68217283,-1.6475215,-2.5333562,2.4184294,-1.5299414,0.7863771,-0.08044202,-0.07381331,-1.2642175,2.8463905,0.8797241,2.4745302,-1.1390932,0.96472496,-0.0722822,-1.1650655,-0.55020326,0.2897392,0.24575914,-2.341509,0.5215345,0.2566185,-0.73060924,0.44732833,-0.49015796,-0.73244774,1.2602774,-0.4692365,-0.91408145,-0.27175984,0.9891477,0.19395651,0.03429793,-0.45428798,0.7963941,-0.2156187,-0.48535478,0.7893964,1.2815478,1.0106823,-0.8139554
Q9HD34	0.8721558,-0.48560578,2.7810464,-2.1713564,-0.16792257,-0.52985835,-1.3779417,0.50073063,1.2089802,0.31336027,-0.99945295,-0.44234735,-0.6287778,-0.8610345,-0.81927437,-0.1930006,-0.48060918,-1.2832121,0.99451303,1.3065588,2.4188533,-0.95603085,1.5149735,1.9074148,1.4737298,0.05671956,-0.01247244,-1.6134055,-1.8657705,-2.003281,-1.2664598,-0.75917244,-1.5744021,0.2801567,-0.23921433,1.2554878,-0.5764858,-4.147719,-0.99756926,-0.7280059,0.96947676,4.980113,-0.68168765,-1.3620864,-0.6366304,-0.23748726,0.25513905,-1.499376,2.5089521,-0.5139948,-1.7247224,-0.23985556,-0.119287655,0.87275773,-0.3469982,2.2406983,0.20065263,-2.223193,-0.10050868,0.8036908,-2.2726884,-1.1721747,-2.6569085,1.541424,-0.7967568,-0.15641259,-0.018775776,-1.1342863,0.30405977,-0.01202087,1.0685835,0.28016382,3.167269,0.09361503,-1.3391469,0.28789005,0.5961723,0.9316237,-0.1871522,-0.8209755,2.2903733,-0.2562896,-1.2950131,1.7467483,-0.87823147,-0.7271934,0.3956367,1.2355256,0.85995454,1.6594987,-0.52654284,-1.0306255,-1.5006632,-0.47860762,-2.246344,-0.07021099,2.4574068,0.72720516,1.136899,-1.9562446,-0.62835515,-0.47949934,-0.9445558,0.4648484,-0.5462834,-0.004171501,-0.6421894,0.65735114,-0.6572728,-2.3174872,0.7832189,0.44587913,2.0752263,2.6813188,0.280014,-3.0540924,1.8519465,-0.39825255,0.19696194,-0.22003417,-0.653276,2.22536,0.27980092,-0.9011899,0.40432066,-2.516134,0.13969563,-1.5244156,0.23139837,0.2794608,1.3151565,-2.2383184,1.2663938,-2.2035074,1.6579342,0.99888426,1.8163068,0.07300977,3.7899747,1.4508182,0.14175473,0.6705392,0.22722055,-0.5501747,-1.1340073,-0.49539402,1.6564324,-2.3232744,1.3430774,1.2884766,1.0630449,-1.5308195,-3.0076306,-0.926564,1.2811728,1.5087525,1.047289,2.8863993,-0.5588243,0.63323116,-0.32720688,-2.0696068,1.7039493,-2.696262,2.093277,-1.7444372,0.020949809,-1.3506744,2.8981068,1.2874783,1.0731708,-2.7169092,0.35635036,0.21565713,-0.3843122,-2.1020708,0.27978042,1.2243869,-2.123405,-1.1318965,0.29838717,-1.5643235,0.23070367,-1.2851293,-0.69061816,1.698841,-1.2518053,0.00433843,-0.6311412,-0.057039034,0.93781257,-0.8132131,0.42651433,1.2227029,-0.8054272,-1.0468519,1.8201873,1.6628251,-1.0723239,-0.9379897
O15240	-1.1809471,0.21095765,0.6295685,-1.3393904,2.2295222,1.2004144,0.8156737,-0.24553037,1.7208875,-1.565947,-1.2960069,1.2375077,0.19127995,-2.2106624,-2.001623,0.38459265,-0.06788095,-1.0061917,0.08618093,-0.24434075,2.2767732,0.42852095,0.50487286,0.26025766,-0.07720762,-0.22194797,-0.008630888,0.34379357,-2.8477616,-0.37728456,1.7907517,0.17357126,0.048409972,0.42853308,-1.1653376,-0.35501677,0.14447121,-1.5047581,-1.4688962,1.8802762,0.073560916,3.2698116,-1.2512336,0.43933302,-0.6980751,-1.1249573,-0.61240137,0.41956782,-1.7726767,0.5624737,-0.5373022,1.7954044,-1.7010283,-0.119613215,0.11623177,1.5406865,-1.6809691,1.3429047,-0.04470577,-0.33599672,1.0186288,-1.8161731,-1.8139621,1.0597774,-0.8978976,-0.4361862,1.2215883,-1.3914181,1.2831428,-0.66318727,-0.4597777,-2.1480176,1.1543769,1.4135928,-1.3757969,-2.0253353,-0.2788131,1.2458857,1.1864913,0.10098309,-1.0053432,-0.998995,-3.9567983,1.1522841,0.90347564,0.09328479,0.05784954,0.6369564,-0.09511025,1.8469998,-0.027325347,-1.208065,-0.3897434,1.532423,-1.0527567,-0.6924964,0.27460507,0.11304197,-0.50363123,-1.7066394,-0.59073323,-0.91207975,-0.96153855,-0.015323769,2.126896,-0.33639097,0.3336296,1.327685,-0.8147664,0.6827879,-0.18514039,0.97693074,0.6313122,0.21239744,-1.8345009,-1.4595815,-1.1709968,-0.43081868,0.50080395,-0.8785705,-0.16286309,2.147509,-1.6747679,-1.2849196,-1.8912438,0.5656234,-2.052621,-1.503107,-0.61601514,0.1856272,-0.16942921,-1.2788904,1.6863848,-0.758249,0.5280133,1.2298912,1.5247059,1.0435593,1.2089489,0.4397594,0.39874583,0.72861844,-0.15971613,-0.9788173,0.1021106,-0.65917623,-0.09467104,-0.41885698,0.7965071,1.3059101,0.38738772,-1.0261992,-1.8423423,-0.04756653,0.8837848,1.5004152,-0.48469192,2.5240192,0.45691973,0.528058,-1.5114179,0.052412383,2.0213163,-0.8839401,-0.04861715,-2.1292138,-0.24166803,-1.9128585,2.2627177,1.8267343,-0.11808357,-1.4291601,0.42141092,0.31031072,-0.41927588,-0.50061274,-0.80618984,-1.5406891,-1.9498237,-0.023190437,-0.59488297,-0.6273157,1.1292249,-1.1536963,-0.38186675,0.6649406,-0.7801756,-0.042651188,1.1022594,-0.6850834,1.615896,-1.9329458,0.16202492,1.8314036,0.069822796,-2.8919501,0.2614135,1.5410025,-0.6914589,-0.66457784
Q9BRP8	-0.7016788,0.95884424,0.58374274,-2.1122804,-1.5616903,-0.839381,0.17441198,0.85866,1.6358337,-0.6721428,-0.92542875,-0.3553858,-1.6363317,-0.029108401,-1.4959517,0.9161563,-0.6682591,-1.0663443,0.96673024,0.5495957,2.393407,0.37895828,1.3204829,2.1647592,0.5822993,0.32917488,0.38114372,-1.2318584,-2.7324793,-1.3426039,-2.085705,-1.2929115,-1.1065711,0.31479514,-0.49006742,1.4369314,0.8214489,-2.9029195,-0.46488416,-0.43614122,1.9072973,2.7834415,-1.620644,-1.5823389,0.37391856,0.2104754,0.4426699,-0.11304357,-0.23541328,-0.37843022,-2.1342096,-1.0550182,-0.8509599,1.3620832,-0.89115924,2.8916888,-0.463799,-0.65306544,-0.29981318,0.30502164,-0.730451,-0.628545,-1.1312672,0.28304237,-0.03922154,0.08154605,0.39877266,0.37412217,-1.5976826,0.6837615,1.1784668,-0.88764286,3.2036529,0.26942778,0.059129473,0.6521973,0.03182217,-0.5152512,0.45883054,-1.2340437,2.2857928,-0.6103039,-1.7329764,1.3527735,-0.13027221,-0.8989208,-0.6075275,-0.58173805,-0.42447868,1.1117135,-0.10191456,-1.6740539,0.22113076,-0.1472091,-0.9566522,-0.10383413,1.5226382,1.848518,0.5333375,-1.6969506,-0.56552327,0.8224911,-1.8857865,1.539965,0.055684183,0.26568893,-0.12986448,-1.5371644,-0.9509574,-1.0996292,1.8735445,0.7847212,-0.18234946,1.7129745,2.4447196,-1.7486457,0.8935825,-0.48286286,-0.41841546,0.18461907,-0.6680466,0.7376358,-1.1746832,-1.1943125,0.56269103,-2.250137,0.7573297,-0.10693185,-0.8127048,0.36234146,0.13085699,-1.7410988,1.1666152,-0.6325773,2.238714,0.69003147,1.2465426,0.71263355,-0.38391548,1.4051467,-0.7140304,-0.5881829,1.2791018,0.85014766,-0.35591763,0.2437093,0.6327155,-1.3053678,1.9834796,-0.68908226,0.29545838,-0.8255863,-1.2001446,-1.6215575,0.44421947,-0.23742303,0.5798512,2.936663,0.33003664,0.16507587,-1.2050241,-1.6750766,2.2271175,-2.217396,1.4881673,0.2060895,0.035061434,-1.1507478,3.827439,0.83129245,2.1188056,-2.3607535,-0.8948002,-0.63015825,-1.2750909,-0.0023905346,0.22087,0.115764596,-1.4741337,-0.19650497,0.4486762,-0.21577275,-0.09321775,-0.69979817,-1.1725137,0.54139805,-0.71509206,-1.1160858,-0.05622383,0.9442581,-0.009606347,-0.36089903,-0.26762408,0.5827261,-0.22347149,-0.40379983,1.0798206,1.5269127,0.44306362,-0.87646455
Q9NR33	-0.38483623,-1.0745467,-0.01131333,-1.2628542,-1.3577982,-1.1857334,-1.0731076,1.3338636,-0.114437364,-0.46759978,-0.596613,0.1683524,-1.3281851,0.6314809,-2.6751587,-0.5733317,0.08829529,-1.6688018,1.5198593,0.6820412,0.55650526,0.5134688,-0.12799178,0.7768373,0.22061867,-0.16066836,-0.27176067,-0.9287075,-3.4227722,-1.1104017,-1.0447361,-0.7502711,0.33054763,0.65546596,0.44829154,-0.21661548,0.4855548,-4.28148,-1.625045,-0.3688652,0.76025397,3.7181475,-3.5673852,-0.7256813,-0.9155679,1.2657309,0.92609775,-1.1025695,0.6584816,1.2279463,-0.6533778,-0.5828518,-0.6074505,2.474291,0.7864005,2.103146,-1.2988212,-0.5363818,2.1076279,1.0078863,-1.6442682,-0.11309339,-1.1498777,2.374551,-0.059029475,-0.85017514,-1.6804527,-0.5429767,-0.3614956,1.2398052,-0.46826723,0.6551679,2.6809416,-0.7247997,-1.2190796,-2.0118387,-0.09196416,-0.32709008,0.21761723,-1.2949466,1.1663138,-0.40871456,-1.3905798,0.4080381,-0.5197156,-1.1009076,-0.8384534,0.050072093,-0.27780098,3.0230114,-0.049846128,-2.2409441,0.04358975,-0.6538001,-1.1999104,0.030155316,1.5756226,-0.27714378,0.58664554,0.35370404,0.6781651,1.3225272,-1.2806948,-0.4748339,-0.25500876,0.55328804,0.101620235,-0.67592996,-1.1838933,-0.8020377,-0.94721067,1.5918604,-0.3823878,2.9851117,1.5123091,-2.4583943,1.0410826,2.5279205e-05,-1.7066898,-1.2594385,-1.0998125,0.90321785,-0.23036103,0.017768214,-0.60590976,-0.0027350406,0.6245079,0.15837604,0.23329106,-2.0672436,-0.42742825,-1.5990157,1.2273873,-0.9688261,0.913481,2.2295592,1.2014127,0.17928846,-0.22033288,1.328679,0.35625574,1.2657272,1.6312927,1.741178,-1.0450405,-0.2767021,1.0889293,-0.9914885,-1.1846462,0.3927972,-0.113965586,0.93932754,-0.24075267,-0.04255012,0.36340985,0.5525603,0.69862515,1.7975891,0.89851844,0.20023093,-0.18502328,-1.1193023,2.3468456,-1.1967453,2.3236873,-0.7593097,-0.7149844,-1.9633645,2.3048015,1.5584948,0.89265454,-1.4891218,-2.26891,0.35783866,0.51545554,-0.5877387,1.1162554,0.109266944,-1.3568027,0.8829927,0.33022535,-1.079358,-0.019505827,-2.2569685,0.68915457,0.49438003,-1.7112819,0.97699887,-0.57407343,-0.5051393,0.14388031,-0.8330974,-1.2597512,1.4923061,-0.7319109,-1.8896472,0.79033256,0.44368842,-0.61522496,-0.32628205
P35326	-1.3998766,0.67591274,2.3438418,-0.97831607,1.1324728,0.85325825,-0.47588256,0.5398878,-0.14593467,-0.34143335,-0.18732241,0.35747823,0.37493995,0.35938388,-0.81637186,1.2240608,0.5325805,-0.88851947,1.1561056,2.1009266,2.4213884,0.3729011,0.4808553,2.4110696,0.8268974,-0.6160312,-0.38209665,0.8304302,-2.8641043,-1.6870283,0.016765932,-0.045743372,0.23403563,1.8701731,0.042618137,0.062053565,-1.0759444,-3.9022417,-2.146905,2.1039505,1.1503862,4.194508,-1.7354146,0.13433337,-0.81026876,-0.57657623,0.7201021,-0.48932198,0.989279,0.59047127,-1.7762789,0.64009476,-1.1096795,1.2385186,-0.5346258,1.8182017,0.1433386,-0.8215223,1.171722,0.010505902,-0.8281819,-1.3803929,-1.7036165,1.8151476,-0.5166008,-0.4051781,-0.610111,-0.48610008,0.8374008,-1.5379766,0.88898253,-0.5281782,1.4015747,-0.28211215,-1.8077152,-1.2158258,0.18027107,0.04655436,0.16027045,-0.58823395,1.0496215,-2.53465,-2.3605845,1.3390344,0.16682525,-0.6843801,0.67698413,0.2286722,0.2776842,2.4282928,-0.80851465,-1.3107405,-0.5053349,0.23221865,-0.9379514,-1.0965189,1.1365184,0.28075814,0.24467212,-1.6438522,1.4877048,0.9412165,-0.4686977,0.16282044,0.3425014,0.542826,0.510247,0.53015924,-0.6279931,-1.0929543,-0.45575485,0.6131872,-0.44786504,2.7626584,-1.3117504,-3.8432,1.0135639,-0.008036145,1.2249293,-0.42772704,-0.08851928,1.2388052,0.5478065,-0.7631542,-0.1932745,-0.62501115,-0.32962626,-1.635926,-0.3950088,-0.35160407,0.63636786,-2.1668382,0.41023514,-0.9719241,1.3139628,1.8763375,2.89703,-0.11258926,0.92865247,1.3437262,-0.69965196,0.73609966,-0.57357675,-0.14167206,-1.660181,-1.0482345,0.70051026,-1.8124074,-0.24727486,1.3044684,0.2069044,-1.7449403,-2.0649993,0.53638256,0.67953306,2.126414,0.7957813,2.1591184,-0.571054,-0.4285827,-0.059287045,-1.1955452,3.5602412,-1.3063182,1.9241527,-2.510453,-0.73682773,-1.4332545,2.6206453,1.6613141,0.62862414,-1.1451297,1.0046196,1.6364982,0.6419124,-1.430887,1.6938112,0.17715098,-2.5244815,0.31612268,-0.5556969,-1.8366135,-0.38223743,-1.9142182,0.2083334,2.7729907,-1.7584752,-1.6865422,0.95644265,0.067680694,0.56121516,-0.7108924,-0.15474798,1.0001094,-1.7093818,-0.5632849,1.1519717,1.1100203,-0.45658258,0.067586556
P49238	-1.0796441,-0.22028776,-0.80009335,-1.0207388,1.8374331,1.5148151,1.4851427,0.8266262,0.08136473,-0.9639705,-0.42073938,-0.005265081,0.44104093,-1.187724,-1.255416,1.436596,0.2559742,-0.3032286,1.3878045,0.09740167,0.34636432,0.8669527,-0.8543689,-0.9959424,-2.5056024,0.1668699,0.5868144,0.91554964,-3.2569137,0.73169535,1.8147479,0.1457309,0.43604988,-0.2772776,-0.10781446,-0.0895941,-0.384814,-2.1893578,-2.6604505,2.2294264,1.0061406,1.6695844,-2.1931968,-0.55740684,0.23116577,-1.2748897,0.41664565,-0.06666488,-3.872521,1.53317,-0.9211734,0.52343106,-1.9091355,-0.3052442,0.3188187,0.18486595,0.32405317,0.6815163,-1.1562572,-0.6470873,0.6371656,0.22420311,-0.8658215,1.1579217,-0.34608322,-1.4992484,1.1166272,0.70210767,0.860782,-0.7725328,-0.19603425,-2.4990141,0.8199754,-1.2795407,-0.5242836,-0.0038976271,-1.3777021,-0.49654892,1.2177488,1.1033053,-1.0105389,-0.97946626,-2.61883,0.07582286,0.6824886,-0.902776,-0.26511908,-1.1861743,-0.5388216,1.5814725,0.16846438,-1.788119,1.0731163,1.7408608,-1.1741766,0.4920368,0.22163427,0.8809766,0.7725782,-0.93854374,0.85685563,0.39593646,-1.4304307,-0.604036,-0.36916822,-0.8221096,0.18913369,1.5417578,0.22273044,0.11909203,-0.93451387,0.6935138,-1.3787497,0.42593458,-0.29714313,-1.3036194,0.0022203734,-0.74308866,-0.9837733,-0.34280282,-1.1979703,-0.0511622,-1.9670131,-0.65874684,-1.1626593,0.5813049,0.12260184,0.80839384,-1.2584193,0.96648395,0.066404074,-0.94517463,2.1294305,0.25308707,1.6848806,0.33495972,3.0116842,-0.5233724,-1.5743358,0.5243639,0.074384734,1.4227036,-0.25201073,-0.16712897,-0.15510279,0.18312928,1.2480735,0.32518047,-0.21335164,-0.14831798,1.3182838,-0.82941955,-1.3861393,0.72593546,0.2864471,0.91343975,-0.35294044,0.87591124,1.5327924,0.5980406,-0.6217028,0.52890134,1.6936207,-1.3829688,-0.20348902,-0.9438346,-0.20894809,-1.123621,0.89238447,0.36656952,1.5625914,-0.25408587,1.3394483,-0.17519718,1.5880072,0.83392996,-0.6386208,0.30440953,-1.7201295,1.2926941,0.22072476,0.6529846,1.6686902,-1.1356049,1.2853919,2.2390747,-0.18287843,-0.7014541,1.8429757,0.091758944,0.32294863,-0.745161,0.27298608,0.9357274,-0.10559611,-1.5797251,0.66846216,0.049946744,-1.6932156,0.9338731
Q9P2M7	-1.3663131,-0.7431446,1.2041066,-0.7841156,-0.58032244,0.93788177,0.49545652,2.3725672,-0.094993785,-1.4129448,-0.38416275,1.3410294,0.53326255,-0.58092284,-2.1134636,1.0527138,-0.6045675,-1.237759,2.6587605,2.0486002,1.9894532,0.6697055,1.5458999,1.458431,0.67948955,0.012930942,-0.78511655,0.7476201,-2.0882967,-1.975068,-0.58802974,0.35378197,-0.36688164,0.85822755,1.2883703,1.785774,-0.9350068,-4.6913247,-1.5898496,0.6930028,0.77833766,4.1759324,-1.9244599,-0.9725456,-0.49565464,-0.3817955,1.0675952,-0.47947967,-0.9300041,-0.06421714,-1.2757404,-1.2916414,-1.6276159,1.9460427,-1.504388,0.07473936,0.27211535,-1.4899368,1.7813426,-0.7121577,0.1504034,-0.5720008,-1.4050847,1.4501894,-1.5110292,-1.0032192,-1.5918355,-0.49861014,0.21149684,0.27914682,-1.8969964,-0.8562257,1.9424638,0.884918,-1.2841244,-0.3578533,0.36342302,0.14286019,0.25382748,-0.7271784,1.5276489,-0.38840988,-0.9943158,0.42820346,0.46436194,0.2124691,0.5623259,0.05292987,-0.059278067,3.055428,-0.60754925,-3.426366,1.3939561,-1.3044217,-1.5805448,0.63838106,2.0760148,-0.104025066,0.38595977,-0.846229,1.1122912,0.014744092,-1.1415817,0.15981919,-1.2352426,0.029031385,0.40713212,-0.27433488,0.27562436,-1.4622333,-1.1363425,1.468414,-0.35352093,2.4397106,-0.46466407,-1.795637,0.93270904,-1.9992095,0.0943871,-0.76441336,-0.42312524,0.26192024,-0.18459465,-1.7103423,0.4677619,0.12492336,0.94196,-0.7103261,0.9079023,-0.32718593,0.19221978,-1.1412268,1.4004165,-1.0162078,0.9035488,1.4508317,1.4523478,-1.7798796,-1.4276785,0.58424866,-0.49861053,2.0526924,-0.021393586,0.38662958,-1.5966442,-0.77101374,1.6972208,-0.82373625,-0.83234453,0.099422015,0.6502815,-0.48746777,-1.3724748,0.17994122,1.4405993,1.4002664,-1.3855009,2.3368402,0.83851767,-0.2066384,0.80935216,0.29295152,2.7536275,-2.581886,3.1623175,-2.0961304,0.6516788,-1.2295294,1.539975,1.8837264,0.7048511,-0.9830818,0.26851985,1.5432255,1.8069243,-1.8808346,1.3611531,1.634708,-2.0421517,-0.3527854,0.816012,-0.7731562,1.4044144,0.8109622,1.005508,3.136679,-0.5983913,-0.15506749,-0.08702206,-1.6136174,1.2061911,-0.45611045,0.33099493,0.88036054,-1.4371878,-1.1724213,1.3265522,-1.2723646,-0.20521754,1.0769064
Q9NVR2	-0.44513083,-0.21917565,1.2625219,-1.3594455,-1.1118312,-1.5287852,-1.9299775,0.76935536,0.90347165,-0.44031122,-1.0954497,0.09349685,-2.0104578,0.7677424,-2.4087071,-0.40951526,-0.057677973,-1.0824012,0.6913934,0.72923726,2.6862717,0.30715197,0.45771813,2.6652987,0.9347252,-0.33818898,0.13862875,-0.7607027,-3.1039507,-1.0407449,-2.1660404,-1.1676282,-0.43807152,0.81298214,-0.6105305,0.27588645,1.2007077,-3.9952278,-0.9931676,-0.28553206,1.3847344,3.556362,-2.5185156,-0.6952362,-0.5306147,0.98816663,0.9243647,-0.20569655,2.098591,1.3328261,-0.83543974,-0.4260074,-0.20579351,2.3088996,0.4963236,2.5012832,-1.9207488,-0.77900213,1.6670296,0.834239,-1.7154305,-1.2433821,-1.4149654,1.1931171,-0.12490141,-0.15259884,-1.4554237,-0.012270189,-0.82715917,0.35095334,0.328135,0.35496202,2.3339527,-0.92998815,-0.9093375,-0.6699785,0.16515994,-1.0821278,-0.038409192,-2.0667071,1.1643028,-0.6068864,-2.7234735,1.2702831,-0.41410625,-0.9516885,-0.93175787,0.27099586,-0.5810166,3.2851229,0.27017832,-1.5781026,-0.96377516,-0.45197996,-1.1046904,-0.056716,1.7014861,0.5864849,1.068532,-1.1088736,0.17859896,1.0796397,-1.6907072,0.6225826,0.38284606,1.2829388,-0.5828719,-1.1948231,-1.2159286,-0.81447977,0.4306683,1.1026169,0.44511846,2.5753062,1.1849465,-3.2381701,1.2826047,0.754438,-0.80372494,-0.22156006,-0.70726484,1.4438087,-0.10722339,-0.8929254,0.11513856,-1.2038895,0.045125518,-0.9971095,-0.10456232,-1.0415535,-0.42255497,-1.7866223,0.94668895,-0.7262115,1.4465703,2.5092287,1.8643844,1.0639426,0.29153997,2.4363267,-0.43735924,-0.46210665,1.3601286,0.9594771,-1.3400227,-0.08051292,1.5322838,-1.4161913,-0.4496097,0.3653424,-0.3929609,-0.4259733,-0.9434316,-1.3884517,0.023147278,0.2600511,1.1923834,2.2590134,-0.7171978,0.0675709,-0.34107676,-1.9317187,2.5484655,-1.6962869,2.4876654,-1.0810013,-0.85756475,-1.5408752,3.570414,0.90227044,1.1778907,-2.7225366,-2.1289766,0.5027158,0.030624615,-0.37376693,0.82379997,-0.8954712,-1.2693465,0.57877445,-0.15317878,-1.2256953,-0.9806157,-1.8083386,-0.32510996,0.44209665,-1.681406,-0.66566044,-1.0539156,0.74466676,0.118675046,-0.2808209,-1.2163396,1.3000536,-0.85156643,-1.1194379,1.3218955,2.032701,-0.56111753,-1.317511
Q9BT78	0.4439342,-1.0040464,1.5366642,-1.1275203,-0.060519084,0.63662946,-1.2718257,0.56136584,1.3399049,-1.1004611,-0.34163445,0.6385208,-0.96383005,1.2066584,-0.468898,1.3631618,-1.1077976,-1.1256161,1.5732985,0.8597448,0.8733888,0.12273371,1.160129,0.40566528,-0.4907656,0.27765372,-0.3790755,-2.305932,-2.7944784,0.8756172,-2.6587148,-0.503937,-0.43420672,0.43511456,-1.2081844,0.74924153,1.3573534,-2.9864044,-1.2056988,-2.193316,1.1475884,1.4888508,-2.8821955,-1.0138305,-0.7805953,0.27116004,0.5401097,0.023336204,0.39944157,1.8483336,-1.4551281,0.41159752,-1.5447533,2.940359,1.2978565,1.0068593,-0.13768063,-0.5316959,1.334613,0.5888257,-1.2972738,-0.10177747,-2.0688255,0.41597986,-0.52058804,-0.2797176,1.1691934,0.3076438,1.1180638,1.0851793,-0.28505498,-1.1348621,2.59505,0.38906235,-1.8992469,1.1771094,0.07809334,-1.6021503,-1.8383391,-1.9747835,1.222184,-0.749902,-2.3555772,0.8998066,-0.3089296,-0.0673649,-1.2225326,-1.6601301,0.21267302,2.4998984,0.39994586,-1.5936812,1.1420364,0.6418858,0.0034441266,0.4454547,1.082794,-0.029480534,0.43182978,-1.9380977,0.21368422,0.1005288,-0.56542635,0.014541159,1.3676747,-0.1245807,-0.30787313,-0.8328251,0.1318491,-0.28495294,1.0527947,1.1843354,-0.97190344,2.3940282,0.82206136,-2.8081024,0.9054794,0.2306297,-0.6769229,-0.13055259,-1.133512,1.8224105,-1.9009863,-0.54601365,-1.3453401,-1.9632667,0.44926065,1.3798068,0.77694136,-0.337841,0.35232532,-1.0709885,0.6933391,-0.18901996,2.5138724,0.3395001,2.7684102,1.380198,-0.9260528,0.16155228,1.7002282,-1.25413,1.0264068,0.6518261,0.188429,0.4368074,1.7466319,-1.5556234,-0.21650423,-0.8936339,-0.4166887,-0.31964248,-1.5174352,-1.738247,-1.0247048,-0.03669516,2.17776,3.0690756,-0.62221587,0.64667195,0.21011028,-1.5548663,1.8811337,-2.4491036,2.2580717,0.84863126,-1.0791574,-1.1393265,4.562975,0.8684535,0.5500585,-2.1308255,-0.99726754,1.2884197,-0.7205287,1.1796451,0.4565381,0.062016957,-1.4983199,0.09701454,1.4390979,-0.9592067,1.6809675,-0.4099972,-0.9609578,0.80569345,0.17241381,0.10600984,-0.3850053,-0.6330891,-0.059303027,-0.6424164,0.48269838,0.7876923,-0.8970776,-0.5150567,0.8444499,0.63472617,-1.7848642,-0.011560587
Q9H1K0	-1.9870064,0.76055896,1.2227633,-1.6663393,-0.1735837,1.6913948,0.7806971,1.1974655,1.005788,-1.4495255,0.32689762,0.49273944,0.40026522,-0.01092243,-0.25315094,1.645523,-1.2239879,-1.8901324,0.6960087,0.33407924,0.2828142,-0.89740205,1.9107761,1.9286405,0.87560487,0.6017201,-0.1516134,-0.6037644,-1.4974071,-1.2857522,-0.7646332,0.19098246,-0.52784574,1.5127012,0.6524299,0.53073275,-0.40060928,-2.5977478,-2.2282796,0.5036334,1.33386,1.4410574,-2.0861418,-0.48569614,1.2809993,-0.58436304,-0.050115008,1.2704468,-1.7398502,-0.46014968,-2.0003445,1.360614,-2.6172624,1.2351382,-0.2550548,0.34478045,-1.5970697,-0.34345204,0.7358073,0.18902831,0.35453483,-1.5402929,-0.60441256,0.33190554,0.068451636,-1.3846753,1.3476307,-0.8271909,1.1168026,0.6899825,0.4879781,-2.3626292,1.0984633,2.5873659,-2.8915167,-2.983007,1.1681376,0.46325228,1.1507291,0.22367615,1.3288155,-1.5327038,-3.4153318,0.4281855,0.2928302,0.72046417,-0.5212985,-1.4365951,-0.046061125,1.103732,-0.001184584,-1.511259,1.0972384,0.9776548,0.1762931,0.09163581,1.6840817,0.25218865,0.7169721,-1.9259022,0.33520144,0.24825032,-0.14275841,-0.49965975,0.5798532,-0.1940382,-0.08676321,-1.2618842,-0.45345467,0.15550251,-0.12469706,1.8314095,-0.9649822,1.8405898,-1.7881608,-1.1895483,-1.2741116,-2.2112556,0.6999953,-0.6485615,0.23970614,1.5293874,-1.7404342,-1.4328701,-1.002046,1.6619104,-2.528263,-0.11770842,0.30138618,0.12960659,-1.6088642,-0.8364944,-0.09362687,-1.6235371,1.9843421,2.0606782,0.6695993,0.46115693,-0.956867,0.3687567,0.50277704,-0.87437844,-0.6373997,0.21626523,0.13285258,-0.70564383,-0.3181883,0.8637782,-0.9989703,-1.0783912,-0.46822733,-0.8323139,-0.9160483,-0.23502007,1.135505,1.0424106,-1.1820639,2.1383083,-0.31629845,-0.48949164,-1.8619472,-0.3939578,3.423922,-1.7903773,1.9782935,-1.47032,-0.5658509,-1.902429,3.265622,1.6360283,1.0500405,-0.85208416,1.0037924,1.1380343,-0.9566949,0.5034098,1.5234822,-0.0021626854,-2.1534445,-0.54767656,0.83368635,-0.48464105,0.76035875,-1.6242487,-0.5422989,0.9239136,-0.9034878,-0.4147264,1.2757092,-1.9356829,0.75837666,-1.711226,0.39177203,0.869867,-0.89840436,-1.8684466,-0.6562461,0.62980264,-0.18173572,0.54580706
Q9NZH6	-1.543005,-0.03605469,-0.015210293,-1.3030908,1.1247293,0.2275919,-0.0030588822,0.20277758,1.0023994,-0.53163236,-2.0081072,0.46554986,-1.8043133,-0.87946224,-3.7134218,0.38513356,0.53545994,-1.8617643,1.3403727,0.09747619,1.9809328,0.14126116,-0.70342386,1.1447463,-1.5627745,-0.1302875,1.0244572,0.25339615,-3.4333882,0.15677525,1.2755027,-0.68331265,0.16946003,-0.5843793,-1.4599665,-0.04371324,1.1598213,-2.4153404,-2.092386,1.3632631,1.2313921,2.6574523,-2.5959003,-0.34248528,-0.7442138,-0.16679132,0.49623764,0.51711816,-1.0343894,1.041253,-1.2532876,0.89662164,-1.1432126,0.44859982,0.53618205,2.2143295,-1.1967273,1.1733509,0.25561357,0.096399724,0.6428853,-0.51288694,-2.0677657,1.3291328,0.5815984,-0.9618497,-0.45566866,0.30777943,0.15368564,-0.47929525,0.92027444,-1.9512601,1.8412474,-0.9771139,-0.093905166,-0.7850824,-0.8377353,-0.8244337,1.5588759,0.25810403,-1.4974388,-0.48883334,-3.5729606,0.2785157,0.17514673,-0.93944764,-0.6246682,1.155165,-0.857887,2.1855302,-0.46715814,-1.7032261,-0.039347835,1.2967036,-0.4850648,0.20678997,0.71658313,1.0872785,-0.647463,-0.9073812,0.04797538,0.10014411,-2.0023801,-0.037218507,0.39169872,0.49042782,0.44176018,1.0265245,-1.1832094,-0.55788696,0.082127914,1.0910422,-0.31264892,-0.021330003,0.9244721,-2.2149303,-0.15219113,-0.05868859,-1.9201026,0.32814172,-0.43408516,1.2854003,-2.3844225,-1.2562851,-0.78563523,0.32747176,-1.1445236,-0.77582073,-1.5238847,0.21622115,-0.53321385,-1.2159433,1.9951754,-0.5381346,0.21646126,1.9561081,3.3601828,0.5624321,0.3577343,1.924372,-0.5796911,0.953744,0.051907703,-0.31374943,-1.0274879,0.93461114,0.96331865,-0.06527109,0.9427777,0.91541195,1.7532926,-0.06338834,-2.1320536,-0.8652098,0.41784763,0.615234,-0.07619067,2.0653493,0.6014853,0.4548665,-1.5307579,-0.8074266,2.1381192,-0.94792026,0.44074172,-1.2250959,-0.66992956,-1.4817749,2.1158547,1.2409363,1.6359857,-1.1987507,-0.5102876,-1.3528526,0.81594205,-0.13977835,-0.47394964,-2.087321,-2.3172088,1.1146756,-0.96964604,0.61870885,0.36310333,-1.4059727,0.549311,1.1332334,-1.1037796,-0.54115486,0.43924624,1.1884382,1.7156029,-0.002529529,-0.66517115,0.985862,0.68887764,-1.7488241,0.9198899,1.6168808,-0.8246466,-0.84563243
Q00266	0.88612926,-1.9366189,0.8249422,-3.4151847,0.67212033,-0.4001391,-1.576375,1.5459701,2.66308,-2.227773,-1.7791029,-0.3758216,-0.77282214,-0.5001661,-1.8729358,0.43093243,-1.1829749,-0.57696563,2.1750793,1.8346462,2.6306248,-0.6499559,2.2626595,0.30704272,-0.10667213,0.55716485,-0.099864274,-1.5486994,-2.8471284,-0.44393465,-1.5414087,-0.2291187,-0.6449699,0.26157165,-1.3076315,1.5343617,-0.8015843,-2.8843677,-1.4638743,-0.84879774,0.9648804,4.483212,-1.0851604,-0.37006763,-1.3435664,-1.2542405,-1.0049279,-0.39676714,-0.4853953,0.6297863,-0.9665124,-0.6542236,0.48519877,0.7960374,-0.90872854,1.2404526,-1.6439816,0.26905328,-1.1430999,-0.09586593,0.10733078,-0.98636,-1.4516293,2.1502895,-0.53689945,-0.5770638,0.37382534,-1.2720835,0.74645686,-0.02049144,-0.46065548,-0.1378605,3.3316145,0.8208508,-0.5047759,0.44297826,-1.392173,0.48415193,0.65627617,0.2668313,0.44311377,-0.3524386,-3.2039936,1.3808377,1.010649,-0.72923905,-1.9593767,-1.1524686,-2.4756486,1.9493809,0.23576356,-2.0084784,0.2158719,-0.5971605,-2.7723284,0.049945787,-0.060194496,0.6359586,1.5545905,-0.25025055,-0.47855222,0.02263549,-3.3365998,1.6436771,1.1523472,-1.1124711,-0.42549375,0.47452646,0.8080355,-1.7653925,0.82390255,1.4692023,0.777224,1.6350698,2.025443,-2.4279509,1.136918,0.82760894,0.57747716,-1.4663488,-1.40249,1.2516047,-0.670411,-1.0230193,-1.2653716,-1.9218721,-0.01863057,0.28548023,0.12112328,-1.1352766,-0.9511239,-1.683104,2.209973,0.4154592,1.6933069,-0.49685764,1.6435305,0.27039877,0.07928109,0.49030825,1.6353943,0.88581276,1.9673948,0.63275063,-0.06931789,0.76810503,1.2738049,-0.5359783,2.2667904,0.83089805,0.81192595,-1.4899477,0.19242041,0.5706542,0.7643683,-0.11942206,0.81719494,1.630246,1.359072,0.8283259,0.0047107814,-1.2307932,2.075181,-2.8425744,1.8406446,0.54893154,-0.42386204,-2.4534905,2.968939,1.9682899,0.9883536,-1.1989977,-1.0436013,1.2213471,-0.54352367,-0.6197135,-0.8524706,0.19102573,-2.3122811,0.7249368,0.5817624,0.5293398,1.5699849,-0.32732937,-0.38783532,0.37185973,-1.0861641,0.06292173,-0.66428524,-1.3082483,-0.054747503,-0.5569183,1.6953433,2.6803555,-0.50739515,-0.75804406,1.7311704,0.34729564,0.7995474,-0.41830456
Q9UKT8	-0.24304591,-1.585449,0.6085939,-1.7267066,1.7445655,0.90406466,1.0172392,0.27879652,1.6585059,-2.4091523,-0.81103045,-0.42264035,1.1273588,-0.32749036,-0.75772685,1.3261501,-1.4005423,-1.3907695,1.6440084,1.1516826,0.8034124,0.13279213,1.3613225,0.06577512,-0.65460616,-0.384878,-0.031016657,-0.63936013,-2.4569035,1.4092028,-0.75272053,-0.15121287,0.06945839,-0.06839969,-0.8205311,1.0073488,0.37068355,-2.1553705,-1.8004884,-0.71942484,0.8928887,1.4613774,-1.94113,-0.045574326,-0.6978495,-0.43221334,-0.17541812,-0.688497,-1.4562905,2.7602472,-1.7155865,0.09941004,-1.2967854,1.7052007,0.4487266,-0.67342985,-0.8032856,1.1710927,-0.65945977,-0.6130047,-0.093535334,-1.0657624,-1.1589615,0.3450968,-0.43234935,-0.60405606,2.29079,1.3403593,2.3852327,0.4277612,-0.72518146,-1.9727746,1.6816546,0.29538086,-2.2985163,0.23317584,-0.08526657,-0.8217755,0.4123977,-1.1191875,0.3092889,-0.6988493,-3.8654177,0.769129,0.7717288,0.13505748,-1.8819501,-2.3039665,-1.2673769,2.702938,1.5071267,-2.0109763,1.1668156,1.0141716,-0.702368,0.65731937,-0.8453062,-0.026702465,1.2695618,-2.5626993,-0.4269246,0.024265492,-1.1468369,-0.10080804,1.3910937,-0.6512323,-0.26402274,0.29087004,-0.17723884,-0.32156593,0.24407998,0.88698494,-0.61727625,1.7942505,0.1855753,-2.8627987,-0.0367045,-0.41600865,0.8975022,-0.17104234,-1.581653,0.8224984,-3.2984693,-1.8046207,-0.7764395,-0.28361142,-0.24518564,1.544249,0.09581402,0.3677956,-1.633645,-0.6546888,0.7656517,0.91174513,2.313907,0.60337627,2.1543283,1.0390651,-1.7040422,0.55407757,0.70564526,-1.7426856,1.7110071,-0.09245717,-0.7072558,0.28515768,1.5363654,0.41542387,-0.054525923,-1.2391735,0.47939834,-0.36763757,-0.81100696,-0.68567306,-0.6971144,0.6655266,0.63279855,2.1341221,-0.33765692,0.61121494,-0.46141478,-0.7731144,1.1031007,-2.5063956,0.95123327,0.22094591,-0.45346132,-1.7234598,3.7892802,1.1109604,-0.09140068,-1.2712255,0.11023142,2.2341821,0.89743143,0.96106225,-1.121317,-0.41709042,-1.6144074,0.71620846,1.0410603,-0.46081066,1.9388207,-0.19598642,0.061116524,1.4572616,0.33692962,-0.32666576,0.20422575,-1.2196242,0.37251723,-0.18794018,2.0155904,1.0832763,-0.35083202,-0.83645,0.4645262,0.7801305,-2.263117,0.1603153
O00560	-2.0379617,0.47427726,-0.60498583,-0.8926348,0.5459309,1.8438168,1.8578683,0.81077653,0.4508564,-0.40574703,-0.3437608,0.7668385,-0.90678483,-0.9004527,-2.270523,2.1616058,-0.37523416,-1.8072938,0.6599781,-0.17591828,0.17071477,0.48284018,0.8196354,0.15933184,-1.57036,0.4451447,1.0740856,0.1064119,-2.4128263,0.39194018,0.8788067,-0.73989284,-0.34757355,-0.6911338,-0.51310456,0.7910614,0.6510077,-2.3202155,-1.9353434,0.66273963,1.5562189,0.782425,-2.7313726,-0.43632388,0.4576666,-0.65504,1.0118297,1.1981509,-3.4870882,0.2628277,-1.4336373,1.0735929,-1.8330901,0.8911473,-0.23505817,0.84944373,-0.16160953,0.8731402,-0.027339607,-0.34328797,1.2635238,0.022129346,-0.7394102,0.35399935,-0.0897106,-0.9189654,1.0144225,0.46712154,0.15469918,0.18543652,0.51609665,-2.5927262,2.269761,1.106623,-0.6752113,-0.055199202,-0.12382834,-1.0125182,0.65855396,0.394892,0.6406984,0.08122899,-2.6005538,-0.6122648,0.29457247,-0.8366357,0.21951978,-0.4776231,-0.4891005,0.52387196,-0.029515052,-2.0013342,2.6718414,1.3127655,0.5209503,0.08335865,1.0156149,0.5822477,-0.27430442,-1.0730889,0.10922622,-0.35771906,-1.4270768,-0.3594692,-0.44979164,-0.051564172,0.47683713,-0.7832435,-0.654523,-0.32877937,-0.4240065,0.68659925,-1.3922162,0.05145697,0.116638586,0.23510131,-0.20180601,-1.6364677,-1.5571383,0.5366091,-0.026104923,0.19221516,-2.7531478,-1.1849412,-0.16641952,0.46494445,-0.5894455,0.59302044,-0.5890511,1.0895303,-0.46915573,-0.72647107,1.2603135,-0.68283296,1.2696875,0.061603628,1.7710351,0.05721423,-2.0501554,0.656176,-0.5923873,0.6986402,0.070304796,-0.67986125,0.056658838,1.3982122,0.51005095,0.42271325,0.8365689,-1.4007868,1.073404,0.1711143,-1.0320492,-1.0612235,0.015066042,0.8426052,-1.2404585,2.533334,1.286982,0.54672146,-1.8205658,0.64447296,1.4442092,-1.5478977,0.38762993,-0.64367455,-0.407244,-0.3194542,2.224033,0.95003676,1.0769857,-1.278464,0.5308518,-0.5933874,0.045356166,0.9421204,-0.92790645,-0.12599654,-1.3432447,-0.15640263,0.01176273,1.3191273,1.591549,0.2674639,-0.18036298,1.3782506,0.07412499,0.11476279,0.06398246,-0.06831418,1.1392154,-0.48240286,0.28656703,-0.5951394,0.4346593,-0.9400554,0.87554777,-0.4298396,-0.24820212,0.90341043
Q15431	-0.7843795,0.52891093,1.6577369,-0.8963557,-1.8809832,-0.7520392,-1.2494982,0.82526416,-0.23882155,-0.3183062,0.6073329,0.27094156,-0.021317832,1.0333854,0.9985523,0.89830005,-1.0649745,-0.46687505,0.087025404,0.21937272,0.13488981,-0.4617306,1.633638,1.8311278,2.5716798,0.15690592,-1.9886501,-0.11159741,-3.186523,-1.8028811,-2.6296418,0.16738433,-2.4930615,2.3036644,0.7900613,0.34883264,-1.249291,-3.2469728,-1.5575149,-1.0913814,0.34566298,2.0387087,-3.4788427,-1.1154292,0.633702,1.4214196,-0.20516907,1.4538283,-0.3515386,1.2222556,-0.05803106,-0.56880456,-1.4654598,1.7624112,-1.0654323,1.6093493,-0.05231605,-3.1573896,2.160305,0.95801187,-3.014226,-1.2905816,-0.23476167,1.4566212,0.14191638,-1.7708215,-0.19510445,-1.7116555,0.9528731,0.5703566,-2.5534773,0.15161844,0.934947,0.5141357,-2.813844,-1.6065476,1.0488912,1.0232294,-0.01726564,0.40316337,1.5187771,-1.6416422,-1.6118077,1.1677265,0.33967617,-2.1514068,0.102637775,-1.1105062,-0.7671143,3.0652232,-0.48417568,-1.99728,1.050027,-0.3064201,-0.2790149,1.3550721,0.6179189,1.1416771,2.180823,0.117679805,0.21014552,2.3626692,-0.51017106,-1.3706527,-1.2223679,0.92189014,1.3333955,-0.55501485,0.24899675,-1.2029283,-1.2466881,2.3221617,-1.081032,2.7921739,0.04569498,-2.2418702,-0.16588135,1.1691014,-0.79449964,-2.6044679,-1.1741741,2.218803,0.29365507,-0.62330425,0.088183746,-1.9245994,1.417848,-0.028400911,1.3140315,-2.44105,0.37971357,-3.400442,-1.1877012,-1.8194138,1.8010054,1.6377158,0.6642017,-0.036551677,0.32114697,-0.2899953,0.38159248,1.0388852,0.17221992,1.0534807,0.8596793,-3.4787183,0.03488329,-1.5315523,-2.852259,-1.3531381,-2.5795164,-0.7234536,-1.257353,0.041697245,0.9790411,0.48670378,1.5575593,1.1957866,1.5132773,-1.4318129,0.006014591,-0.7006298,2.515729,-0.20005362,3.6331072,-0.8672651,-0.23652403,-1.2469217,3.3530502,2.0300314,0.58327395,-1.1936969,-1.478344,2.2268264,0.051478986,0.22221123,2.3173356,1.3750284,-1.5066417,-0.4465705,0.4664363,-1.4057704,0.28228712,-2.2497025,-0.12810138,0.8104732,-1.6671565,-0.9786126,-0.5434682,-1.2031318,-1.0705414,-1.3141026,-0.55296355,2.5235062,-1.9962883,0.019030135,1.1062747,-0.10282908,-1.2481978,1.6242244
Q9HCU9	-0.6100971,-0.12315539,-0.79951704,-1.136019,-1.5106988,-0.44352528,0.615003,0.6663664,0.55928046,0.32924598,0.054690372,-2.003794,-0.90444505,-0.5317011,-1.0465097,0.6431803,-0.056406774,-0.8830111,-0.5153872,0.5763026,-0.41975436,0.94590414,-0.66732264,-0.9475569,-1.0800236,-1.1967244,0.7052446,-0.6542301,-3.9831583,0.858406,1.4480999,-2.061309,0.10761411,-0.6428094,-0.86569524,-0.18205348,0.2797116,-2.5777092,-1.3610463,-0.4768207,0.80722344,1.6684736,-3.2317693,-1.6643654,-0.2388484,0.7293456,1.254081,-1.4407965,-2.048398,2.236001,-1.4064648,-0.7130377,0.6947818,1.4027574,2.2272434,1.3850335,0.02222093,0.009005827,-0.22233729,0.12057774,-0.7252441,1.7394414,0.40018612,1.8570441,-0.386912,-0.8887535,0.42447224,1.0221146,0.061025407,0.7085501,1.3882211,-1.4090389,2.474335,-1.3375857,-0.18853128,-1.9324424,0.011612782,-0.23307462,0.3504214,0.03977079,1.7735602,0.5309943,-1.8111253,-0.80292773,0.60963887,-0.76864415,0.16857642,-2.3414786,0.18687536,1.2716477,1.4508843,-1.9866968,0.7865057,-0.28685227,-0.9744981,0.65364623,-0.14466034,0.16009933,0.9775921,-1.367198,0.37028265,0.41519856,-0.21978769,-0.5164292,0.0041433224,0.75994956,-0.52313524,-0.06623073,-1.7120497,-0.6809905,-0.35808265,1.631554,-0.3194328,3.0423849,1.1216606,-1.2729522,2.8133738,-1.4314269,-0.97453946,-1.136441,-1.4573206,-0.3266031,-1.7020092,0.47782826,-0.70623094,0.5556786,1.1446526,1.4113482,0.032724135,-0.86399806,-0.7716238,-1.6061679,1.4987041,-1.2056863,3.086626,1.0816345,1.6596326,1.1787214,-2.0252209,1.5699706,-0.14859745,1.3255045,1.6701839,-0.09097644,0.6064148,0.6382627,1.3197727,-0.37741283,-0.0596629,-1.819728,0.5847027,0.86297625,0.6242814,-0.64541763,-0.29920936,0.7839932,-0.39582154,1.4788436,1.5502397,0.51186883,-0.6661357,0.8635964,0.14078711,-2.4916427,-0.20244983,-0.19350865,-0.30690357,-1.2592597,2.6316855,0.7112819,-0.18294123,-3.0662837,-0.84214914,0.37722751,1.3496497,1.1280345,-1.6904246,0.20522724,-0.69898415,0.71536195,-0.24940217,0.67876977,0.82791656,-2.234361,0.4065105,-0.14955719,-2.2124152,1.4576517,0.83692366,-0.05679047,0.46914542,-0.25714028,0.38966498,0.5342775,0.66267353,-0.63029003,1.4020987,1.155918,-1.5918901,-0.98816353
P05108	-0.79226494,-1.3505275,0.39965037,-2.9915378,-0.0707305,0.42271033,-1.460958,1.6894474,0.18866155,-0.27558172,-1.4432805,-1.293118,-1.0410528,0.8788194,-3.1194768,0.92241144,-0.35707784,-2.4259562,2.5209012,0.96979505,0.646468,-2.6428752,2.5642645,1.6532341,-0.70522773,0.9699892,0.5623321,-3.718098,-1.0601138,-0.02572249,-1.6664226,-0.8618824,-1.0040128,-0.29956567,0.34705165,1.7084295,-0.20130813,-4.826101,-2.6521304,0.5644035,-0.21279567,3.1937933,0.21646987,-0.3652911,0.3395722,-1.8659039,-1.3366799,-1.1721045,-0.6624739,-0.97763836,-0.30769125,0.90547794,-0.17171584,0.2983197,-0.7043999,0.8258072,-2.0824573,0.44008815,-0.58822644,1.9298021,0.53794605,-0.8449312,-2.5074575,2.572028,0.64523804,-0.5834312,1.0882723,-0.5120294,0.027014226,1.4515338,1.4087366,0.80070466,2.807766,0.17440945,-1.1879228,-1.1734508,-0.8304931,-0.7167603,0.6564654,1.0346149,0.8056091,-0.38087255,-0.70265675,-0.7755549,-1.6583322,-0.8878471,-2.2048051,0.63036275,-1.8293865,-0.0875277,-0.28991848,-1.0746921,-0.2460777,0.5988583,-2.0894823,0.88909715,2.8561463,1.5998152,1.4887477,-0.2558529,-1.6558026,-0.95328856,-2.3341715,0.0712086,-0.35639566,-0.46844003,-1.6235905,-0.3172761,0.04727361,-0.66729707,0.49023697,0.7899654,-0.4030716,0.94482106,1.1680769,-1.4586159,0.44069326,-1.1621709,-1.3969429,-0.45503414,-0.1510505,1.1297309,-0.8053996,-0.19110847,-1.9386683,0.29493913,-0.62696517,0.39170167,0.2579492,0.147831,0.27143893,-2.1625998,2.7158723,0.3632586,-1.3569171,-0.25721478,2.6395705,-0.68996245,3.0068324,1.126237,1.3302451,0.033142067,0.13259159,-1.1121831,-0.30974337,2.2708044,2.5460227,-0.9317837,0.5684662,1.7773554,1.9288023,-1.2925115,-0.13313283,0.76570517,1.4149017,0.6857751,0.8315349,1.2832692,0.07090988,1.807569,-1.1656929,-3.0484502,1.114608,-1.4885162,1.8100308,0.70348364,-0.9603072,-1.4300048,1.5313749,0.62256205,2.8671935,-0.8059262,-0.13162793,-0.17909208,-0.72030336,-1.1806759,0.20704715,1.9593982,-3.9015143,-0.2920066,-0.0022918328,-0.17536864,1.8266692,-0.2442939,-0.08567652,1.5034924,-1.3014704,0.05865414,-1.4639626,-0.52461094,0.9285241,-0.9614122,0.654264,1.2889425,0.88818216,-3.1629267,0.31460807,0.5700919,0.07581946,-0.77517897
Q15070	-1.5646206,0.93498117,-0.8430839,-2.6588585,-0.3595952,0.2744565,0.03970963,0.39769542,-0.22108546,0.5596533,-0.25822008,0.7483556,-1.0581721,0.04766099,-1.9108799,0.8608792,-0.34232792,-1.6194032,0.97802794,-0.45991832,1.661344,0.27167264,2.6326318,1.1303704,0.47152653,0.81322074,-0.9288951,-1.7497389,-2.0024395,-2.3858228,-1.4311546,-1.5438281,-2.1192803,0.31713066,-0.28404546,0.31679177,0.26592395,-2.945075,-1.9128937,1.1151804,0.89906913,3.1102178,0.3434478,-2.3250546,0.5721299,-1.4606587,-0.8808665,-0.44753233,-0.1861496,-1.290872,-0.015665127,-0.4055818,-0.78481615,0.16459048,-0.96643144,2.0871253,-0.48947835,-1.5628669,-0.87866706,1.3602972,-0.16919152,-1.7325146,-0.95383316,-0.044274334,0.69566435,-0.028839713,0.31876603,0.20338757,-1.0420598,0.58101445,1.2667876,0.62272274,2.728396,0.4971806,-0.5140893,-0.824948,0.5926354,-0.11842275,0.79485,-0.15109143,0.41835296,-2.4551048,-0.5650445,-0.9245905,-1.2280669,-0.81408805,-0.33673713,1.1131632,-1.1245828,0.4589491,-0.97655356,-1.4877996,-0.42484975,0.6297442,-0.9680414,-0.13419455,3.604053,3.7403195,0.7118098,-0.75244653,-2.303227,-0.2264226,0.019190738,0.75822365,-0.1272441,0.020319974,-0.35041404,-1.38705,-0.47070694,0.331881,1.463995,1.2782613,-0.6092877,0.744883,0.8787521,-0.17638025,-0.9155492,-2.1135287,-2.0117702,-0.06525667,-0.4763236,0.45480043,-0.8081111,-0.62937653,-0.37813082,-0.8539905,0.025784679,-0.5964956,0.1943739,1.7676305,1.2348217,-2.1432369,1.1166373,-1.2739613,0.31776708,0.5898993,2.3979812,-0.6676435,2.3836977,0.5373457,-1.0079238,0.48584363,-0.38237822,-0.107039064,-0.10210229,0.7328306,0.20940991,-2.3159444,0.4387414,0.8920351,0.014166836,-0.8425434,-1.0660387,-0.8842939,2.1031854,1.3602394,0.48719424,1.7335417,1.1093326,1.1908218,-1.7961255,-3.091051,1.6652627,-1.0605477,0.5806043,-0.54245126,0.27476743,-0.12217095,2.1239886,0.45944765,2.7137733,-1.1567779,0.4494856,-2.2343035,-2.6763153,-1.2066008,-0.08995109,2.0279925,-2.355925,-0.5075615,0.03669843,-1.2138499,0.33847955,-0.25518838,-0.88287055,1.3529915,-1.2947408,0.49280956,-1.007009,0.7333729,0.36122432,-1.3328519,-0.0043116556,1.4866589,0.51245004,-2.5031748,0.6263018,1.0957723,0.28494766,-1.9031129
Q9Y2G5	-0.56725913,0.36783367,2.5359612,-1.706217,1.2921629,2.0610294,0.11509051,1.4507545,0.22022338,0.83156645,-0.15337813,-1.8453625,-0.54365844,0.50099415,0.81853575,0.7157897,0.020179836,-0.021575155,-0.0032940253,0.19237117,1.3402653,-1.3470217,-0.58201814,0.7675585,-0.9948076,-0.38093248,0.7416232,-1.8258733,-1.6561044,-0.0055902707,-0.44868174,1.2284335,1.8456906,2.3382926,-0.595349,-1.9009335,-1.07118,-2.9553568,-1.8041856,2.3735793,0.6949781,2.5935655,-1.4249893,-0.59879005,2.056246,-2.3809648,-0.4105174,-0.45910153,-1.4189364,1.0618223,-2.526518,1.9498645,-1.5730803,0.3813445,0.002559663,1.5906473,0.8879148,-1.3850365,-0.08818856,1.3982221,-2.2133367,-0.9707086,-1.2790816,0.7631994,0.51348096,-1.9839263,1.2981541,-0.30313256,1.2884407,-1.6681683,3.6792705,-0.7527862,0.6243471,-0.79209375,-1.7493193,-2.6934724,1.9198151,0.31012028,-2.0460107,0.7031681,1.9867536,-2.1052063,-1.6770195,0.11880808,0.1934916,1.1875061,-0.47248426,-0.50020957,2.097819,0.42554677,-0.27306426,1.1857804,-2.4787295,1.5407418,-0.89847916,-0.6583561,1.3722792,-0.399706,0.5256067,-2.3390744,1.8479066,0.868275,0.57597476,-1.9568505,0.45094898,0.5314555,-1.5074872,0.48422188,-1.5186205,0.9306806,-1.3155334,1.3830518,-0.7867381,2.0385454,-2.8317382,-3.9490645,1.0455396,0.23439983,1.1453329,-0.20979512,0.66407365,2.142387,1.3937424,0.31523362,-2.211081,1.1372287,-2.4080908,0.028520947,-0.42199418,-0.08973349,0.56557035,-1.3931025,1.0350007,-1.8799044,2.3667402,2.750603,2.2214658,1.0773355,3.2236264,0.78643584,1.0825658,0.12526825,-1.0710495,-0.56913906,-0.39638138,-2.4544504,0.7951037,-1.0248097,-2.277992,1.1029549,-0.027853984,-3.522463,-1.2801436,-1.1155708,-0.0361045,1.3031753,1.417945,-0.23803279,-2.1343262,-1.2891663,-2.5988047,-1.7400626,2.9815657,-1.3072675,0.52901363,-2.4472487,0.050172687,-1.2707847,2.0877109,-0.028775113,1.7434748,-2.2942736,1.4641005,1.5480291,0.39389202,0.7839468,1.2792112,0.4734467,-3.0286942,0.79766846,-1.6267301,-2.1990323,-0.15197715,-4.322676,0.12921575,0.20990326,-1.8253361,-2.3876736,1.6707959,-0.32265228,0.87997603,-1.5557122,0.5529752,2.5907373,-1.4354203,-2.223443,-0.52807105,2.7168577,-3.5934,-0.23752879
P59536	-0.3384008,-1.1337831,0.41049364,-1.5655125,1.1642044,1.7589254,2.1514726,1.819322,0.19891877,-0.9894445,0.055073846,-0.7862547,0.5121842,-0.7457833,-0.24547513,1.42312,-0.9394603,-0.8632809,1.4261694,1.3099275,0.99785024,1.2112634,-0.5786744,-0.42923778,-0.9279209,-1.3738484,-0.28501457,-0.1009356,-3.8533835,-0.035769086,0.87015045,0.8915052,1.7541751,0.45557413,0.23352078,0.48929003,-0.3629367,-3.6121802,-1.6516559,0.83332956,0.424075,2.7907248,-2.4440813,-1.9624873,-0.18702398,-0.77183294,0.24232501,-1.5719213,-2.7998984,2.0196543,-1.8118297,-0.3043273,-1.9207087,1.5312793,0.40022582,0.32907832,0.91163695,0.2646802,0.02689684,-0.3029517,-0.8230089,-1.0035329,-0.5711146,1.060491,-1.1992059,-1.5249932,1.4490247,0.69355595,1.2986301,-0.2602132,0.5899878,-1.9472469,1.7187928,-0.30274615,-1.1837463,-1.03913,-0.05983118,-0.2582521,-0.47462943,-0.6430626,0.18635678,-0.81951493,-1.7229992,0.9891134,0.68414116,1.8701663,-0.36694834,-1.7909214,0.8483786,2.9011376,0.4745484,-2.2744782,0.2699535,0.063168876,-2.3674686,0.18575855,1.0005493,0.22792807,0.34758976,-2.4914472,1.2687297,-0.11342278,-0.42523232,-0.75547487,0.37561068,0.08233892,-0.21015376,0.40021113,-0.3600104,-0.16652259,-1.1606072,1.5005898,-0.89254695,2.9320426,-1.5374845,-1.6928765,1.1329535,-1.8567697,0.45847568,-0.30787808,-1.2431303,0.7186791,-1.5086809,-1.4969565,-0.40721822,0.5727067,1.0068297,1.608634,-0.21924315,0.56323963,-1.1872576,-1.3770533,2.5963943,-0.50574934,2.6209455,0.417073,1.9635999,-0.21296647,-1.6131085,0.6834717,-0.31957343,0.60830075,0.81258833,0.22510488,-0.37337953,-0.52827704,2.019,-0.7204627,-1.7132586,0.37306553,0.13614838,-0.91907984,-0.8611523,-0.82647836,-0.19813065,1.600418,-0.5307531,1.3687072,0.5429328,0.7506543,0.2815417,-1.0755211,2.4932303,-2.2800374,0.4236429,-2.7714531,0.92502844,-1.4504546,1.7242645,1.7183883,0.8278503,-2.0935936,0.6011878,1.4749615,2.6107836,0.58595544,-0.32409447,1.1267949,-1.1399854,0.25120792,0.0017553185,-1.7000616,2.208388,-1.0107913,1.4145787,1.7618866,0.41465676,-0.100887366,0.49552017,-1.6782874,0.497894,-0.9504064,1.4251056,1.6510172,0.1901126,-2.0434625,0.6568933,0.40833166,-2.2091274,0.42982784
P38117	-0.8071155,-0.52783555,1.3530574,-2.9939096,0.8947742,0.90110075,-1.0180002,1.0055068,-0.6995359,1.5910548,-0.7794651,-1.3425457,-2.3669698,0.12850577,-2.784423,0.29530483,-0.65561056,-3.012918,0.68482924,0.3443984,1.4539351,-0.7734155,1.5921019,1.4576486,-0.33193335,0.71335214,0.43806797,-2.7950597,-2.1699672,-0.78593445,-0.054244455,-1.5093604,-0.8785588,-0.7511684,-0.9376527,1.214119,0.013807897,-4.3193955,-2.2815945,0.40431386,0.13423154,3.8014352,-0.5542919,-2.8308973,-0.39825264,-1.1071627,-0.3748396,-2.005837,0.37875944,-0.1769635,-1.2983491,-0.085179485,-0.28266016,1.3654877,-0.06229835,2.2649946,-0.07628396,-1.5794965,-0.99241114,1.4816418,-0.7794259,-1.0888213,-1.9115863,1.1958026,-0.07145839,-0.44482186,0.6474837,1.590213,0.03156055,0.32508847,2.8733368,0.4030529,4.2122746,-0.2964714,-1.1341664,-0.7969477,1.0373687,0.4013906,0.24028362,-0.6834185,0.40102065,-0.9006159,-0.77136636,-0.49604475,-1.3414724,-0.5818058,0.06431858,1.3897829,-0.35913497,0.1744487,-0.79654306,-0.902464,-0.4102953,0.43726835,-1.7109705,-0.5657771,3.622452,2.0937512,-0.23372915,-1.727803,-1.6323786,-0.8213592,-0.19056952,-1.0400779,-0.016704002,1.675249,-0.9955452,0.38028473,-1.1008389,-1.9382806,0.85611176,1.0160472,0.37476045,1.5001212,0.63316435,-2.4899213,1.159288,-2.3244367,-2.3236935,0.46593696,-0.03139611,1.2276087,-0.6920337,-0.5939797,-0.5906178,0.3108318,-0.43462896,-0.39199093,0.09128103,1.6616985,1.8495108,-2.4755158,2.2027566,-1.7573148,0.10403867,0.970219,2.7964008,-0.22392659,3.6731455,1.828094,-0.47122496,1.4480468,0.20134066,-2.20909,-1.2285515,1.9465042,2.1235414,-2.789623,0.26938984,2.235259,1.982214,-0.94532347,-2.160081,-2.3292484,0.83292645,1.2505602,0.6923147,2.182651,-0.3291338,1.4633385,-0.89195937,-3.385378,1.246898,-2.6706893,0.43254513,-1.4770763,0.14106236,-1.8358239,2.7743163,0.6962539,1.9694518,-2.539321,0.32598191,-1.3999772,-0.2061413,-1.6271826,-1.015997,1.4110836,-3.0593412,-1.2054217,-0.1540379,-1.4808091,1.1006304,-0.6616764,0.28239012,1.5204399,-1.3561324,0.028796103,-1.2535453,-0.07453955,1.312641,-1.185378,1.1107156,0.73704374,1.7851696,-2.38709,1.5873474,2.4982307,-0.77183247,-2.4135911
Q643R3	-0.09653785,-2.4117517,1.5260198,-3.387524,1.951501,2.5853777,0.67770654,0.87225705,0.67362887,-0.7020279,-0.9489651,-2.9705415,1.327029,-0.3037066,0.90711373,2.6309843,-3.0802586,-0.7186582,2.3068388,1.4683253,-1.0878049,-3.0725827,2.4525146,0.22867806,-0.015282245,-0.7668642,-0.061045732,-2.5693872,-1.8891923,1.0573499,-0.7411725,2.0350933,0.17913057,0.58723634,-0.60608715,1.4308076,-1.6036335,-2.7004032,-1.5588365,-0.56826186,-0.19585042,2.9999516,-1.8012968,-1.2167922,1.289728,-2.383876,-1.9819705,0.344255,-3.5769417,1.5585654,-2.7304578,0.8480339,-1.4504863,-0.19507858,-1.7936043,-2.2537365,2.1005473,-0.6897408,-1.490033,-0.4984342,-0.7172357,-1.6630677,-0.04967346,1.2886717,-0.8435219,-2.672297,4.066971,-0.3362518,3.2595725,-0.633342,0.8353113,-1.8179903,2.2551904,1.0394701,-2.6292174,-0.6876384,1.7624745,0.23663369,-0.37860358,2.190864,1.4026958,-0.872756,-1.8032651,-0.12638827,1.2661879,1.6786913,-1.2247887,-2.1368475,-0.30496845,0.8787284,0.043599077,-1.6705645,0.937562,0.5750271,-1.307469,1.4135054,0.34267974,1.4067565,0.9586863,-2.9731271,0.26440537,-0.22041494,0.36278293,-2.0788312,-0.29642943,-0.15498662,-0.407721,1.5679561,1.4269452,-1.104405,-0.13258462,2.3867888,-2.035418,1.8770548,-1.3090315,-3.4271472,1.3075805,-0.76162124,0.9232,-0.5952003,-0.59160125,2.2120337,-2.9201415,-1.652574,-2.2138708,0.054325316,-0.6912796,3.046999,1.3014847,0.7704422,-1.1590881,-1.8081765,1.3619998,-0.742425,1.594562,-0.1534369,2.8288536,-0.18612531,1.8395833,-0.83787423,1.2241766,-0.23949462,0.066374786,-1.0901743,1.0055649,-0.29821146,1.6803062,-0.47003207,-0.84121597,-0.009082978,0.84590834,-2.683445,-2.0737185,-0.9617965,0.5490415,1.1989172,1.4582999,0.3822801,-0.19830814,-0.5132057,-0.7739587,-2.9545481,0.8276111,-2.2518215,0.24059667,-0.9518502,1.461893,-0.68128276,4.1273565,1.6000166,1.520632,-1.689925,1.3284831,2.5358624,1.0815524,-0.3727075,-0.5384562,1.6160855,-3.252566,-1.3968446,-0.93686986,-0.71288764,2.5813172,-0.9681281,0.5612248,1.394828,-0.13466746,-0.96889675,-0.09662786,-2.6448092,1.3437018,-0.9747552,3.4249864,2.0534046,0.34718812,-0.2218259,0.3402771,0.17701522,-2.9993765,0.9710449
Q96S21	-1.3701015,-1.6316602,1.7566199,-2.4470098,1.117768,2.7309575,0.76312274,1.1611036,1.2762775,-1.2616571,0.98471534,-0.7206543,-0.4423114,-0.007845657,-0.48043674,1.0704553,-0.56921,-2.397625,1.4636834,1.3699173,-0.5981887,0.49268135,1.668424,1.0214572,-0.77081835,-0.4375248,-0.4624301,-1.026366,-1.3853282,0.7435579,0.40168595,1.1499453,1.0441535,-0.024248395,-0.35320753,0.38971135,-0.15920949,-2.8673086,-2.6335864,-0.45808366,-0.074148096,1.3418641,-3.4448798,-1.6723179,-1.1144723,-0.080172434,0.17435819,-0.075622715,-1.4228954,0.5164266,-1.8148776,0.9405761,-1.0175204,2.318417,1.0325031,0.6368727,1.3363876,1.1415908,0.80765814,-0.2195531,-0.7115008,0.3737902,-1.4911215,0.8068556,-1.105757,-1.8320518,0.9628094,0.035691977,1.6184875,-0.15248692,0.7049751,-2.230162,2.6667006,1.0139233,-2.1715064,-1.1043363,1.5725617,-0.63871586,-0.7920335,-0.4043515,1.0902439,-0.87802225,-1.8601937,-0.12295996,0.64205176,2.0320244,-0.44587564,-0.63338304,1.5013402,1.0722421,-0.95671356,-2.5333753,1.9006312,-0.17826025,-0.11255489,-0.60485977,0.9923784,-1.850727,-1.3295155,-2.572299,1.1257807,-0.53222954,0.5578621,-2.2919514,1.4966984,0.08356344,0.8104584,0.43252522,-0.52858496,-0.79054075,-0.6061973,0.564365,-1.4502139,2.208774,-0.9865256,-2.1515958,1.0741558,-1.4580263,-0.14525948,-0.56676334,0.071393564,1.364357,-2.0186162,-0.097986124,-0.9959899,1.5937998,-0.6988336,1.2881113,0.14798184,-0.6856833,-0.7447635,-0.57016337,0.80151945,-0.786886,1.2985806,1.0492096,2.8133633,0.84795934,-0.480816,1.0591921,1.0811349,0.20858547,0.05375744,0.037679147,-0.7390302,0.86347216,0.7022254,0.22425182,0.35091454,1.056745,0.93657833,-0.119352855,-1.752344,-1.24457,0.318595,0.6830647,0.16501555,2.1067524,-0.3689773,0.027923333,-0.18353704,-1.2343147,1.8920287,-1.9615843,0.10573589,-1.8638753,0.26556998,-2.4316452,3.2213724,2.4271004,-0.1932292,-1.6687382,0.3832996,0.80927056,0.3987932,-1.1902933,0.13071775,-0.005189673,-2.1328557,-0.82207894,1.5042838,-0.70293015,1.5374873,-0.2184459,-0.16994452,1.5235418,0.65899,1.1574383,-0.2161767,-3.039136,1.9329867,-0.9519241,1.1345993,-0.061583634,0.31420356,-1.4996382,0.0477582,0.70660955,-0.95453423,0.058233526
Q92674	-1.0109495,-0.2548652,1.6987791,-1.1567364,-1.5765964,-0.07048953,-0.64910036,0.4096647,0.8660891,-0.70923966,0.9048934,0.5170963,0.20303562,0.6587692,0.30961835,0.4723311,-1.283377,-0.67188245,1.0542597,1.4475782,-0.1378187,0.09679336,0.9435515,0.96420884,1.9876732,-0.12419066,-1.2200603,-0.65421677,-2.75839,-1.7673154,-2.2571192,-0.45696333,-1.0206887,1.341222,0.29006237,0.4393638,0.15024786,-2.6667771,-0.95707613,-1.7065111,1.201575,2.4253895,-3.3581796,-1.5613468,-0.18632492,1.5783982,0.40882933,-0.32572666,-0.22503096,0.97009295,-2.0382113,-1.1912367,-1.1266723,2.8477404,0.09365648,1.390464,1.1191123,-2.4316192,1.9975972,0.49874485,-2.1442788,-0.47032183,-0.859496,1.3120118,-0.5893457,-1.5212246,0.22084609,-0.43442243,1.4457196,0.17771865,-0.74651796,-0.78742206,2.0454125,0.8302897,-2.5121171,-0.8905897,1.3337166,1.2460963,-1.1659282,-0.689721,2.8314848,-1.1099812,-1.519592,0.5714367,0.37009245,-0.6873464,0.40077776,-0.961148,1.8678865,2.4161773,0.40249956,-2.59252,1.101237,-0.9211894,0.22390038,0.76054126,0.734848,0.6491582,0.7795424,-1.3455625,0.71522737,1.0574949,0.90940386,-1.0121433,-0.3960746,0.32269317,1.3052654,-0.9953681,-0.29929227,-0.6488151,0.026219646,1.4650131,-0.87486434,3.5750432,0.4283494,-2.2429316,1.6463956,-0.54166675,-0.21631145,-1.1821947,-1.6325786,1.8797688,-0.38471463,-0.21843803,0.44712472,-2.1355288,0.50151646,0.5895647,1.5422208,-2.3715603,-0.18197733,-2.4372506,-0.6350444,-1.807502,2.6358037,2.3492541,1.0830648,-0.20585594,0.12238036,-0.855186,0.047811102,0.8319369,0.6009433,0.3596577,0.45854196,-2.2565775,0.43876848,-1.8728421,-1.860041,-0.68440294,-1.132734,-0.80042475,-1.2389911,-1.616073,0.3089508,0.9507637,1.2980983,3.0009627,0.5261684,-0.3816118,-0.3235965,-0.95082957,1.7175525,-1.4036185,3.1526554,-0.95346165,0.054395728,-1.3791611,3.7928884,2.330133,0.19544654,-2.1882713,-0.40557143,2.1646025,-0.24240723,-0.35132223,1.3943791,1.26551,-1.2339531,-0.86512905,0.949932,-1.4466375,0.8945304,-1.596792,-0.9211015,1.0367756,-1.2459797,-0.051513176,0.07365365,-1.369843,-0.07268144,-1.1966906,0.7240374,1.5358857,-1.0046744,-0.6432656,0.8394348,0.34133473,-2.0896022,0.70582086
Q14512	-1.4796532,1.297065,-0.62940925,-0.6504653,0.40648347,0.49551934,1.4759148,1.1478589,-0.7823636,0.59119993,0.053362694,-0.0039519905,-1.4201344,-0.7941899,-2.7781994,1.6487187,0.7486988,-2.110355,0.7670919,0.34128833,1.2907327,1.635755,-1.1055241,1.020489,-1.0932564,-0.7070804,0.7493165,1.0363375,-2.9318643,-0.9798044,1.2582529,-0.8927542,0.69038796,0.27470857,0.6138853,0.18724506,0.9533146,-3.2013516,-2.3053384,1.9620364,0.70213765,2.6270387,-2.1198683,-0.9659782,0.77486944,-0.6960179,1.3998847,-0.713936,-2.2795572,0.54129916,-0.042832535,-0.21874353,-1.5031438,0.4566657,-0.38989657,2.0838919,0.158652,-0.66164786,0.14172505,0.6089665,-0.1887887,-0.10897892,-0.75108975,1.1105368,-0.8585755,-1.0351081,0.1676431,1.1953118,-1.4263257,-0.16236147,1.4697541,-1.6783991,1.1005663,-1.1574438,0.3989162,-1.5620631,-0.9305028,-0.33704564,0.20789333,0.31640455,0.3405685,-0.3210124,-1.7965155,0.12262982,-1.2711554,0.2644597,0.28563842,-0.17090677,0.2380638,2.3850152,-0.033402048,-1.6696289,-0.11465144,1.0070798,-1.3410926,-0.03763175,2.07156,1.5318714,0.5759255,-1.5300919,0.58590597,0.19884716,-1.2858647,-0.44389796,-1.4270347,0.65464514,-0.44818175,-0.64463335,-1.9179523,-0.03768246,-1.455777,0.5030516,-0.8920405,1.536717,-0.66837573,-0.44002306,0.84286916,-1.7061169,-1.0431914,0.61836886,-0.61369276,0.0071999766,-0.5621695,-0.94994086,0.3398743,0.95734334,0.66251475,-0.71476513,-2.0323732,1.1743144,0.21109372,-1.2980087,3.002124,-1.2844456,1.5977824,1.2255312,1.9332035,-0.6592326,-0.98974353,2.0466712,-2.4040523,2.2132716,-0.15115671,-0.5968709,-0.81158704,1.0505713,1.0607971,-0.36806434,-0.4461964,0.012049179,0.7450644,0.22053528,-1.2713593,-0.89228535,0.63526386,2.176896,-1.1748409,1.8161631,0.17607681,0.38156956,-0.6300067,-0.45231298,1.4950589,-2.450618,0.078775905,-2.8336668,-0.14405431,-0.9062396,0.925306,1.3332285,1.6091803,-2.5804539,0.67541593,-0.8664619,1.9416883,0.5209112,-0.26422843,-0.38632253,-0.4582189,0.24071953,-1.5002433,0.27934796,0.47990084,-1.0815167,1.0770284,1.497749,-1.4463562,-0.56023365,0.5380883,0.62372726,1.5989358,-0.40504584,-1.1142519,0.12273515,1.14474,-2.4337234,0.63706434,1.4956303,-0.0756737,-0.2111221
P61026	-1.9229472,-0.21529697,0.67647755,-1.4569186,0.8205639,2.5496297,0.9839864,1.1749659,0.58796597,-1.2280195,0.36238152,0.9681817,0.12235934,-0.6004582,-1.0896004,1.6379385,-0.070756584,-1.7613769,1.1392152,0.6390062,0.06256576,0.20729294,2.0415697,1.1839598,0.5539959,0.81111,-0.32827327,-0.050210442,-0.857636,-0.4900776,-0.21536563,0.5761537,-0.3493642,1.0046599,-0.5116552,0.33222666,-0.5933783,-2.1349452,-2.1607108,1.3176231,0.76351696,1.8683839,-2.0329018,-0.5218158,-0.12922418,-1.2984852,-0.25796416,1.2118415,-2.0700698,-0.5688928,-1.668252,1.3962071,-2.0983465,0.9338101,-0.29184893,0.55617535,0.30190146,-0.1719485,0.6936392,-0.33487934,1.3438134,-1.1400229,-1.7062584,0.41204202,-0.83258784,-1.238118,1.0139999,-0.9504746,0.71027297,-0.53482306,0.015230177,-2.830363,1.6251751,2.1985009,-2.324988,-1.3964187,1.7897147,-0.15252571,0.23333871,0.16881783,1.4245023,-1.0624137,-1.9721825,-0.45301393,0.018190056,0.71395445,0.3740851,-0.12317325,0.4063476,0.13161461,-0.93228287,-2.2507777,1.7192004,0.7769182,0.6555135,-0.7791078,1.2803676,-0.37298715,-1.093626,-1.6599444,0.99701864,-0.24394749,0.4482929,-0.80029446,0.17252418,-0.5740919,0.42772636,0.42629257,-0.14298028,0.22494856,-0.0655775,0.93206173,-1.1625029,0.8919002,-1.3994098,-1.1801828,-0.52592003,-1.8634728,0.43594697,-0.6458708,0.30297163,1.0874549,-0.79542565,-0.37063017,-1.5263569,0.76756483,-1.7952065,0.0088363,0.3661656,0.29783502,0.077575915,-0.6759142,0.18888266,-1.3619074,0.86380696,1.0351833,1.528765,-0.014351291,0.27149817,-0.30296996,0.55656755,0.8229273,-0.7151324,-0.49348542,0.09505828,-0.18766277,-0.46784082,-0.07071702,0.37759188,0.47345906,0.43685377,-1.2410794,-1.9604055,-0.51190823,1.4760362,1.4843583,-0.6830738,2.7251444,-0.021179143,-0.038009476,-1.3636721,-0.20434259,2.498979,-1.3543606,0.72715175,-1.5650378,0.31200528,-1.3697318,2.7229612,1.5028517,0.97795844,-0.65528476,1.8505944,0.7045288,-1.3600852,-1.0664998,0.32724336,0.5329203,-2.1456258,-0.8931295,0.53678334,-0.44546488,1.3452,-0.18515728,-0.5407923,2.1393213,-0.45566863,0.4110394,0.8589282,-1.7739275,1.3226516,-1.414808,0.4536327,0.048261177,-0.28786716,-1.2734312,-0.068781085,-0.26455936,-0.16113381,0.62841016
P48061	-1.0177375,-0.08302201,-0.3519466,-1.3995106,2.469023,1.6442658,0.4310678,0.5851734,0.5434313,-0.1184275,-0.95046353,0.38269177,-0.73299414,-0.8345047,-2.6879022,0.40675542,0.47016165,-1.098549,1.0596738,0.16485639,1.2058612,0.4684822,-0.35272455,-0.67791945,-2.407742,0.725058,0.5470265,0.11571625,-2.3738027,0.20936507,1.7083713,-0.21680197,0.5515314,-0.36199507,-1.1443422,-0.80791837,-0.025974125,-2.006854,-2.167933,2.686525,1.1481296,2.3971994,-2.1603322,-0.52237004,0.14066033,-1.4488403,0.128181,-0.010020714,-2.380903,0.9574936,-0.6710512,0.86264354,-1.1317807,0.118580334,0.33353263,1.3646725,0.014195781,0.59364164,-1.0094305,0.3873146,0.72490555,-0.1200241,-1.6369088,1.2864736,0.2974012,-0.7603133,0.16488895,0.22497867,0.42562503,-0.7750819,0.37642938,-1.5970705,1.1790929,-0.7916664,-0.34020045,-0.7038448,-0.9713705,-0.115606986,0.7902945,1.0956652,-1.0775852,-0.82766443,-3.1229894,-0.22980538,0.62067777,-0.9148823,0.05748182,0.5573747,-0.6192399,1.3958136,-0.36736116,-1.1516434,0.80811614,1.6616442,-0.9056515,-0.57848155,0.9831941,0.9250388,0.19940872,-1.087692,0.73981285,-0.019508677,-1.3037643,-0.80222756,0.00016966842,-0.43401396,0.093626834,1.5624466,-0.7118221,-0.35238656,-0.84760827,0.4502856,-0.86870176,-0.14717023,-0.29016578,-1.249225,-0.012044305,-0.17586686,-1.6582357,0.67176026,-0.7245967,0.5211855,-1.4521692,-0.13511501,-1.0183485,0.42960966,-1.0336093,-0.07064204,-1.6909264,0.73421115,0.6557204,-1.3830541,2.414846,-0.67108756,0.3667446,1.1337079,2.39717,0.2713901,0.6934362,1.2275379,0.20461626,1.658041,-0.1580268,-0.7010862,-0.6856266,0.95553476,1.0823452,-0.1696022,0.474892,1.1537519,1.3859369,-0.8154715,-1.8515985,-0.4532096,0.14813706,0.90130824,-0.092978746,1.1761554,0.69772,0.6920891,-1.2784129,-0.22588961,1.3341228,-0.8094923,-0.4946739,-1.4993292,-0.7158774,-1.1844219,0.86294895,1.0815003,1.4127223,-0.57599634,0.6190915,-1.1486092,1.0055975,0.16642427,-0.81308055,-0.99279577,-2.1694167,1.1293992,-0.8549503,0.8829523,1.1830262,-1.5153017,0.6534322,1.9974318,-0.4969219,-0.8652224,1.0220312,0.19665317,1.6064085,-0.84554917,0.31443703,1.229057,0.8144522,-1.5211793,1.1226453,1.3128008,-1.734261,0.46834064
P54709	-2.2158742,-0.2527176,-0.36779827,-1.5997967,0.69578254,1.8996266,1.443276,1.771346,0.06828365,-1.4421129,1.1056514,0.36123377,0.45578802,0.0036805677,-1.899446,0.9988873,-1.2438813,-2.0945363,1.2535448,-0.5745901,-0.076077655,0.359396,1.5670973,-0.95283747,-0.7746699,0.6736665,-0.82544404,-0.4614714,-2.7523532,-0.24260046,0.9695746,0.107853614,-1.3944671,0.6270291,-0.4200388,1.164611,0.48562753,-2.3484783,-2.1662357,0.48164916,0.287795,1.5901666,-1.3173424,-1.1077515,0.42401496,-1.0270755,-0.019205185,1.0275158,-3.825541,-0.5919823,-0.47218207,-0.44172117,-2.7157588,0.66233116,0.22784503,-0.57745314,-0.6046045,-0.09819093,-0.14366737,-0.5583909,1.4393218,-1.1528456,-0.6037189,1.2892219,0.7003395,-0.91068196,0.11203886,-0.11408647,0.6407284,1.1740108,-1.3268859,-2.8399732,1.5522888,1.0150442,-1.3092138,-2.3557415,0.0066719856,-0.6102015,3.080019,1.081057,-1.5915985,-1.0473915,-2.8885276,-0.9432274,1.1616554,0.30283162,-1.3852805,-1.6007956,-1.0933156,1.336216,-0.86811775,-3.2295916,3.168622,1.2091913,-0.5989834,0.4903466,2.0903115,0.7433816,0.78072166,-1.031015,-0.7953283,-0.3105153,0.25768346,-1.2705009,0.9915707,-1.3365244,0.846603,0.62423104,0.6270379,0.89801043,-0.5428084,2.2757947,-2.1086938,0.48234048,-0.09058301,-0.23656443,-2.713602,-2.452816,-1.5792743,-1.257634,-0.17451268,0.14729443,-3.0539834,-1.6649721,-0.75190336,2.3110185,-0.4197852,0.56435937,-0.0031227297,-0.24999844,-0.14896666,-1.0702734,1.4877566,-1.0226157,-0.44460344,0.8262825,1.0899336,-0.5174133,-1.4350196,-0.06883507,0.39159387,0.7525838,-0.5454815,-0.20263106,1.2369047,0.28604102,0.39187884,-0.41403434,-1.309827,-0.962236,-0.23552242,0.095119044,-0.76008785,0.18863873,1.0052837,0.8534821,-0.7579319,0.80741715,2.5510056,0.40684417,-1.1816498,-0.4020922,1.0240343,-0.50879294,1.5229862,-0.8714227,0.64389,-2.0089765,1.638724,2.57197,1.7150552,-0.17974472,0.17716332,-1.3531082,0.9750869,-0.03125459,0.9795742,0.062367946,-2.8105345,0.63769567,0.8189811,0.86054856,2.5414004,0.018522082,0.9318362,1.618257,-0.15546703,0.31006357,1.3569323,-1.581551,1.1400802,-2.6174924,2.4074168,0.9216822,1.6785018,-2.5265267,-0.66984195,-0.1026122,-1.7608548,1.3893346
Q12967	0.21856786,-2.0926435,1.3903663,-1.953221,1.0712996,0.63020414,1.3974842,1.3978869,1.5227866,-1.7514912,-0.5940472,-1.2444009,0.7728505,-1.4253047,-1.0433117,0.5587545,-1.2273659,-1.393801,1.6425987,1.6385052,-0.18254827,0.63536996,0.29093912,-0.6692223,0.12150357,-1.1421925,0.24122113,-0.44248477,-3.0249043,0.22747509,0.54837483,0.6927035,0.0022587741,-0.42777225,-0.19104035,1.6617835,-0.010732384,-2.9419281,-0.4198482,-1.1798263,1.0964857,2.6729286,-2.526307,-1.514735,-0.6741673,0.07744496,0.15873386,-1.2947239,-1.2975183,2.1246665,-2.199603,-1.0845141,-1.2331414,2.3760836,0.10036037,-0.44974622,1.5458785,0.2272161,0.36982784,-0.82595915,-0.52654016,-0.43479553,-0.7918441,1.458753,-1.4039261,-1.5349072,1.0694631,0.27015677,1.3953671,0.84029806,-0.78952616,-1.7354524,2.1601708,0.6178084,-1.4970641,0.58475035,0.39032984,-0.09839568,-0.72018385,-1.093122,1.1128895,0.43453065,-1.5647398,1.3225652,0.644815,0.88314897,-0.117561996,-1.5720559,0.47961587,1.7006817,1.1683614,-2.4105332,2.037399,-0.81390935,-1.6724654,0.34752977,0.34483626,-0.40646562,0.6444731,-2.4169176,0.9738037,-0.03866609,-0.45575204,-0.231312,-0.052398026,0.45310354,0.39094037,-0.04292306,-0.19364806,-2.330111,-0.45717978,0.8747796,0.11567857,2.7193193,-0.602676,-1.9046876,2.0210617,-0.94329494,0.15694477,-0.2888948,-1.6630523,0.3991728,-2.338874,-1.6748339,1.1086705,-0.08756733,1.1386462,1.4311985,0.12029854,-0.04629287,-0.69236654,-1.5538194,1.6281239,-0.5992618,2.1998496,-0.22255275,0.7205406,0.07886036,-1.1555215,0.84950215,0.56254226,0.24720876,1.1414342,-0.6695683,-0.8628355,0.14104453,2.0602677,-0.7274691,-0.1196891,-0.42537245,0.8911058,0.27223253,-1.7561008,-1.101779,-0.65126127,1.0070302,-0.9862923,2.2407825,0.52258307,0.8063982,1.4367691,-0.7212469,0.8460633,-2.9350748,1.407933,-1.5021058,0.5925192,-1.8571934,2.7071745,1.9890678,-0.16915378,-2.4680429,0.077322155,1.4039086,2.2913814,-0.9229443,-0.59507096,0.46386176,-0.9176192,-0.64675677,1.3719728,-0.5555954,1.9868646,-0.08163279,0.84995466,2.1868098,1.3318311,0.995668,-0.11733603,-2.076977,0.56960946,-0.34472257,1.8538002,0.68628025,0.59059405,-0.26801097,1.467431,-0.59434783,-2.2380939,0.8173351
Q9Y4R8	-0.87230027,0.44792712,-0.5425234,-0.7522249,-1.234626,0.2736394,0.37716326,0.4311331,1.4369937,-0.6228404,0.11616678,0.35892856,0.5199263,-1.0825472,-0.6403221,1.7539185,-1.247719,-1.4361999,0.7138249,-0.26029888,-0.6115271,-0.5717814,1.0652755,-0.6978687,-0.2637329,0.50446624,-0.18764032,-0.7734217,-2.959909,0.01871758,-0.07006607,-1.6102417,-2.4292433,-0.70437056,0.75996196,0.9148104,0.6253212,-2.313062,-1.7250262,-1.7340574,1.1713247,1.5181898,-1.7268816,-0.5772313,0.7331571,0.42871836,0.7058404,0.86887616,-2.1510186,0.25926068,-0.92946136,-0.085987866,-1.5074319,1.2088861,-0.08643907,-0.28314942,-0.94631076,-0.5340454,0.024749143,-0.6330792,-0.010740274,0.7503961,-0.07688151,1.1282065,-0.07853058,-0.3392955,0.8446271,-0.32731634,1.1284679,1.9059135,-1.4858832,-1.4470258,1.971623,0.9619497,-1.5799154,-0.7352914,-0.27264005,-0.10612341,1.7369347,0.7321042,0.84250236,0.11517778,-2.6261938,0.12573035,0.31767684,-1.7664833,-0.540867,-2.0612702,-0.64751315,2.000288,0.6926094,-2.1859891,2.4227884,0.7991444,-0.23020574,1.574089,0.8901497,1.1492425,2.487801,-0.90767044,-1.2246953,0.31796277,-0.64478266,-0.23712158,-0.5441793,-0.71995085,0.30720717,-0.18242477,-0.19674456,-1.1891551,-0.53765094,1.5107949,-0.5735294,1.0492901,1.2229759,-0.07742392,-0.33437443,-1.4078292,-1.4064313,-1.1009781,-0.9312441,0.498509,-3.9551814,-0.8423428,0.21997882,-0.027325133,0.5264372,0.6863411,0.17365289,-0.021579865,-0.46377617,-1.3012912,0.71818453,-1.1630795,1.5276389,0.3661421,1.2101057,-0.38676503,-1.5873497,0.445284,0.47710663,0.44388562,0.28727028,0.31124422,0.5051802,0.21076559,0.37689352,0.30728838,-0.07552956,-2.4648087,-0.32148322,1.1765556,-0.70065194,0.8087837,-0.015039484,0.038035635,-0.2563678,2.2169259,2.1528316,0.6109585,-1.0498782,1.2288623,0.09972679,-1.8757766,2.0349903,0.8631621,-0.82070816,-1.0085825,2.555268,1.1507199,0.37196967,-1.0458512,-0.18799125,-0.20667641,-0.46861404,1.1092018,0.8468892,0.52799,-1.5935535,-0.082966685,1.4475721,1.3129358,1.7785995,-0.84319746,-0.17053731,0.57807195,-0.2539691,0.39053634,0.5604356,-0.7128446,0.40930292,-0.32134917,0.77574635,0.44557217,-0.68216604,-0.74816835,0.5281882,-0.35627043,-0.2195116,0.93168575
P21802	-1.4120136,0.6346906,-1.4695463,-0.07555495,0.83510154,1.2830504,0.9309524,0.51404274,-0.67554694,0.66649663,0.27315134,0.43532485,-0.41082248,-0.38534814,-1.8817445,1.4583585,0.9145938,-0.66166335,0.30538315,-0.04014848,0.47139776,1.024709,-0.46114463,-0.79942673,-1.5494348,0.008404209,0.49912027,0.8093666,-2.4663043,0.55420864,1.382711,-1.111057,0.11331439,0.040321674,-0.0043947618,-1.0772841,0.36682227,-2.392282,-2.2167249,2.3860037,1.0352683,1.3470081,-1.8088675,-0.2053928,0.5157949,-1.2732632,0.9394885,-0.05409479,-2.4611254,1.0841796,-0.60444945,0.83077633,-1.1327667,0.038164258,0.5145249,0.6011256,0.20068,0.020486554,-0.33039537,-0.081075214,0.6685093,0.5291771,-0.79033625,0.6861553,0.54825807,-0.45037973,-0.23047936,0.7779115,-0.13105336,-0.5180338,0.5475129,-1.3579632,0.70589274,-1.0816464,-0.9838999,-1.2670329,0.18231107,-1.4195231,0.70034385,0.4653186,-0.0419617,-1.027833,-1.9997606,-1.3872583,0.17572762,-1.6617436,0.5012727,-0.39736807,-0.32822487,1.1560732,0.10288444,-1.27012,1.2871621,1.7188144,0.3521082,-0.14200519,0.3325279,0.730497,0.39166886,-0.2622062,0.27242726,0.93356144,-0.09597544,-0.0909487,-0.3627292,-0.18891397,-0.088885084,0.4514684,-1.494714,0.5744017,-0.6642693,0.35622394,-1.2268875,0.4008053,-0.072310984,-0.6431505,0.062712386,-0.8421318,-1.1554818,0.29046547,-0.56122404,-0.9329528,-1.3787541,0.14468904,-1.2034928,0.8856924,-0.15707521,0.2730911,-1.059569,0.70265925,0.6159132,-0.81877846,1.0104172,-0.78994715,0.9766255,1.109427,2.6057296,0.3210064,-0.63981164,0.8170438,-0.30059502,1.0347718,-0.45789418,-0.47584972,-0.07002235,0.25313982,0.25900674,-0.23171924,-0.4554339,-0.69365215,0.3155011,-0.13425486,-0.67626566,0.69047207,-0.13318138,1.4987739,-0.011642389,1.3431509,1.0010691,0.2251396,-1.7842141,1.0350183,1.1405575,-0.57075495,0.03598715,-0.81737775,-0.5449065,-0.2595004,0.6877289,-0.17778082,1.1891692,-0.47397494,1.1694576,-0.3826199,0.23469497,0.96947414,-0.278992,-0.31620654,-1.7089057,1.2727333,-0.91843444,0.67498463,0.33547556,-1.5796292,-0.052508425,1.4472255,-1.1921232,-0.24821731,1.1729671,0.76278734,0.5082391,-0.46326533,-0.0862087,-0.05873774,-0.62193197,-1.0224719,0.51030934,0.7003929,-1.0859022,0.09041773
Q8TDX6	0.6499822,0.5575061,1.725664,-1.0484557,1.9395255,3.358773,0.08731986,2.8101392,-0.4831607,-0.7221306,-0.74379545,-1.5531706,0.3816024,1.2281814,1.6906295,3.150989,-0.30767965,-0.13023087,0.6185682,0.55778986,1.580353,-2.2303762,0.45462343,-0.94099355,-1.3314053,0.90091294,1.3909545,-2.9319205,-1.4214104,1.5106586,0.22876784,0.92438203,1.2849821,1.3511876,0.22182515,0.42070192,-1.2517318,-3.5269268,-1.853649,-0.9262443,1.4061246,1.6142817,-1.2094246,-0.7090795,2.2424378,-2.7334914,0.20280886,0.48621157,-2.0626493,0.8383468,-2.8551266,1.9833254,-1.3394313,0.97840965,-0.00015772256,-0.44199663,0.11375727,-0.7126961,-0.24070773,1.9931738,0.18394256,-1.2724279,-1.1622989,0.7358735,0.737402,-0.44593263,2.2207742,-0.7811129,1.7479475,0.019497355,2.627183,-0.7495565,1.5400208,0.3116821,-1.3990978,1.0470214,0.105838604,-1.3242477,-0.72171605,1.0693297,0.9199638,-2.1371772,-2.3360796,0.08379067,0.6090012,0.62390053,-0.65497863,-2.3938947,0.8369234,-0.48368305,-0.20553975,0.816826,-0.29187432,1.9614799,-0.6393372,-0.0060541257,1.7330887,0.44343296,1.8548688,-1.8995159,0.85622865,-0.3311409,-0.45202807,-0.29757878,0.6354589,-0.6854802,-1.675093,-0.4330578,-0.007659724,-1.1751579,0.025906963,1.4040525,-0.77914155,1.4624786,-2.7516906,-1.8807555,0.23621513,-1.4274113,0.98183984,0.06116359,-0.09588665,1.2339761,-0.46499586,-1.6715072,-2.0407119,0.5761654,-1.2740874,2.0551789,-0.8570005,1.1504937,0.5477651,-1.017895,0.9941978,-0.42798212,2.589962,-1.6298836,1.7375592,0.2650986,0.42693493,0.20721413,2.163152,-2.0843697,-0.28520325,-1.3698318,0.33456844,-0.124135375,1.9127429,-0.9968539,-1.6640085,-0.8600866,-0.6729892,-3.0796587,-0.6090339,-0.5650113,-0.75539684,-0.24732633,1.1018229,1.2089112,-0.26115382,0.53289056,-1.9251473,-0.70991945,2.4012704,-1.6885684,0.91737425,-0.4339984,-0.8909191,0.06543156,1.363003,-1.0828421,2.1828372,-1.7787735,1.4696252,1.0783396,0.21527985,2.777954,1.5965426,1.6471347,-3.0425236,-0.36625287,-0.73024696,-0.5295884,1.9211237,-2.7248304,-1.17992,0.4333994,0.7147595,-1.6046768,0.20660435,-1.5954965,-1.1424823,-1.3819003,2.372885,1.6515291,-0.40339506,-0.32431272,0.0047679995,0.44180068,-1.9071873,1.5747143
Q04637	-0.3218422,0.24054411,-2.179105,-1.2066442,-0.33253327,-0.3076255,1.1789851,0.154858,0.833337,-0.6447123,-1.0531512,0.62454915,-0.44144577,-1.3342098,-2.3601317,0.7626935,-0.15511903,-0.9672469,0.93743277,-0.10249042,1.0905435,1.6718204,0.44183084,1.0686122,-1.0559123,0.5969803,0.115589775,0.70229053,-1.8679125,0.080143236,-0.9219764,-1.4896997,-0.6572265,-0.29285628,0.081436686,0.38132802,0.4232431,-2.0036962,-1.4236319,1.2914591,1.771046,2.0178518,-1.3701261,-0.04327347,-0.3116156,-1.0454323,0.9868289,-0.06365424,-1.357187,0.63313985,-1.7509019,-0.52416176,-1.1302674,0.17456155,-0.856608,0.28252125,-1.2340453,-0.3066198,-1.4102542,-1.3185215,0.22703713,0.30997914,-0.87758,0.06118567,0.18259588,0.45896846,0.7507691,1.0785469,-0.71355104,0.14467633,-0.26303324,-1.8047832,1.5744045,-1.0111963,-0.25448385,-0.42693755,0.14929761,-0.86910546,1.443762,-0.5321701,1.4220979,-0.47484565,-2.3868406,0.29074898,-0.22941205,-2.2322536,-0.33712915,-0.99746877,-0.78713614,1.9115937,0.8128987,-1.0042669,0.91891384,0.35571015,-0.3413413,0.23155941,0.01880918,0.49389875,1.0257925,-0.9147718,-0.082587145,1.3069812,-0.9211673,1.4449215,0.1420902,-0.79571414,-0.088812634,0.56672496,-1.3223532,-0.1107622,0.40527323,0.23824315,-0.6500768,1.2443699,2.526121,-0.8778712,0.14657164,-0.60466284,-0.30067542,0.13410322,-0.8991878,-0.4100308,-1.9135387,0.026535226,-0.45443776,-0.5848619,-0.2629224,-0.24601433,-0.580232,1.5357081,0.95532036,-0.024894327,0.82758105,-0.22725692,2.462779,1.0212755,1.8794006,0.33378318,-0.92880297,0.554728,-0.60467714,0.35916853,0.5449497,1.1385517,-0.5583976,-0.10644435,0.24665119,0.8216002,1.1550109,-0.4123061,0.50308084,0.28855982,-0.67763674,1.0823759,0.7887184,0.5244622,0.02755309,1.9158623,0.40082714,-0.26603755,-2.1985738,0.5557735,1.2991047,-2.2973688,0.7352658,0.78106445,0.22395158,-0.7204705,2.8788142,-0.7949256,1.6145679,-0.5697502,0.56246555,0.23575576,-0.97435784,1.2876259,-0.74688494,-0.61709636,-1.7058097,1.5705066,0.40121052,0.72747123,-0.02943203,-0.69374514,-0.04490756,0.8442516,-0.63767576,-0.8441228,1.1097146,1.319267,0.32098487,0.045475986,-0.4426608,-0.18552424,-1.113612,-0.5014577,0.51310647,1.3267264,0.25672853,-0.45780563
P55884	-0.1497725,0.37232018,0.8053599,-2.2093005,-0.2851876,-0.6109929,0.75188786,0.8984347,0.8049917,-0.4594661,-0.91227275,-0.2701222,-0.49785927,-0.7855114,-2.2387824,1.0111843,-1.0888568,-1.1070889,1.4230112,0.9766788,2.5184538,1.8751422,1.3030767,2.7078001,0.95796394,0.53308237,-0.31755307,0.45974877,-2.0990214,-1.7534318,-1.9172795,-0.39647216,-0.25295916,0.42122635,-0.77469087,2.2583792,0.100117624,-2.9262102,-0.7503636,0.4045159,1.8792893,3.628896,-1.4886773,-1.2613719,-0.89029425,-0.64219725,0.7894971,-0.7706122,-0.34510413,0.033449072,-2.3882096,-1.9849464,-1.6541722,1.1530031,-1.6701249,1.8467604,0.8048945,-2.044213,-0.84811485,-0.94702166,-1.2683146,-1.2793206,-1.8118103,-0.31131428,-1.6942619,0.095869966,0.6014149,0.88037145,-1.1539292,0.0060698423,0.42359674,-1.7831634,3.2124884,-0.30125055,0.039590277,1.3816766,0.96203995,0.119330436,-0.20882657,-1.574534,2.0907338,-0.14171304,-1.414107,2.328662,-0.6311004,-0.47547114,0.5558718,-0.38924477,-0.018672207,2.629594,0.33618265,-2.003219,0.047941312,-0.6059666,-1.5201702,-0.64049846,1.5731075,0.9544211,-0.106630266,-2.7311125,0.5484202,0.49732375,-0.98845834,1.043564,-0.5920295,0.27792236,0.28229094,0.4238669,-0.6253553,-1.3882202,0.80257696,0.34750953,-0.25760186,2.6759644,1.1568354,-2.8432345,1.9960017,-0.65388286,0.7452148,0.5038345,-0.73070586,0.8576853,-0.9254068,-1.1364235,0.7373749,-2.3966563,0.9301243,-0.987397,-0.30359012,1.9647365,1.7227889,-0.88008004,1.6249715,-1.4813432,3.3559918,1.3526993,1.5285391,-0.030120218,0.32813412,0.21721596,-2.074,1.2621028,0.85684973,0.5439025,-0.7333881,-0.30344927,0.7479282,-1.5379143,1.4816008,0.61263305,0.6741081,-0.7033497,-2.680158,-1.6836383,1.3828542,1.5185237,0.26294026,3.35059,-0.7135936,-0.694471,-0.8884014,-1.9705759,2.1240575,-4.424198,1.3588985,-1.5236434,1.8311281,-0.4545554,4.4860225,0.65226,1.6748902,-2.6490839,0.57061267,0.07737694,-0.2568145,-0.93688804,-0.7156783,0.4396514,-1.0725815,0.041457668,0.06723945,-1.2337259,0.82062113,0.52083635,0.5251424,2.4724078,-0.038011644,-1.1378528,0.5176499,1.1082947,1.3113962,-0.6574818,0.49994558,0.08516861,-0.07326928,-0.41690046,1.733266,1.1269706,-0.21513604,-0.35457176
Q8NC51	-1.8721926,1.3342087,0.1931632,-2.4977603,-1.3721974,-0.23642607,1.3601027,0.13573246,2.2565765,0.020306177,0.3183177,-0.92346895,-1.0310707,-0.7073947,-0.8917738,0.98874664,-1.6702434,-1.7911347,-0.4070705,0.053693008,0.59490925,0.45960596,1.5051035,1.4227256,-0.20915109,-0.030581895,0.7271298,0.109979704,-2.8944845,-0.7456886,-0.12531964,-1.0566486,-1.3741127,-0.48033735,-0.26626915,1.1045257,0.456599,-2.525433,-1.5358219,-0.023591444,1.1720464,1.1173451,-2.1643493,-1.5723834,0.5892237,0.13860846,0.41022408,0.27732804,-2.688548,-0.14614832,-1.3620391,-1.0497048,-0.83626837,0.9300645,-0.78433734,1.9709759,0.18122184,0.13278294,-1.1587263,-0.49538034,-0.41279447,0.6123937,0.56480616,0.25725743,0.21174504,-0.9329861,1.3375301,0.6663733,0.0017633749,1.0570984,1.2120878,-1.9812918,3.1481926,1.008886,-0.90086603,-0.8107606,0.21705158,-0.062235653,1.0349184,-0.19856468,1.4636066,-0.1339889,-2.209803,0.79365987,0.5348908,-1.1280483,-0.8474182,-1.4588473,-0.59747833,1.137652,0.8162977,-2.5816865,1.9993509,0.5263935,-0.090749994,0.29570967,0.32619637,1.0802437,0.64868784,-1.4428028,-0.6118311,0.84698147,-1.0383881,-0.14682674,-0.36792058,0.33011395,0.69963586,-1.0860813,-0.8494766,-1.2996973,0.37859446,0.74624753,-0.80042666,1.777537,1.6693134,-0.8594232,0.5698014,-0.60609275,-0.9624241,-0.097021386,-0.22663034,0.70306814,-3.2548623,-1.3107183,0.23446983,-0.020552084,0.40926173,0.37983775,0.06827526,0.23051304,-0.54434425,-1.3538473,0.7286849,-0.94510436,2.3889682,0.946928,1.5907681,0.98333114,-1.5648994,0.9000847,-1.3071388,0.313168,0.43015775,0.3601289,0.750209,0.4614887,-0.015313983,0.52173847,1.6766447,-2.6133952,0.31724173,0.28719985,-0.6338248,-0.7318445,0.7729028,-0.120363005,-0.020329585,1.4276989,1.1979553,-0.6059764,-1.2974056,-0.24205248,0.8904251,-2.7577584,-0.06321324,-0.27388182,0.109640814,-0.97550994,4.2067685,1.2923288,1.0052781,-1.7998546,-0.5736738,-1.364686,-0.3117115,0.029774863,-0.818644,0.16350186,-1.50843,0.17611876,1.0811663,0.8302121,0.41373125,-0.52184755,-0.19289407,0.6159889,-0.73542804,-0.14245524,0.60558623,0.1952407,0.48787755,-0.58467084,0.7397382,0.012819209,0.35066453,-0.63696,0.6441992,1.3697469,0.47673905,-0.22527322
Q8NEZ4	0.6348859,-1.0493007,0.17925827,-0.7067347,-1.4081947,-1.0281262,-0.5981114,0.80395913,1.1539923,0.6688673,-1.0903431,-1.3014417,-1.075405,-0.11245639,-0.9034093,1.0302364,-1.0665283,-0.6137655,0.7687469,0.16044566,-1.257736,-1.3743029,-0.008651044,0.2916123,-0.23756185,-0.798565,0.9197098,-1.976788,-2.9508648,0.8162165,-1.3147047,-1.2637478,0.84001726,-0.93500125,0.5788007,-0.10828048,0.5202051,-2.8975146,-1.1493758,-1.501782,0.67281437,2.5023563,-3.274727,-0.9915338,0.90387255,0.535471,0.23075694,-0.84752446,-1.041316,1.6741645,-1.019725,0.7226361,-0.5103337,0.85723805,1.0788901,0.31588894,-0.64775383,-0.85449827,0.8148507,0.6828127,-1.5006151,0.5078285,0.2601209,0.6855592,-1.8279278,-1.768957,1.6002336,-0.19282721,0.55884033,0.8650314,1.1605049,-1.0345333,2.534171,0.36548695,-1.5112154,-1.4776891,0.2744521,0.2996167,-1.6522424,-0.105186,2.6184306,1.4107641,-1.6784786,0.21650578,-0.23661084,-0.43133214,-1.1011108,-1.5767229,0.084695786,2.0326037,1.8446146,-0.9685858,-0.8694046,-0.17270589,-0.7434201,1.0150331,0.5674973,-0.1831331,0.39197043,-1.8376491,0.44370842,0.36763152,-0.80419284,-1.1647173,-0.7161932,0.8906728,-1.418872,-1.085786,-1.2835023,-0.735722,-1.2599055,1.6154586,-0.18594982,1.959977,1.0245517,-1.6114293,2.458054,-0.4714201,-0.8149509,-0.16345337,-0.63301414,2.0752766,-2.6664655,0.22728096,-1.6712898,0.7663611,-0.42580044,1.1336597,0.6152297,-0.37981468,-1.4459486,-0.5525013,2.041854,-0.83451337,3.6919863,1.3160012,1.4962758,1.0461662,-0.0114739,1.2571537,0.36962146,1.3083602,1.9395424,0.046679802,0.07877216,0.82340944,1.3259288,0.6448296,-0.77153045,-1.2320148,0.41467446,0.5831255,-0.86028093,-1.4114699,0.37379235,-0.42048198,0.42143548,1.546275,-0.56879026,-0.4232751,-1.2228765,-0.66097933,1.0534078,-2.908255,0.5364022,-0.60043097,-0.8030439,-1.216271,3.3315465,0.4684856,-0.025663164,-2.7857778,-1.133439,2.1721563,0.45918846,1.4469388,-1.2884803,0.8188821,-0.55436516,-0.17418623,-0.6399916,0.039551195,1.0267383,-2.547449,0.31176293,-0.8015817,-1.519425,0.82355964,-0.356267,-0.98424804,0.8126471,-0.08331023,0.06998036,0.71353203,-0.3659439,-1.5023707,1.4156585,0.97255975,-1.8196636,-0.9303889
Q8TF74	-1.3821231,-0.59734964,1.9809265,-1.4418522,0.47821572,0.8319761,-0.4682911,1.4940126,0.49832815,-1.1387818,-0.28187814,0.23343848,-0.2865305,0.3416649,-1.9361299,1.0041119,-0.13058133,-1.6379682,2.2517996,2.0960417,1.4169508,-0.14195982,1.1812614,1.9535149,0.3347165,0.07498519,-0.7654108,0.11271572,-2.1844199,-0.1578099,-0.6290032,0.37221286,-0.25754595,0.8118434,1.1223862,0.9910685,-0.9359629,-4.8079934,-1.7026559,-0.3836456,0.26090997,2.6300492,-2.6702523,-0.06514089,-1.2892078,-0.116188556,0.13859181,0.113249205,-0.54510576,0.39310387,-1.3341328,-0.30871713,-1.6507431,2.38385,-1.2697288,0.9438327,0.63478935,-0.5350705,1.972073,-0.4627311,-0.48460197,-0.9792142,-2.0617871,1.9498336,-0.57434386,-1.4919876,-0.73024166,-0.72788095,0.9022867,0.73313516,-0.96297544,-0.8867155,1.8518007,0.41096786,-1.7323757,-0.65564144,0.6599558,-0.14729948,-0.4967989,-0.4545458,0.8469847,-0.8175888,-1.7955458,0.6410952,0.7467826,0.23525672,0.23037677,0.7133744,-0.28758976,2.8959877,-1.1337831,-2.4318347,1.3774031,-0.2818034,-1.0450431,-0.662804,1.342516,-0.36998954,-0.24895373,-1.2126627,1.0422583,0.5629783,-1.5068525,-1.3404696,-0.22272886,0.22484462,1.1661935,0.35726562,-0.12436561,-2.0056684,-1.4090979,0.584005,-0.5473689,1.9691535,0.019403558,-2.4567683,0.8929477,-0.3261856,0.23297554,-0.85968727,-0.4102743,1.0787673,-0.90601194,-0.77444875,0.020882528,0.37566778,0.36272874,-0.6825948,-0.58542395,-1.3812357,0.21938336,-1.273455,1.1280038,-0.54858655,0.51015943,1.6618803,1.8779503,-0.18359554,-0.6908535,1.3067116,0.99151134,1.7591316,0.6138831,0.14784598,-2.0875573,-0.34724393,1.7907248,-0.41915262,-0.28584236,1.2216442,0.31316712,-0.38897002,-2.0722208,0.19710062,1.0779172,0.66463476,0.16373244,2.1455898,0.013464723,-0.34769723,0.41145632,-0.82021797,2.5890708,-1.5510745,2.7140133,-1.2598339,-0.036921933,-1.9548314,1.8533226,2.6116521,0.56822103,-1.0619197,-0.091287725,1.299161,1.6864203,-1.6415273,1.9969858,0.14265521,-2.79561,-0.025204007,0.059698526,-0.6930894,1.498853,-0.45590082,0.05736912,2.4170089,-0.16267897,-0.99315727,-0.23466778,-1.3858804,1.667364,-0.32546115,0.6890601,0.66330254,-0.6047832,-1.2028894,0.8372056,-0.792597,-0.4026286,1.5435908
O60939	-1.4559044,-1.1994092,1.4401003,-3.2660387,2.1247034,2.8760092,-0.0028983254,2.919667,-1.3346016,-0.37897462,0.78613394,-1.5966678,-0.0361808,1.823991,0.6352154,1.612441,-1.1972805,-2.4512374,1.4429436,0.55467016,-0.32335874,-1.7292085,1.4725338,0.65536827,-1.3221425,-0.019148124,-0.28291222,-0.84512675,-2.4730966,1.7697666,-0.23746787,2.4686613,0.8593285,2.390337,1.3089285,-0.08119054,-3.0941083,-5.873583,-3.357822,0.74811816,-2.4030566,1.2508715,-2.041686,-1.8368722,-0.121623434,-2.9472587,-1.7811385,0.11705554,-2.4705489,0.45081866,-0.31054607,1.6848116,-2.350686,1.9484644,-0.86268675,0.008810728,2.0695372,-0.9666297,0.9375036,0.24910453,-2.149482,-1.6305285,-1.4467726,2.1424599,0.5713815,-3.3491864,1.0139197,0.81514734,3.010537,0.9909128,0.20638816,-0.4668063,1.0246041,-0.33019376,-3.7146788,-3.0543864,1.8871557,0.075674646,0.021449044,0.43881923,-0.52729976,-1.8781501,-1.3498046,-0.5052585,0.9695824,1.8090814,-1.3748193,-0.42196143,-1.9048836,1.498234,-1.7160261,-0.3789443,0.76200056,1.250063,-2.030314,-1.0379664,1.9301535,-1.7198805,-0.32725698,-1.1268212,-0.15308872,1.7227491,-1.011279,-4.3332214,-0.07400712,1.2349067,0.74317425,0.3660252,-0.7192109,-1.3071558,-3.608313,2.1528537,-1.0889633,1.6753246,-2.3639526,-2.4318893,-1.3727741,-0.6485937,0.4903444,-1.3188109,0.714938,1.3557016,-0.853866,-0.83044904,-1.2651271,2.4386253,-0.9594726,0.6217104,-1.4783113,-1.604894,0.27978483,-1.0109504,0.7207836,-0.541449,0.6741733,1.231694,2.1499078,0.16619076,1.0008186,1.1469952,2.5057607,1.9009421,-0.21155557,-1.1853153,-0.8772064,-0.3874105,1.8965372,-0.7888292,-4.4967804,1.305768,-0.3156968,-2.0532165,-1.1391221,-0.51649743,1.923809,1.036729,1.2525046,-1.486193,-0.19870754,-1.2813219,-0.29465958,-1.7177526,3.1487842,-0.85145,1.8718375,-1.7082353,1.0256408,-2.4262242,1.570607,2.3871148,1.3991166,-0.4638114,0.03905425,2.3325422,3.3817897,0.36727688,1.3732879,0.30968228,-3.9060483,-0.3142688,-0.1195373,-1.0799798,1.634208,-2.5186963,1.5638841,1.379157,-0.58566475,-2.5474446,0.54301006,-3.1452672,1.2840161,-2.5165195,3.131743,1.3785267,0.6011572,-2.7175543,-0.8245744,0.4293033,-2.1909752,0.82888246
Q9NPA1	-1.2554165,0.20242724,0.64461124,-2.50863,1.4040873,2.4862432,2.5516477,2.3850608,-0.95700717,-1.1154181,1.7315297,-2.1426437,0.613486,0.6500292,0.6142285,1.1358187,-1.6495516,-2.1232922,0.4777685,0.28881872,-0.46033835,0.46090108,0.5361955,-0.24811561,-0.9877616,-0.8542161,-0.6030533,-1.5894806,-4.0105567,0.98084563,0.59553003,1.9653823,0.461755,1.6212066,0.5871234,0.89751416,-0.11699961,-3.8139098,-1.8280123,-0.23276661,-1.2241935,1.0715063,-2.1553943,-2.1430178,0.4734045,-1.7086433,-1.1253265,-0.5589955,-4.068869,1.5002474,-0.80799305,-0.33032784,-3.2117572,0.89498913,0.018529344,-0.098295026,1.7871567,-0.15312253,-0.36868536,-0.06704,-1.9275708,-2.254552,-0.060938813,1.656379,0.036227956,-2.5973058,2.5621116,0.75078833,1.8491094,1.0436242,0.75489306,-2.3673499,1.3526021,-0.5767351,-1.7181581,-3.1612456,0.79450786,-0.093067415,1.2494055,0.35036153,-1.0305309,-1.8060349,-1.9889234,0.3019744,0.42502037,2.9457626,-1.995413,-2.296676,-0.30985373,1.7904254,-0.46514726,-1.8799655,1.4631294,1.630229,-3.1593535,0.14866142,2.309205,0.723164,0.9131669,-2.6480746,-0.55548555,0.8045475,0.5498862,-3.6094885,1.6521884,-0.11927652,0.36120647,0.14842163,0.17146337,0.6258654,-1.3022068,2.0152628,-2.631957,2.5150604,-1.965959,-1.5500332,-1.4669738,-1.4092368,0.8569082,-1.647075,-0.3906042,1.2636746,-1.9895805,-1.9866751,-0.44108176,2.4448793,1.1474198,1.9978321,-1.1985561,-0.4715361,-0.5304227,-1.6717374,1.606826,-0.34509435,1.2836119,0.2131542,1.5132272,0.05520195,-0.4572201,0.6244496,1.0752058,0.088405915,-0.106110476,-0.16283861,0.65131277,-0.85774356,1.8720971,-1.1160071,-3.6120892,0.18761802,-1.5356987,-1.0406399,-0.4229327,-0.637896,1.1352094,1.08279,0.37403297,-0.6133278,0.9411738,0.22226077,-0.31907517,-2.3461087,1.6006086,-1.38713,0.02637459,-2.467468,2.0063682,-2.5029168,2.2324255,2.729554,1.4384018,-2.292881,0.23531568,0.17434886,3.2408302,1.1090412,1.4432702,1.2386092,-2.7103448,0.0854236,-0.24744405,-1.6457263,2.4411378,-1.709042,1.5093188,0.8847191,0.7315115,-0.4700041,1.254252,-2.8039353,0.5494963,-3.3544788,3.4747336,1.8909699,2.6886117,-3.0319786,-1.8818665,0.6410788,-3.3829076,1.2493563
P04196	-1.2119036,0.6825199,0.35893953,-0.4984606,0.50623655,1.1471615,0.23344293,1.11795,-0.40726367,-0.084625795,-0.5079542,-0.12932192,-1.1194344,-0.09585655,-2.1923919,1.5074555,0.8620615,-1.5250196,1.7664505,1.1724528,0.33714917,-0.22395307,-0.69079834,0.9626345,-1.663339,0.44274285,0.76348245,0.11018969,-1.534392,-0.6316461,0.6258035,-0.45675656,0.15227184,0.30504897,0.095847085,0.3277014,-0.06580662,-2.4907448,-2.6768596,1.5330957,0.93122125,2.2609267,-2.2104688,-0.09111863,0.7592445,-0.9861585,0.9884894,0.38568985,-1.9493344,-0.16411133,-0.7153189,0.67534935,-1.347361,0.093642555,-0.32801816,0.67039955,-0.18457338,-0.6547246,0.18803239,0.84292716,0.54369867,0.6347428,-1.4529346,2.1157317,-0.11702643,-1.202219,-0.010543659,-0.16460039,-0.29045916,-0.25756103,0.37954313,-1.8006023,0.6769405,-0.62036127,-0.18614487,-1.6697543,-1.3458489,-0.14125922,0.63490146,2.192991,0.29377326,-0.38827357,-2.2983716,-0.21482219,-0.6919479,-0.5536909,-0.29111674,-0.3734317,-0.2052198,1.3343565,-0.58471066,-0.87506783,0.49755862,0.9126182,-0.6994169,0.41325793,1.4724629,0.8379441,1.179998,-0.9364872,1.9821538,-0.045495488,-1.7164007,-1.2712773,-1.2241648,-0.6707608,0.058641598,0.71956086,-0.39617673,-0.7664146,-1.7162879,0.5602298,-1.5158212,0.75087875,-0.29711902,-1.0420619,0.29999903,-1.0523314,-1.3611205,0.23344685,-0.21286403,0.56952244,-0.7179235,0.5038493,-0.6042369,1.4625778,-0.74452317,-0.4118642,-1.4411571,0.11071856,0.16461958,-1.5123304,2.6671276,-1.1207958,0.4282686,1.3167418,2.1497567,-1.0254644,-0.027138682,1.2600116,-0.22324964,2.2245054,-1.0079556,-0.42940837,-0.6175561,1.1061995,0.76628584,0.80068624,0.27295667,0.5433347,1.6547096,-0.17381656,-1.5834633,0.52382165,0.62281436,0.6088169,-0.91278017,1.0261011,0.10978169,-0.2716147,-1.1624249,-0.24637948,1.5421101,-1.6183262,1.15907,-1.1933684,-1.4413633,-1.406767,0.23123844,1.4250554,1.6308832,-0.20474795,1.0331409,-0.5400287,1.6217575,0.15064694,0.9888254,-0.052909758,-2.203945,0.5972153,-0.45680422,1.8745967,1.261908,-2.026868,1.2276754,1.7445145,-1.8070612,-1.1891965,1.3086473,0.08247653,1.6314222,-0.24580759,-0.48072854,0.5848153,0.50745857,-0.9680611,0.761521,0.25137696,-0.22213759,1.428518
Q92968	-0.4701384,-2.1290605,1.2138075,-2.2853673,2.095871,2.939414,-0.16173768,0.8710195,-0.7557446,-0.91899586,0.13695194,-0.22326249,-0.5938821,0.25510517,-1.068241,1.2425312,-1.6789573,-1.9622115,2.2495859,1.0543978,-1.1994894,-0.09125564,1.9990188,0.5915554,-1.1006588,0.89614713,-1.6221135,-3.7337167,-0.72906643,-1.0514362,-2.8032143,0.97415817,-0.82425064,0.5546962,0.3737866,1.0053254,-0.53796273,-2.8635402,-2.6725385,-0.3292164,-0.10376329,2.6310687,-1.7797283,-2.195759,0.6368562,-1.1299163,-0.43700927,-0.5743274,-1.0632104,0.7081301,-0.04794867,0.6042764,-1.2316625,1.4059144,-0.4068725,-0.5244349,0.9981445,-0.08755632,-0.2550205,1.337177,-1.6296451,0.049148306,-1.9243001,1.4524932,-0.57971674,-1.0053545,0.9343637,0.7927951,1.8926525,0.23820093,-0.5501452,0.72611547,1.0772486,0.67263925,-1.8594363,-0.07321117,-0.62880373,0.024871195,-1.9354254,1.4790599,-0.090297185,-2.071651,-0.37342957,-0.031667646,-0.7057489,-0.036796235,-0.66173625,-0.23022091,0.30426732,1.3941305,-1.1507434,-1.213711,0.82249635,0.020415744,-1.4963102,1.6963114,3.1034143,1.7760783,0.90727866,-2.0939817,0.29331845,-0.69351536,-0.16100264,-1.897599,0.36545363,-0.17158695,-0.32622185,0.03711462,1.600701,-0.49109724,0.3539919,1.008268,-2.694665,1.976632,-1.3610495,-2.5229454,-0.15967092,-0.74552846,-3.0333676,0.7294838,-1.0869342,1.1527871,0.07875257,0.5983971,-0.9126142,-0.09219931,0.66268325,1.6965218,0.8405247,1.4099817,1.0658509,-3.2095737,1.8758906,0.08148333,-0.18580896,-0.69711226,3.3847113,-0.9916802,1.3689255,-1.2206702,1.6187427,0.0608851,-0.5467904,-0.81778854,-0.23563993,0.45754677,2.1368015,-1.8182381,-1.5456992,0.778204,0.86948353,-0.37146696,-1.9386877,-0.4099814,-0.31043407,0.60543364,1.359228,1.2007942,-0.99443406,0.41140583,1.2496172,-4.168046,2.0216043,-1.3000361,0.5001276,-0.86587423,-1.1274933,-1.5861136,2.7541394,0.3525487,1.2082384,-0.8787154,0.22076389,0.13434601,0.22918378,-0.6615023,1.0208135,2.3548005,-2.5066123,-0.32745978,2.411412,-1.8404869,2.9812346,0.5567915,0.99880546,3.3528206,0.036811084,-0.7090512,-0.08617396,-2.686527,0.8190676,-1.2763855,0.71027136,1.4854953,0.5496627,-1.7092856,1.1574438,0.5838385,-2.7793543,-0.07614176
P60520	-1.7257462,0.45383355,0.45910776,-1.8246546,0.10256572,1.5694548,0.19817126,0.5030249,1.481333,-0.7258904,0.20982109,0.6327038,0.26517314,-1.6067922,-0.71452945,1.0508852,-0.70198965,-1.3090208,0.5237389,0.39265606,0.19161014,-0.3080821,2.0637136,0.46568352,0.43433264,0.6134779,-0.42918706,-0.8804034,-2.4228008,-1.5860215,0.6094507,-0.46822533,-1.6230607,0.6754696,-0.13519682,0.09009396,-0.9077796,-2.5816557,-2.3035789,0.65187234,0.41992065,3.3572195,-0.5716384,-0.7773925,0.15538782,-1.2151308,0.12586777,0.7604886,-2.1299148,-1.2401509,-1.1666245,1.2535027,-1.3552697,0.6567859,-0.24108826,0.9635598,-1.0882857,-0.19561973,-0.5912717,-0.4740718,0.7544158,-0.68729174,-0.7232947,1.2426157,-0.30135727,-0.9281696,0.70221233,-1.7800099,1.4568472,0.33224815,0.4605696,-1.5010601,1.8017449,2.3470237,-1.7106037,-2.4107604,1.0416086,1.070114,1.7362409,0.48161855,1.049079,-1.1519287,-2.5044892,0.009031413,0.6194265,-0.3881886,-0.020984503,-0.6741796,-0.043770105,0.69039655,-0.76668745,-1.892626,0.8355004,1.0115631,-0.7775947,-0.3163661,1.9180993,0.22468363,0.47019702,-1.4005232,-0.28744382,-0.50813043,-0.04050784,0.15323086,0.59204173,-1.0939837,-0.39033592,0.041452736,-0.24083862,0.09141873,-0.22341903,1.921648,-0.06333115,1.539372,-0.6960084,-1.0380545,-1.054219,-2.1589718,-0.07477527,-1.9247055,0.06863039,1.2043482,-1.5273982,-0.68390715,-1.9750508,0.7850789,-1.5670282,-0.4868815,0.7237725,0.08198602,-0.4282144,-1.0297588,0.75526947,-1.6700658,0.8017188,1.2495768,1.3443582,-0.019271791,-0.21388303,0.059251606,0.8135217,0.8343872,-1.0050399,-0.26677358,0.42562273,-0.3223349,-1.0795221,0.0015659344,0.8810514,0.15910177,0.49507812,-1.027902,-1.0733622,1.0633625,1.7731282,1.2937049,-0.44273445,2.4135735,1.3417735,0.38321456,-1.5424709,0.17322259,2.0375164,-1.5995631,1.35045,-0.86250305,-0.15996952,-1.8637352,2.8904467,1.3310628,0.97199404,-0.7113828,1.1900494,-0.12267319,-2.327221,-1.0810121,1.0105761,0.9669657,-2.6211765,-0.2463997,1.2244402,-0.58335036,1.4162921,-0.7030537,-0.662122,1.3838264,-1.3321793,1.0703615,1.8716313,-1.2657832,0.9409707,-1.9543922,0.8066668,0.69567233,-0.4191678,-1.9603595,0.2688073,0.1405928,0.6423259,-0.19105938
Q96EY7	-1.1517793,1.3373067,0.588052,-1.7576487,-1.0610839,-0.8251152,0.6054108,0.34777647,0.9815008,0.34977022,-0.40174252,0.20677471,-0.6304013,0.02557172,-1.1475582,0.7845842,-0.44325808,-0.6766688,1.6323397,0.3305955,2.1292338,0.77720535,0.5390706,2.3637323,0.774866,-0.49107745,-0.08888857,0.058766734,-2.7369313,-1.8222644,-1.2893704,-0.9913658,-0.20893428,-0.00012804981,0.017682483,0.57152396,0.28437826,-3.0566132,-0.87324965,1.5609851,1.8813233,2.9432275,-0.66755736,-0.8211289,0.25931153,-0.38697782,0.04354952,-0.9073904,-0.14378005,-0.6310001,-2.0011637,-0.7334907,-0.96561486,0.21678281,-1.089623,2.5518744,-0.30961326,-0.76615554,-0.2609109,-0.13437048,-0.58088034,-1.246186,-0.41008395,-0.42564267,-0.30422455,-0.23811549,1.0018665,0.15925415,-1.0575186,-0.28310478,2.3146174,-0.9482622,2.952232,0.01146867,-0.23887251,-0.5898774,-0.084368035,-0.042010706,0.17910199,-1.4710946,1.9865557,-1.1603578,-0.896183,0.6895767,-0.5339791,-0.7287748,-0.66831857,0.20390464,-0.097670965,1.3913504,0.39729917,-1.6007434,-0.92819864,-0.02471045,-0.6838543,-0.38791937,1.9415827,1.7596325,-0.09232509,-1.7983916,-0.30534297,1.0961262,-1.0881646,1.8229793,-0.17900404,0.25236052,-0.4977049,-1.5006425,-1.1667823,0.42778313,1.1400269,0.7076165,-0.5957046,1.9830165,1.3711916,-1.7518909,0.582245,-1.1013557,0.31176528,0.4324242,-0.17886758,0.5567443,-1.3047374,-1.348667,-0.16008396,-0.8471864,0.09448886,-0.68407243,0.15293875,1.2297093,0.52171344,-1.3827827,1.430991,-0.97126323,2.3077781,1.2021208,2.053902,0.0011427394,0.46999395,1.4476418,-2.476792,-0.119712725,0.24345298,0.6958674,-0.6306733,-0.33605096,0.2212457,-1.3545251,1.2534738,0.12141055,0.4728945,-0.9440729,-1.3198695,-0.6138749,1.872649,1.5676495,0.017989576,1.9048877,-0.0129430005,-0.30149075,-1.3841428,-2.2656653,2.5224087,-2.2686975,0.86942536,-1.3209932,0.26902562,-0.51961607,3.2189107,0.53547776,1.9781051,-1.3629683,0.30721682,0.075734824,-1.3032204,-0.8926004,-0.09255594,1.3897623,-1.8156378,0.46728793,-0.40391123,-1.8926693,-0.51971567,-0.7047073,-0.51418114,1.3560008,-0.8553355,-0.071810566,0.017088782,1.7340605,0.4147218,-0.59672576,-0.5990192,0.31925932,-1.1610893,-1.8666263,1.019939,1.3944278,0.036851805,-1.1906275
P41182	-1.0364835,0.3399043,-1.3312092,-0.5416005,-0.3997871,0.52015895,0.81157786,0.79297566,0.5131285,-0.6738127,0.13961808,0.29800752,-1.2460468,-1.1762241,-1.7182478,0.71399903,0.062719226,-0.5969099,-0.4797858,-0.5082866,-0.0530324,1.578926,-0.92666584,-0.8555969,-1.5548056,-0.3702181,0.18523598,-0.36632374,-4.1623335,0.27960443,0.7620406,-0.65702796,0.04726015,0.0018958302,-0.47222745,-0.33151785,1.071539,-1.8146343,-1.6183481,0.5989028,0.9541929,1.3175783,-3.2391303,-0.94171995,0.3016305,0.15731923,0.81154627,0.7537631,-2.8339682,1.6032511,-0.2791931,0.63601834,-1.4692646,0.721866,1.1788545,1.9681828,-0.70389885,1.2215446,0.12569453,0.16389674,-0.4651615,0.1994197,-0.33640853,1.4223067,-0.22705422,-0.92118585,0.25651652,0.11206462,-0.23464906,-0.16077307,0.21009487,-1.7860038,1.1694349,-0.54043436,-0.16428863,-1.6748292,-0.9104673,-0.7590395,0.62971,0.3568574,-0.34991997,-0.34318626,-2.5828986,0.029530723,0.31713313,-0.62792474,0.028801726,-1.2532116,0.01824576,1.3717364,0.31536025,-1.7035778,1.2404023,1.057983,-1.059036,0.36653575,0.6230094,1.202386,0.4764401,-0.5355762,0.4784243,0.76561433,-1.2659223,-0.36395332,0.58796304,0.46244866,0.2782098,-0.15707394,-0.82836455,0.6047197,-0.49603707,1.2152733,-0.9511726,1.0714219,0.2646134,-0.00089918997,0.06279209,-0.17154759,-1.8091071,-0.76748616,-0.82298017,0.5919251,-1.5369105,-0.17046656,-0.62641186,0.7028103,0.85592717,0.88620013,-1.2343032,-0.59280276,-0.92209613,-2.0108263,1.5661706,-0.53977996,1.647183,0.44652486,1.7701337,0.71523625,-1.5118855,0.79731476,-0.19334824,0.54509676,0.42897674,0.33536217,0.63241065,0.08056736,0.5214496,-0.19270884,-0.6823825,-0.7159513,-0.19262318,-0.046440247,-0.06100343,-0.16799237,-0.6185738,0.42121857,-0.5820069,1.4812565,2.1014087,1.0304989,-1.1701664,0.33191603,1.6446592,-0.35103425,-0.42327312,-1.0836955,-0.8858129,-1.1960865,1.7543396,1.0692216,0.7169351,-1.8961488,-0.8067175,-0.55590975,0.7077418,1.5639699,-0.053302225,-0.5377931,-0.68936574,0.965253,-0.2725295,0.6252333,0.8068931,-1.894813,0.3832491,-0.29385805,-0.60679656,0.6942544,0.69012296,-0.23450626,-0.45847183,-0.983493,-0.68355507,1.099588,0.6710842,-1.8316585,0.21619028,0.49478745,-1.1513064,0.28017485
Q9BSB4	-2.330297,2.1523979,1.5930531,-1.1618558,-0.20193839,1.7349899,-0.107733846,1.0785071,0.21321411,0.79983383,1.23089,0.18476711,-0.013859443,-0.6320387,-0.23220246,2.223816,-0.6308757,-1.8219832,-0.10451827,0.5911962,0.6412636,-0.17215686,1.6710289,1.1235107,0.84041655,0.47635555,-0.97652835,-0.9918337,-2.2542613,-1.8913062,-0.03881766,-1.1907742,-2.318676,1.5042045,0.7732999,0.1833135,-1.2357521,-3.3704734,-2.7103488,1.2148985,-0.17350347,2.8452394,-0.01441471,-1.7979262,1.0911413,-1.2861696,0.34509087,-0.08189048,-2.050751,-0.91014457,-1.1557322,0.6712107,-1.9512076,1.4798937,-1.0440024,1.3090255,0.21921246,-2.315818,-0.16717939,0.3438519,0.0049100057,-0.56342983,-0.93378425,1.0435978,0.1676643,-0.9389354,0.53512245,-0.52107483,0.84397525,0.667861,0.69193935,-1.0252159,1.623913,1.2109301,-2.331869,-2.5683396,2.0548415,1.2088714,0.38753027,0.99057615,1.6414634,-1.4406444,-1.6490262,-0.07008948,-0.48356718,-0.54133904,1.0409074,-0.5245834,0.26879075,1.4988335,-0.6143576,-1.432226,0.34613812,1.0517024,-0.6787914,0.049258996,2.8441029,1.6857573,1.3298789,-1.9031408,-0.49231884,-0.27540714,0.78119606,-1.0768924,-0.99849916,-0.08332686,-0.08861263,-0.30459306,-1.2610589,-0.60028046,-1.1772671,1.7683715,-0.44674626,2.1092253,-1.5487947,-1.2589091,-0.2467138,-2.8717923,-0.3583584,-1.7306082,0.09597612,0.9290037,-0.36030886,-0.21687652,-0.8345165,0.5920306,-0.47829533,-0.9571364,-0.08119977,0.44979295,1.304198,-2.0058432,1.0545173,-2.712439,1.2671841,1.8475522,1.4680802,-0.7123033,0.7107345,0.19713557,0.12295381,1.9711838,-1.5997113,-1.4430758,-0.068941064,-1.2862502,-0.1557835,-1.3705143,-0.9860033,-0.045208674,-0.3880344,-1.3568889,-1.6630878,-0.11886846,1.8187413,1.9760032,0.14622678,2.9369996,0.08647852,0.45187038,-1.4659256,-0.12680489,1.8813815,-2.0228124,1.9379888,-1.4332995,0.10283493,-1.8288265,2.222032,1.4157461,1.0096481,-1.7534788,2.0390584,0.059245765,-1.1697028,-1.0271952,1.3906885,1.7614051,-2.6095245,-0.76253736,0.08851562,-0.8292072,1.9181945,-1.038492,-0.40563366,2.0725951,-2.0054219,-0.8751898,1.4497331,-0.8652192,1.239142,-1.9784882,0.8360102,0.6055035,0.030684222,-2.4192586,0.4370344,0.94059247,-0.17711309,-0.03818982
P21675	0.24209231,-0.73258966,-1.6454047,-0.706388,-0.48519734,-0.1342306,0.046579063,0.2774084,0.6904514,-0.6928537,-0.55119735,0.50579476,-0.6227729,-0.5163523,-1.7563658,0.810638,-0.42190427,-1.5119929,0.7048028,-0.37778395,-0.5513106,1.1143379,0.040367223,-0.4881303,-0.9704073,-0.07799197,0.14182311,-0.5436596,-3.0695639,1.2887946,0.09041372,-1.9384545,-0.36891845,-0.6604822,-0.7836984,-0.20246471,1.4849707,-1.5946513,-1.8885938,-1.3053652,1.0685536,0.9085615,-3.5830193,-0.78088635,-0.87793505,0.6083246,1.218247,0.20965321,-0.91053265,2.4056299,-0.4065279,-0.02533677,-0.3189832,1.5566096,2.2904284,0.0575299,-1.0229274,-0.1003588,0.5121856,-0.6856038,-0.26110935,0.90811574,-0.40586543,0.8984391,-0.8607983,-0.5677964,1.1355454,1.0759941,0.5939555,0.6327886,-0.3882287,-1.6776172,1.5924475,-0.42689827,-1.0052811,-1.0125834,-0.33189297,-0.9933212,0.49950576,-0.46682173,0.49352717,0.3003589,-3.2241795,-0.6519418,-0.18114024,-1.1766411,-1.1512245,-2.664838,-0.2363746,2.1008725,1.0803274,-1.8681616,1.7763835,0.52998793,0.061246727,0.64648706,0.020813618,-0.026401894,0.6313597,-1.3953257,-0.32661557,0.3513146,0.21842779,-0.0343081,1.3176327,0.21263644,-0.3580062,-0.5530279,-0.5627466,0.14919536,0.12680174,1.4741497,-0.95666915,1.8509525,2.0341413,-0.737449,0.70737803,-0.88085526,-1.1477809,-0.6865966,-1.0875634,0.5419561,-2.8251817,-0.058568195,-1.3603796,-0.18410146,0.1443364,1.6346672,0.15391584,-0.25840667,-0.62355727,-0.5122452,0.7707694,-0.21293691,2.3575494,0.5863518,2.284138,0.7163787,-2.4047847,0.5426487,0.68076986,0.32406738,1.3131284,0.87729895,0.9162569,1.3300424,0.62119776,0.030338798,0.06383497,-1.1616366,-0.16760923,1.1405396,-0.03310326,-0.7682422,-0.19588697,0.42871532,0.55811155,2.0218885,1.0719825,0.88899857,-0.8934778,0.41153398,0.57544565,-2.2777953,0.563089,0.65350986,-0.70795476,-1.6526556,3.5861297,0.44467485,0.24811757,-2.2810156,-0.8163356,0.92785275,-0.107375145,2.3250287,-1.1941628,-0.83696026,-0.18282792,0.7369456,0.6416435,0.6689765,1.1227036,-1.0248368,-0.19586013,-0.30740538,-0.74872154,1.2678665,-0.17137134,-0.57189333,-0.11799935,-0.15323599,0.29024008,0.14511722,0.057015628,-0.9034605,0.97595,0.7837291,-0.55087996,-0.48172402
Q8TDR0	-0.4868196,0.54680854,0.9013983,0.31132,0.29501227,0.78100264,-0.5608219,1.2771655,-0.9938855,0.3542231,-0.1425419,0.110932894,-0.33868828,0.43681744,-0.9107761,1.5231409,1.0265727,-0.9734885,0.8735831,0.5628414,1.1311982,-0.21494165,-0.43642074,0.39576045,1.1055844,0.39012307,-0.66520816,-0.8617949,-1.9739925,-0.6859096,-0.7533879,-1.842011,-2.1549983,2.2596538,1.3423326,-0.30577055,-0.5201774,-3.4297218,-1.660709,0.31273872,0.05547956,2.710117,-0.9372529,-0.64627665,1.3732872,-1.742333,0.7317272,-0.27285492,0.5820501,0.2928644,0.14189956,1.3952854,-1.6365529,1.4068403,-0.10549095,0.114564486,0.50866526,-4.1725383,1.3478851,1.0979662,-0.7447388,-0.34324124,-2.492074,1.9004495,0.27191758,0.0016747381,-0.57624066,-0.18019074,-0.615894,0.4442554,-1.0216849,0.12759294,-0.21565711,-0.23028132,-1.8874036,-0.99681866,1.7448493,-0.93157583,-0.6904572,0.67570585,1.2321608,-1.8919227,-0.9442934,-0.0060757487,-1.2736253,-2.3687303,1.4851519,-0.609031,0.5056737,1.668887,-0.7543925,0.1012996,0.046676427,1.3583856,0.27691114,-0.48841614,2.9466877,1.3201022,1.9200313,-0.9585658,0.1455667,0.7395118,1.193621,0.5860459,-1.5813208,0.64350706,-1.7260807,0.08968814,-0.8287663,-0.6799797,-0.42782316,1.5105082,0.4586468,0.96891356,-1.5362378,-1.6568335,-0.10046128,-1.511584,-1.1748781,-1.1376547,-0.9310152,-0.17103978,0.7051625,0.19474821,-0.3760508,-0.055086326,-0.92750496,-1.7104222,-0.39519313,0.7714892,3.1139479,-2.1795177,0.5901093,-1.8840274,1.1432272,1.459129,2.10245,-0.9206958,1.3768163,-0.2588465,1.3421412,1.9605037,-1.089036,-1.8159134,-0.16855963,-1.4844722,0.37688828,-2.7538583,-1.5514213,0.3269738,-0.74875474,-1.2108216,-2.4559946,1.0438831,0.98181164,2.186203,1.3540773,2.1822531,0.2662325,0.5885403,-0.08232529,0.27554497,1.7346448,-1.6810832,2.5100048,-0.046966262,-0.738731,-0.6792654,1.0362622,0.11859635,1.8428223,-1.6328151,2.026832,-0.15873142,-0.65638876,-0.75715756,1.9505181,0.6172242,-1.8831098,-0.43951806,-0.84289086,-0.7003043,0.8292037,-2.2856097,-0.6065319,2.7514262,-2.2618046,-1.7472899,0.6009695,0.3275335,0.07742363,-0.53274727,-0.426177,0.72707206,-1.7625288,-0.45647678,0.5635197,0.3630807,-0.8772872,0.6817582
Q9HBG6	-0.7712347,1.2867587,0.40426156,0.39952463,-0.021711979,1.1836896,0.5329723,0.9361099,-1.0847342,0.5421663,0.847674,0.08240408,0.180263,0.63937587,-0.20424964,2.2592092,0.77645934,-0.6924439,0.05173909,0.6948756,0.8701714,0.8602477,-0.24828438,0.33268294,1.3017257,0.15495743,-1.2029831,-0.28178257,-2.680624,-1.007867,-0.98434824,-1.8294787,-2.4639425,2.4669576,1.2383307,0.36858568,-0.36496988,-3.0948005,-1.3831077,0.20785904,0.3417746,1.5310507,-0.9797206,-0.9805202,1.385473,-1.5110779,0.4129226,0.32847062,-0.13619329,0.70570254,-0.48152986,1.1013278,-1.6185445,1.72603,-0.85050493,0.7777984,0.90714335,-3.750708,0.7726264,0.7142325,-0.97849065,-1.0232924,-1.2565788,1.6570681,0.4700596,0.5979069,0.2608193,0.52295935,-0.55186635,0.38811404,-1.0358949,-0.4580398,-0.46529916,-0.1849413,-1.8313208,-0.35513481,1.6658827,-1.2403115,-0.5159969,0.5656308,0.88768834,-2.4125936,-0.71319443,-0.016103826,-1.1628624,-2.2381892,2.3820658,-0.9589206,0.47078142,1.4232637,-0.49850294,-0.5333432,1.1239936,1.3187029,0.9062419,0.14679094,2.6958158,2.5601294,2.2565064,-1.1935602,-0.72062147,1.60503,1.090591,0.9621699,-1.1362967,0.86909235,-0.7450059,0.0148148965,-1.1849064,-0.5607213,0.46206155,1.1732714,-0.4998352,1.6389625,-1.6457267,-1.2269111,-0.5886558,-1.4868002,-0.9731781,-1.1183513,-1.4980019,-1.031517,0.5169956,-0.4558744,0.68921155,-0.67735565,0.4492918,-0.9588714,-0.87759113,0.83693457,3.1633458,-2.8591998,-0.08702223,-1.8632146,1.9504504,0.6023765,2.3304095,-0.7065679,0.55995065,-0.666176,0.10692545,1.0355171,-1.4122806,-1.5681782,0.5167617,-1.6713778,0.14574516,-3.2492726,-2.0787663,-0.50956076,-2.0367737,-1.2569677,-1.779809,1.1390488,-0.050704964,2.9746616,1.277459,2.3320773,0.70655084,0.65565175,0.08403873,0.18403022,1.2394114,-0.6477101,1.97536,-0.541844,-0.3363116,0.3458005,1.581255,0.037758198,1.7526572,-1.6043267,1.8041055,0.03118623,-0.74405485,0.19071092,1.6035429,0.28069475,-1.5742366,-0.61467284,-1.1321594,-0.9381667,0.6084656,-1.7509471,-1.247849,2.4444942,-1.2162322,-1.7373499,0.634102,0.4216851,-0.6254035,-0.8888406,-0.42727363,0.31219983,-1.3438855,0.5223588,0.4084141,0.057492696,-0.7801576,1.2457336
P18509	-0.8974603,0.7732451,-0.7676912,-0.43647495,0.73771703,1.1844772,1.5409212,0.9750033,0.77128047,-0.15802467,-0.05237755,-0.3436353,0.26444912,-1.345105,-1.2757304,1.7489805,0.6756814,-0.6322767,1.0254303,-0.28239033,0.57339424,0.75882906,-1.1135318,-1.4959252,-2.3206925,-0.08528297,1.3075234,-0.18864967,-3.1015477,-0.16627786,2.142479,-0.5441616,0.090179324,-0.22328979,-0.12313251,-0.32925,-0.20283906,-2.129316,-2.0134418,1.9248451,0.9427663,2.2789688,-0.9640894,-0.41206688,1.6237469,-1.7877288,0.7400579,-0.20110795,-3.5921886,0.5342902,-0.5869907,1.0137995,-1.2099953,-0.08806381,-0.069740824,0.7270147,-0.23190817,0.15190795,-1.0443195,0.7658495,0.3184716,0.17360307,-0.4621331,1.2599479,0.0026477508,-0.8747553,1.3748305,-0.5863108,-0.094929025,0.25465903,0.88357216,-2.0748045,0.7984465,-0.49490523,-0.062171858,-1.5295784,-0.96970814,-0.60391265,0.5866239,1.4803835,-0.1965634,0.03336253,-2.4249117,0.10982686,0.3023353,-0.71242344,0.10528792,-1.4055808,-0.057453886,1.2564013,0.9193327,-0.398751,0.4516762,1.6806372,-1.048475,0.3667112,1.1386541,1.3118422,2.2884946,-0.8296141,-0.00050661486,0.30138257,-1.4686646,0.25295928,-1.2796817,-0.8858985,-0.6615669,0.3105631,-1.184208,0.27558532,-1.146864,0.8011583,-0.46751168,0.6070282,-1.169181,0.3951811,-0.22508453,-1.0947301,-0.9722715,-0.032605246,-0.88837814,0.21259296,-1.8360071,-0.6007884,-0.14086507,0.700331,-0.2550079,0.2462137,-1.3017968,1.1902934,-0.0031305419,-1.203743,3.1528656,-1.3589717,2.0085561,0.3131562,1.7183386,-0.3177354,-0.14234748,1.2879828,-0.45380768,1.1224058,-0.6331025,-0.92548704,0.5101575,-0.086659536,0.8955373,-0.20299901,-0.2595182,-0.9404182,0.9825765,-0.47360322,-0.66332316,1.1684945,-0.4223434,1.4017757,-1.2079502,0.77766985,1.8881676,0.6567303,-1.2359943,1.254013,0.24277535,-1.5913014,0.12109526,-1.1531967,-1.1078485,-0.31627142,0.20143005,0.48343366,1.4630871,-0.6816765,0.9912197,-0.3109383,1.3181328,1.1961869,-0.347559,0.46354097,-1.4766209,0.5816839,-0.59051245,1.3036817,1.1654623,-2.1896172,0.8861706,1.1451131,-0.947751,-0.16957515,1.6137238,0.12723932,0.98495835,-0.73442477,-0.058097318,1.2244713,-0.15433386,-1.9568197,0.6459193,0.66557586,-1.5855682,0.93499106
P13196	-0.7212402,0.19002445,0.39462504,-2.3681703,0.18176971,-0.03639892,-2.3683426,0.12792662,0.19740167,0.5707652,-1.1641994,-0.45180923,-1.8661541,0.1736665,-2.4164262,0.8451146,0.591211,-1.7931482,1.2913448,0.25205982,1.4603686,-0.822739,1.259046,1.5410172,-0.1818163,1.054538,-0.003795794,-1.8942654,-1.8594846,-0.87930167,-0.96444994,-1.8768101,-1.3001293,0.32979843,-0.2893464,0.26460695,-0.555843,-3.3925629,-3.017676,0.6096505,0.27715796,3.6351104,-1.1895981,-1.0686395,-0.3016129,-0.9366807,-0.045907557,-0.9211031,0.84630436,-0.4324865,-0.26258186,1.2004855,0.62242454,0.31406504,0.36049384,2.5559945,-1.0044483,-1.2752261,-0.37460122,1.061704,-1.356812,-0.27785847,-2.1434588,1.5019919,0.1368148,-0.4865197,-0.28627986,0.011860528,0.344319,-0.24695107,1.4648105,0.9224074,2.9249146,-0.5371843,-0.8462107,-1.5862159,-0.22610535,0.42434493,0.53709954,0.9845055,0.59674114,-1.2690694,-1.7136883,0.049160127,-0.508756,-2.0831978,-0.34181702,0.6004217,-1.235936,1.1551917,-0.9263876,-0.19027805,-0.9928636,0.20902097,-1.3742183,-0.013550998,1.8936079,1.7862697,0.65927905,-0.42069152,-1.2060194,0.06415502,-1.7369417,-0.007079099,-0.19864184,0.49191213,-0.9003026,0.497981,-0.6653837,-0.9146032,0.35501352,1.2267965,-0.07132086,1.2750409,1.7670019,-2.4521558,0.8420437,-0.043936364,-2.0495026,-0.4884591,0.015975758,2.0531018,0.26268753,0.66142976,-1.9805988,-0.86900514,-0.8910869,-1.0133804,-0.15113862,-0.004745117,0.67708635,-2.570725,1.9469451,-0.82055014,0.844967,1.4043572,3.3965628,0.014465643,2.768285,0.9796012,0.1516569,1.6140699,0.12727427,-0.38196188,-0.3868981,1.0652356,0.9404276,-1.7345407,1.2541873,1.1294004,1.4266192,-1.1588385,-1.2570357,0.23803781,1.2959636,0.74691075,1.7366304,1.9038414,0.2063179,0.29065037,-1.4138149,-1.7348678,1.9883866,-1.9042383,0.1631553,-0.21562617,-1.3360409,-1.4878819,2.775142,0.5989642,1.2858211,-1.421448,-0.19074632,-0.28375688,-1.539668,-0.6564793,-0.40097538,0.32511583,-2.359968,-0.08206024,0.00663753,-0.22826259,0.31416675,-1.8839483,-0.54288185,1.301526,-2.9305847,-0.81397706,-0.4316908,-0.14751756,1.1377462,-0.5056918,-0.4189296,1.3039967,-0.5415314,-2.33412,1.6104766,2.4403691,0.48517832,-1.9663024
Q02447	-1.2463601,1.4065839,-1.1300317,0.031238409,-1.1054385,-0.6760771,0.37240642,0.8636901,-0.062480457,-0.0032801505,-0.08687522,0.67836666,-0.7524358,0.7669395,-0.9426084,1.4001504,-0.080191046,-0.5924266,-1.3217611,-0.7697782,0.9092621,0.4893189,-0.080224365,0.33795646,-0.14278145,0.24467286,0.70762,0.03462933,-3.732676,0.2571762,-0.17941138,-1.1919913,-0.31379944,0.35799035,-0.14706653,0.33086014,1.4067063,-2.200364,-1.544,0.2847078,1.5396901,0.82674485,-3.6227667,-0.7071459,0.74698484,0.93874437,0.59858054,1.0910039,-1.432959,1.5642216,-0.64378077,0.6831171,-1.5547293,0.8127518,1.300882,1.9633526,-1.2287208,0.119367376,0.49796808,-0.021744844,-0.7084904,-0.7521771,0.28914753,0.35402638,0.47020823,0.19070768,0.017712066,0.41269466,-0.45869654,0.39012125,-0.033438005,-1.5401319,1.5130928,-0.07543383,-1.1759022,-1.1067988,-0.69004095,-1.1224438,1.2026944,-0.31197706,-0.033592507,-0.59141403,-3.0144646,0.021259416,-0.034585617,-1.8473052,-0.61880946,-1.7328763,-1.2486528,1.3936312,0.8270653,-1.8746136,1.1231778,1.5775564,0.16569361,0.50705427,0.4410045,1.3383561,0.46970013,-0.8867394,-0.7957377,1.2595168,-1.0551463,0.24181122,0.088902004,0.82183015,0.3825047,-0.8025553,-1.2644622,-0.138965,0.30974442,1.2010725,-0.5426675,0.8321348,0.62809104,-0.20853746,-0.23787884,0.24119422,-1.1087747,-0.21234155,-0.6314707,0.90029246,-2.1562831,-1.3394564,-0.79243404,-0.050376307,0.90552574,0.4940829,-0.6605202,-0.39213514,-0.8528056,-1.9837929,0.29775152,-0.562005,2.5358467,0.5804002,1.451395,1.2761757,-1.2221565,1.2362591,-0.93778557,-0.48157656,1.0197124,0.4169062,1.0759096,0.36083767,0.37002406,-0.6991859,-1.1485015,-2.0828958,-1.5762852,-0.017980976,0.2054248,-0.9238008,-0.48698393,0.34823847,0.2120374,1.8200482,1.130562,0.7565775,-2.1573944,0.58528,1.6569911,0.074853174,0.08803985,-1.0012437,-0.7907505,-0.51506835,2.5835872,0.3016562,0.8698061,-1.9525408,-1.1090442,0.18098684,-0.058416616,2.4120722,-0.52702165,-1.1208385,-0.7272436,0.6910066,-0.8863835,-0.007024869,-0.5292673,-2.1506245,-0.5058598,-0.6893618,-0.75055635,-0.01782234,0.17073044,0.46889666,-1.2012283,-0.7164933,-0.5139436,0.3776471,0.030643806,-0.82133055,0.45971102,0.8286582,-1.0843661,0.14899422
Q9BSF4	-1.559966,1.8014323,0.7871701,-1.9729342,-0.2996131,1.1472126,0.6051778,0.9008121,-0.6074658,1.2205896,0.56040066,-0.25811318,-0.63110214,0.1268295,-0.19104831,2.304194,-0.6862354,-2.1567206,0.033415224,-0.22995366,1.104786,-0.1518532,1.5826937,1.7014941,0.96541727,0.3448094,-0.24222682,-1.6820836,-1.9822841,-1.6798953,-1.0401832,-1.1352289,-1.8051283,1.0964899,1.1000302,1.1212476,0.21470958,-3.9105818,-2.108263,0.18217646,-0.1024288,2.1126862,0.6485624,-2.4434857,1.8610615,-1.9713354,-0.34146464,-0.7894797,-1.3806427,-1.1521784,-0.7175295,0.50207865,-2.5480254,0.8603424,-1.3941995,0.9415346,0.39592698,-2.903251,-0.403811,1.3379265,-1.0397727,-1.4451991,-0.72302556,-0.21589051,-0.0029786993,-0.7028331,1.8338951,0.99945927,-0.09372583,1.2790982,2.1630852,-0.36891952,2.194169,0.87859225,-2.3924987,-1.3863488,2.0041728,0.31742418,-0.3416377,-0.38237223,1.3007288,-1.6825916,-0.5777986,-0.26847154,-1.693964,0.20286885,0.43849868,0.053424537,-0.010548855,0.49626443,0.19116282,-0.6879179,-0.6844621,1.3123108,-0.49662954,-0.24913974,4.1461644,2.6561515,1.403313,-2.1459491,-2.1034796,-0.22808902,0.86827314,-0.6776396,-1.5555563,0.9305714,-0.7396879,-1.877959,-1.5634768,-0.44777396,0.043179017,1.2205969,-0.09228744,1.528714,-1.5695986,-0.42372787,-0.33905587,-3.2587078,-0.3693488,0.114254564,-0.0012294553,0.7344668,-1.2903491,-0.9603259,0.46391612,0.47184947,-0.13686869,-0.67417884,-0.18531965,2.379993,1.3963071,-1.1565785,1.0193295,-2.4552674,2.0627224,0.7660972,1.7080013,-0.42888886,2.0188189,0.3550196,-1.2194122,0.6234644,-0.8853467,-1.7834783,-0.054971103,-0.43935338,0.74610895,-2.4051502,-1.891826,-0.4495463,-0.57624525,-0.9168976,-1.7490164,-1.468558,1.3914098,2.0996804,0.2969173,2.349539,-0.44511986,0.5914172,-1.1505204,-1.8102971,1.2919188,-2.8945389,1.5374547,-1.4275151,0.31296,-0.10071823,2.2835917,0.03960905,2.220923,-2.4427855,1.9154702,-0.65228,-0.91868407,0.12186168,0.6686657,2.0496395,-2.2444994,-1.385682,-0.10270678,-1.4243338,1.10707,-0.7380588,-0.73364913,1.3740267,-1.0997962,-0.80490774,-0.018840333,0.008363275,0.9453141,-1.5480107,1.0245854,0.5030637,0.6586954,-2.8067102,0.13452227,1.6029443,-0.84579456,-1.2418139
Q16531	-1.2553672,0.2919733,-0.4406259,-1.0363969,-0.20722336,0.76568395,-0.2402623,0.08118929,0.5167781,-0.8350914,-0.17740908,1.3886683,-1.7498127,0.45298958,-2.005954,1.8068854,-0.6483928,-1.8611139,0.23542942,-0.26542884,0.6782741,0.286185,0.8867673,-0.40183592,-0.62648284,0.35317224,-0.24214363,-1.1893511,-3.2909477,-0.00096922764,-0.67941314,-2.0265346,-1.8190895,0.17838684,-0.86946785,0.124729425,1.1173872,-1.70584,-2.2289116,-1.0346164,1.2830943,0.6339039,-3.0199249,-0.27060705,-0.09641772,0.43004507,1.009348,1.1409218,-0.7875372,0.9737584,0.09080665,1.2277095,-0.6899561,1.7887388,1.0184327,1.8644056,-1.8150347,0.33033606,0.89066607,0.58021325,-0.26399165,0.646457,-0.43368095,1.2982801,0.2379994,0.30363753,0.072374456,0.58422416,0.40825078,0.9266415,-0.56379616,-0.75169784,2.038663,1.1904407,-1.0557998,-0.3490225,-1.4134736,-0.87174624,0.52619624,0.57397157,-0.13409841,-1.2588491,-3.5163994,-0.13511969,-0.35293883,-2.1537232,-0.9098367,-1.825426,-1.4607081,1.5784909,-0.5435915,-1.4439558,2.2671447,1.239079,0.76395506,0.5519749,0.9533501,1.7234695,1.1756281,-0.5205556,-1.2549752,0.5481807,-1.3340924,0.15076801,1.5528624,0.35406277,0.04958769,-0.8352617,-0.048047062,-0.26162073,0.70718235,1.5970227,-1.1522788,1.1767998,1.4348412,-0.8441808,-0.89429724,-0.22086437,-2.4073067,-0.5444893,-0.4851547,0.69299424,-1.7848091,-0.63651586,-0.6330498,-0.25852123,-0.45115212,0.61485356,-0.03903402,-0.85679096,-0.67298466,-2.5916061,0.45068055,0.30799857,1.165962,-0.3483311,2.442502,0.4122166,-2.3908179,0.12305028,0.7903479,0.109350845,0.7775748,-0.00952144,1.0795017,1.382981,0.3912338,-0.623248,0.27593535,-2.1978543,-0.61641556,0.78754216,-0.2133288,-0.28958613,-0.87557924,0.42029247,1.0267655,2.3626022,1.5336156,0.22928718,-0.89433867,-0.17437887,1.7782868,-1.1448305,0.82368517,0.7213639,-2.605969,-1.1054505,3.6689951,1.1872929,0.14632525,-1.7549946,-1.1784424,-0.29362485,-1.3078886,1.7244083,-0.42501608,-0.9515092,-1.208511,0.35407254,0.9936248,0.9890306,1.217512,-0.5136478,-0.77876484,0.07848207,-1.4334246,-0.2374502,0.09209487,-0.384406,-0.093492545,-0.6248862,-0.110350244,0.9681597,-0.57234144,-0.8601055,1.0452696,0.88724065,0.08886585,-0.3082698
Q9NZL9	0.9020515,-1.4232222,1.5791492,-2.4597628,0.8791116,-0.25689855,-0.44570714,1.5159359,2.3590844,-2.003384,-2.1243756,-0.3803577,-0.4443186,-0.73799145,-2.0575578,0.15559956,-1.2050899,-0.91756296,1.6403054,1.4276745,3.0292413,-0.33883464,1.6072742,0.22871947,0.07110766,0.1008261,0.20555972,-1.0733488,-2.673569,-0.855703,-0.39586404,-0.12884313,-0.6056973,-0.13740247,-1.5973756,1.7810565,-0.07133693,-3.0038397,-0.6967297,-1.0075657,1.712246,4.06979,-1.4093592,-0.75808716,-1.2665783,-0.67502344,-0.050856326,-0.3596755,0.37980944,0.5175052,-1.856088,-1.2239847,-0.4342421,1.3268089,-0.63215125,0.75703377,-0.41091797,0.014474874,-0.37471882,-0.19763887,0.21701172,-1.0087247,-1.7394332,1.7134756,-0.3157599,-0.06122348,-0.1323635,-1.2713515,0.6900192,0.90875214,-0.7183694,-0.7908286,3.1566029,0.9232835,-0.3296974,1.2800637,-1.0624872,0.33231384,0.7395685,-0.4667724,0.18376815,0.11655362,-2.6777627,1.8565806,0.91474897,-0.09025774,-1.284618,0.09661925,-1.4044899,2.3482935,0.12666386,-2.1047184,0.60809547,-0.62775797,-2.1446152,0.08824713,0.6179844,0.30656096,1.1517628,-1.334968,-0.22943273,-0.8273526,-2.7252135,1.5270262,1.0456166,-1.0460026,-0.0047308807,0.29820684,0.47902626,-2.4959395,0.7326948,1.2780765,1.2410717,1.7608308,0.8809476,-2.3033338,0.698368,0.51380706,-0.22133909,-0.13547425,-1.1890911,1.1102777,-1.335426,-1.7350416,0.3401455,-1.4344099,-0.09412318,-0.114671916,0.16142423,-0.35118827,-0.7815088,-1.763017,2.1136885,-0.31040958,1.0265238,-0.11636983,0.74364406,0.31328815,0.10187102,0.75467384,0.85207427,0.17549993,1.4611256,0.30547917,-0.55097455,0.66775364,1.7940556,-0.961732,2.2689414,0.013544478,0.8438134,-0.38324487,-1.1277491,-0.8897715,0.22163785,0.063272074,0.17567156,1.9122709,0.7783095,0.62683886,0.37904912,-1.3341768,1.5839595,-2.4964402,2.5149446,-0.23207521,-0.091921814,-1.6512201,2.2116635,2.2131052,0.4126245,-1.5522252,-1.4242111,0.38712454,0.6904761,-1.0976733,-0.55313754,-0.23959543,-1.960453,-0.013900542,1.0207249,0.571694,1.4593188,-0.25872603,0.1984688,1.1569012,-0.23242629,0.09107885,-0.8079282,-0.79358155,0.21691017,-0.8472723,1.8056699,1.8672668,0.24578054,-0.3034181,2.1013997,0.24337704,-0.49944085,0.34336132
Q9NYH9	-0.4174205,0.002953488,1.1264956,-2.016092,-0.92626387,-1.4001149,-0.75975174,0.7789646,0.50156415,0.15249342,-1.442755,-0.34194314,-1.2563598,0.02876656,-2.5631063,-0.35471773,-0.6791907,-2.2180614,1.697602,1.0416856,2.4036713,0.46730226,1.2213233,3.1077137,1.5154442,0.3110664,-0.08309672,-0.47708303,-2.317165,-1.6548688,-2.1240125,-0.80518323,-0.8943302,0.55540323,0.20118836,1.3466581,0.12571135,-4.3860974,-1.014151,-0.12834635,1.1605663,3.8869522,-1.5221725,-0.7876598,-0.6329059,0.6324009,1.277989,-0.685432,1.8258969,0.30305797,-1.8679824,-1.2211736,-0.8241439,2.722025,-1.3692089,2.1069202,-0.6368105,-1.9811776,0.92627376,0.36537015,-2.3381324,-1.3500526,-1.5127842,1.1117849,-0.28685704,-0.27288643,-0.88387203,0.21656883,-0.7105315,0.9312327,0.59017503,0.37985855,3.0469716,-0.7243766,-1.0495144,-0.32970646,1.06877,-0.08973793,0.2759475,-2.061732,2.3068683,-0.610895,-1.2754581,1.3512092,-0.68183374,-1.4660177,-0.1905172,0.98240274,-0.30172852,3.058716,0.04770549,-1.8858886,-0.42163017,-0.6207638,-1.2071165,-0.6444827,2.428317,0.35035336,1.3153633,-1.5066628,-0.23880224,1.5676817,-1.0372164,0.4710481,-0.9554372,0.8409479,0.014264341,-0.33892053,-1.7947468,-1.8951428,0.0838062,0.5449368,0.5659174,2.5433898,1.4964349,-3.0439613,1.0353518,0.077038616,-0.40254065,0.056603942,-0.3350363,1.3417958,-0.6464512,-1.0329674,1.4167433,-1.28541,0.467152,-1.5948825,0.2351625,0.030723134,0.7581895,-1.6484861,0.6876675,-2.0395417,1.1795055,2.6766577,1.3277978,-0.36745164,2.0407493,1.8866676,-1.3728044,0.18245599,0.8491722,0.87441283,-2.0920377,-0.32980156,1.1378042,-1.6939375,0.40711963,1.1327672,0.34017798,0.12766182,-2.2809777,-0.66793185,0.999377,0.6194034,0.47970852,2.6371713,-0.74057966,-0.64613,-0.63244015,-2.0597475,1.590043,-2.7478304,2.8229876,-1.4144671,0.19139408,-1.1595867,3.944335,0.7960339,1.6551178,-2.0450296,-1.2710835,0.1743618,-0.29063764,-1.7640617,0.9991432,0.1664296,-1.9252121,-0.14739236,0.27731252,-1.4207081,-0.9192153,-1.0751408,0.037726298,1.5521758,-0.7886633,-0.5860051,-0.634254,1.2834933,1.171943,-0.21930304,-0.7962986,0.28551877,-0.86061454,-0.8614615,1.0840685,1.6534331,0.038210485,-0.6911983
Q9NV58	-0.024169499,-1.1695325,0.6052079,-1.4965199,0.4814414,1.2143904,-0.06344439,0.6018322,1.3030983,-1.086597,-0.22794172,-0.8449916,-0.8613839,-0.6424666,-1.0100707,1.686382,-0.68812114,-2.1304078,0.3954119,1.2995127,-0.039496094,0.28146294,1.2667382,-0.12754896,-0.8389741,0.009251712,0.18856184,-1.9167986,-2.205492,0.8520579,-0.27201757,-1.4639847,-1.2969724,-0.3848026,0.08017838,1.4309433,0.6285325,-2.8460457,-2.3687825,-2.17832,0.30707595,1.7893829,-2.035314,-0.9043965,-0.45813036,-0.09329299,1.4936575,-0.31329408,-1.0774274,1.0918244,-0.37754315,-0.0009011266,-0.5598906,2.0346076,0.8902272,-0.22981489,-0.15661415,0.059004575,-0.21851017,-0.18705101,-0.57179254,1.4861647,-1.1210772,1.8663938,-1.0269599,-0.6179423,0.9337309,0.74035263,1.1315063,1.4691867,-0.11739386,-1.231116,2.68712,0.19654197,-1.0630468,-0.015346689,-0.17085953,-0.8708164,0.16356526,0.1337159,0.73457533,0.10317084,-2.330316,0.28939927,-0.6229557,-0.7659258,-0.7294418,-2.199481,-0.5012352,1.692122,-0.043817654,-1.7876809,2.0764194,0.77344584,-1.1871103,0.34814808,0.9696495,-0.06386352,1.9568648,-1.7501107,-0.38297397,-0.82616985,-0.91519296,-0.48792347,0.35804796,-0.072756365,-0.603573,0.17750268,0.24227826,-1.8330789,-0.28000534,1.0304434,-0.059444807,2.4144874,0.6823279,-1.4278322,1.1786816,-0.7049352,-1.188495,-0.8938994,-0.877002,0.5567905,-2.024739,-0.05061558,-0.3060994,0.13815376,0.7233747,0.9349449,-0.2594098,-0.046146885,-0.3407782,-1.2564116,1.5650333,-0.09046563,1.435767,-0.55191827,2.1709244,0.17579919,-1.808602,0.45990267,1.4076535,0.5327858,0.9737332,-0.566741,-0.2847511,1.5512891,1.3066279,-0.3390231,0.8713027,-1.2128321,0.6449207,0.7380662,-0.66114897,-0.0071757436,-0.50468683,0.13273746,0.50990766,2.7533424,0.9470003,1.3758075,0.6687614,0.23504911,0.16514164,-3.2531338,1.1395845,0.45635387,-1.0085461,-1.6955987,3.1157923,1.1819938,0.06139912,-2.2078454,0.41359836,-0.32145074,-0.17641968,0.34714866,-0.13921517,0.355441,-1.1050124,-0.44865492,1.6790282,0.9016979,2.4739175,0.23911645,-0.070680015,1.0163033,-0.31465143,0.53654075,-0.03206083,-1.7400768,0.6022739,-0.21194364,1.3035657,0.39595294,0.5425002,-0.47781757,1.2795719,0.1461241,0.1966032,0.6041754
P42566	-1.4908988,-0.053277828,0.43633407,-1.60339,-0.2251526,1.8453131,1.5561448,0.847027,1.059649,-1.0552412,0.66118574,-0.16737232,0.49494857,-1.6744266,-0.8638936,1.9550806,-0.98515344,-2.0669622,0.88065994,0.28632706,-1.1379535,-0.20330761,1.6034131,0.25970265,0.43722698,-0.35528785,-0.30794618,-0.456665,-1.7361922,-1.490796,0.51766425,-0.21337989,-1.8808626,0.4854229,1.2871882,0.5397009,-0.69985366,-2.5450788,-1.736182,-0.512151,0.88332,2.1261406,-1.3028475,-1.104051,1.0245687,-0.80305797,0.60865253,0.77607083,-2.3936946,-0.89638984,-0.4684734,0.995082,-1.5087496,0.3403838,-0.24134527,0.048547156,-0.0843062,-0.33697656,0.009428853,-0.08321997,-0.07540914,0.24287316,-0.33129248,1.1765501,-0.8329974,-1.9676279,0.7602206,-0.72019875,0.3004359,1.0003647,-0.029053362,-2.3399715,1.5392294,2.1707602,-1.4281858,-2.6519957,0.9428231,0.32594705,0.7429003,1.7751058,1.5352545,-0.2756318,-2.0051646,0.16554546,-0.25563714,-0.11869778,0.37183744,-1.8610876,0.27120313,0.3647079,-0.45756948,-1.4918026,1.583802,0.32033634,-0.9478639,0.7579577,2.0800362,0.94125396,1.3847275,-1.8887641,-0.13809146,-0.4029204,-0.28399915,-0.8635421,-0.63979244,-0.24899141,-0.3768496,-0.52392906,-0.068292476,-1.080907,-0.40860045,1.7495971,-0.84730464,1.7723588,-1.4190896,-0.003952744,-0.5718049,-2.5710285,-0.7716291,-1.1173426,0.2561109,0.67855626,-1.6376475,-0.5576561,0.108887434,1.6010009,-0.8014792,0.111835465,-0.25936174,0.5301219,-0.8714311,-1.6988658,1.2095919,-1.5652567,1.5636771,0.5460214,1.3488492,-0.6063726,-1.3977321,0.49556625,0.56059295,0.96822846,-0.7529688,-0.5867949,0.1554875,-0.14871922,-0.21694341,0.4164521,0.04787341,-1.2968221,0.70049983,0.51772887,-1.4900434,1.2400107,1.0293989,1.3467479,-1.6576843,2.1323364,1.5273724,-0.018316114,-0.2741417,-0.13049805,1.6472005,-2.2047389,0.4462713,-1.783838,-0.4972235,-1.324002,2.6655173,1.7550484,0.6933274,-1.4468316,1.3268629,-0.61311805,-0.6101333,-0.88518655,0.55918384,1.1196579,-1.3277029,-0.93484366,1.1679114,0.43366113,1.6020874,-0.65961653,0.15680228,1.7762687,-0.59806967,0.54829705,1.7250826,-2.2496336,1.8205698,-0.8460531,0.040127445,0.5256055,-0.46609652,-1.4923084,0.1915008,-0.27966604,-0.23614271,0.44976538
P47813	-0.06306569,-0.5860846,0.7554468,-2.5008643,-0.5988432,-1.041098,0.20937851,0.50723106,1.6736796,-0.69419533,-1.2577355,-0.29380926,-0.6687136,-0.51115686,-1.7762048,-0.20555145,-1.1698539,-0.8604026,1.3602076,1.3883132,2.2583635,1.1312912,1.0463849,2.3372831,0.14777829,-0.30531505,0.2668692,0.9862762,-2.7649915,-1.3161987,-0.8194264,0.15116139,0.71793735,-0.14806415,-1.0143195,1.2034047,-0.2928584,-3.2417424,-1.2704706,0.456035,1.6528229,3.9882371,-2.2061057,-0.93503946,-1.8530102,0.19217733,0.7148858,-0.8688514,-0.3224924,0.76003546,-2.738731,-2.028905,-0.58073753,1.4498757,-1.0256058,2.2276201,-0.16429152,-0.40306923,-0.28735912,-1.0425198,-1.0127472,-1.1226037,-0.96267873,0.7996619,-1.190015,-0.6028964,-0.072648786,0.06364101,0.060151555,-0.4215854,0.44727272,-1.6184603,3.4370732,-0.58084875,-0.3528054,-0.08333956,0.25906458,0.52458096,0.6844319,-1.9606074,1.7439795,0.10308502,-2.553999,1.6976177,0.7567936,-0.39718962,-0.55694854,0.19859765,-0.36538088,2.9918914,0.53117085,-2.4592907,0.3068629,-0.93566555,-1.9017439,-0.18843198,0.01804525,-0.29610598,-0.4077295,-1.620427,0.9477713,0.8795002,-1.7967813,0.3655418,0.14597301,0.10202317,1.2588158,0.69982123,-0.91399145,-2.033868,-0.055959236,0.5100348,0.3047671,3.1186376,2.1520286,-3.0091984,2.3346899,-0.03443982,0.9256967,-0.37474546,-0.5974367,1.3759998,-1.7843467,-1.1714801,0.37343377,-1.3941418,0.8018407,-0.19425829,0.03950566,-0.3075671,-0.17528564,-0.82212645,1.3738929,-1.0316709,2.7354333,1.9026622,1.3257715,0.33073476,-0.03476703,1.4290029,-1.416168,1.5314108,1.5909545,1.459215,-1.556541,-0.09591884,0.855082,-0.14781947,1.8347682,1.3503243,1.0141107,-0.6253822,-1.4624759,-0.8294857,1.4516449,0.597951,0.1906614,2.156908,0.14604557,-0.7096715,-1.077599,-1.2566692,2.2637951,-3.0293956,1.4176024,-1.4939971,1.1924654,-1.7014375,4.083238,1.5553212,1.039057,-1.7297999,-0.9477254,0.8978084,0.67818683,-1.0432538,-0.6279056,-0.07283615,-1.7413117,0.6898107,0.31971207,-0.9202261,0.18600953,-0.48620752,0.31953827,0.9185539,-0.72811264,-0.21045582,0.31072992,0.24674882,1.0722148,-0.32131764,0.5564957,0.7869902,-0.45516914,-0.3181009,1.7268248,1.1191264,0.16710049,-0.6064573
A8K8P3	-0.016690563,-0.79299307,2.1887326,-1.7606493,0.47658023,0.631661,-1.9597063,1.8995365,0.6341213,-0.1683874,-0.6327173,-0.9424582,-1.399984,0.6940408,-1.1373028,0.6662661,0.27895287,-2.40581,1.4617449,1.3587254,1.7392381,-1.1178924,1.0445405,0.7436223,0.4175317,0.91162544,-0.9771338,-2.809335,-1.5771027,-0.05627591,-1.4324776,-1.0732533,-2.056693,1.958459,0.9491189,0.35116014,-0.16459054,-4.863103,-2.591623,-1.6968719,0.14807695,3.425597,-1.2221004,-1.290545,0.15109617,-1.0442464,0.8916904,-0.5505381,1.3563505,0.027222155,-0.86263895,0.28155428,-1.8097081,3.4386108,-0.12942123,0.16357794,0.23155423,-3.0719934,1.1933587,0.81751513,-0.9693024,0.14992563,-3.4826882,2.495263,0.6385238,-1.1135154,-1.2021127,-0.0005372583,0.6723182,2.4452665,-0.55090994,0.6671644,1.7529464,-0.17944154,-2.555217,-0.50579196,2.173953,-0.5602027,-0.45083606,-0.51831245,0.69278395,-1.6059517,-1.1171813,0.2362247,-0.8950956,-0.84990424,0.03584305,0.38279763,-0.30728847,2.555703,-1.4739099,-0.890862,0.43798476,1.1925935,-0.99297583,-0.57947075,2.9084525,-0.13563137,2.1677375,-0.8124767,0.054298162,0.36352253,-0.2346776,-0.57178944,-0.6106238,0.063524336,-0.6728607,0.119229995,-0.36782524,-2.0997891,-0.8255929,1.5400671,0.8677033,1.9390752,-0.084118955,-3.5047534,0.10804881,-0.55329925,-1.4010524,-1.6668707,-0.6092923,0.94375694,-0.16741998,0.4916984,-0.45766997,0.40104145,-0.84855616,-1.1002933,-0.7325303,-0.6200848,1.7007785,-1.0125128,0.9470131,-1.649315,-0.11141593,1.9930552,2.0904326,-0.21733962,1.4295921,0.49812022,2.844248,1.605925,-0.13652751,-0.47783646,-2.293631,-0.66029364,1.439214,-2.240548,-1.0647645,1.0259715,-0.39078507,-0.44858962,-2.5822287,0.24792853,0.59930176,0.1475894,1.9793109,2.5846229,-0.10460343,1.0428694,0.68504614,-0.6463769,1.791289,-2.2368524,4.2206674,0.754886,-0.37289646,-2.600391,1.3148813,1.443995,1.7736359,-1.5235875,0.96576697,-1.0278846,-0.36779332,-2.0399203,2.9910395,0.31415996,-3.117707,-0.67633665,1.321456,-0.36631426,1.6351874,-1.6204274,-0.21521091,1.9140965,-1.2357304,-1.3760557,0.3206559,-1.0058789,0.74488664,-0.87882006,0.7968109,1.3697197,-0.58839816,-1.3100505,0.613415,0.31775984,-0.40787086,0.58944386
P17980	-1.5726585,0.35373858,-0.52578783,-0.78732646,0.41987938,1.581222,0.9619561,0.85450006,-0.6434563,-0.38977885,-0.35113847,0.3846972,-1.7703049,0.34598073,-2.8051443,2.6766682,0.062783904,-2.2874873,0.7295174,-0.17275369,1.1461179,0.5199631,0.7958574,-0.04376197,-1.0121076,0.396901,0.26581624,-1.3087752,-2.768232,1.4401672,-0.16683003,-2.2562099,-1.8821607,-0.44887573,-0.26430136,1.0513235,1.4764026,-3.2143881,-2.32687,-0.5500355,1.9448262,0.4069618,-2.2406812,-0.79695886,0.21147946,-0.5782431,1.2472625,0.26084393,-1.5140508,0.5593549,-1.0018682,0.74952626,-1.4900452,1.5122327,0.68612325,0.72446126,-0.271652,0.08780356,-0.064459,0.19259682,0.7906863,0.6414477,-1.887316,0.5279654,0.55630046,0.24906111,0.0032939306,2.1352363,-0.4122812,0.94848794,0.94107693,-1.0939997,2.6636856,-0.39895594,-0.77597994,1.1930165,-0.43789703,-2.7593572,0.54652274,0.09042836,0.035685327,-1.4410156,-2.2337518,-0.7681728,-1.1406803,-1.8920919,-0.4194467,-0.87533826,-0.9231222,0.730347,-0.6042031,-1.6252605,2.5054996,1.7113006,0.79112357,0.23037717,1.9345223,1.7565615,0.7658557,-1.4093523,-1.2155697,-0.091053836,-0.7489152,0.2961635,0.42803133,0.32356548,-0.36032888,-0.76899105,-0.4922588,-0.5559889,1.3944978,0.59384036,-1.276915,0.48185667,1.185422,-1.0778757,-0.15595868,-1.3484133,-2.8134124,0.5650024,-0.1215798,-0.629034,-2.3207026,-0.8805842,-0.35521734,0.024424814,0.2876597,0.30296817,-1.0286458,1.2818086,0.6534683,-1.6068741,0.91738886,0.34608173,0.47099242,-0.3614315,3.6300693,0.2228633,-1.8922391,0.8253839,0.29204077,-0.850729,0.4222707,-0.6963998,-0.34706554,2.3022985,1.3618146,-1.3243003,0.48755875,-1.5926555,0.63144994,0.3613485,-1.1764927,-0.8030354,-0.3352643,1.0540576,0.801529,3.1553125,1.105221,1.4394764,-1.2751939,-0.8133779,1.3783706,-1.8873765,0.89884526,0.7795664,-1.19333,-0.40410554,2.612254,0.33737347,1.6631832,-1.9484146,0.9953044,-1.783093,-1.0462705,0.8766931,-0.31079185,-0.15724327,-1.9121766,0.19168583,0.3452624,0.86334246,1.5487087,0.3928482,-0.6010402,1.6093106,0.015720699,-0.55649114,-0.2606649,0.7802102,0.35815004,-0.055117235,-0.08513802,-0.4568615,0.12091644,-1.0347589,0.70168567,0.7920577,-0.2583678,-0.52562714
P56945	-2.2025533,-0.7706384,0.29080576,-1.98695,1.4573455,2.3657484,1.6075324,2.2256367,-0.13483368,-1.1191406,0.121049635,-0.14967546,-0.92775625,-0.36816242,-2.8776228,1.1560271,0.2759039,-2.0267427,1.1053563,0.8058089,0.7404024,0.8335594,0.80453354,-0.09760036,-2.0320299,0.094892636,0.42615065,0.24074408,-2.6743913,1.5067695,0.9561186,0.32369193,0.2538024,0.17907907,0.06625962,0.6603135,-0.528212,-3.9475036,-2.3316011,1.4626297,0.9071621,0.8627684,-2.9398751,-0.9377065,-0.2235281,-1.1188956,0.14398794,0.07398236,-3.2194474,0.69311506,-1.3505197,0.1670443,-1.6647996,1.8606994,-0.057836346,1.1428567,1.2877331,1.1618323,0.22079682,-0.31528017,0.888528,-0.009294574,-1.9680567,1.2994506,-0.033016264,-1.6331215,-0.44199792,1.2708046,-0.018360572,0.05721938,-0.103088945,-1.5476537,1.5907265,-0.4755075,-0.8353111,0.8761343,0.13122217,-1.5546743,0.19791068,-0.13297063,0.13428196,-1.0275778,-1.8290666,-0.4810844,0.5480623,-0.042473108,0.47167233,0.5925132,-0.6963418,0.7716942,-1.1361629,-2.2989,3.0761638,0.85181826,-0.74976885,-1.14164,1.4890321,-0.16058639,-0.5341807,-0.9222837,0.91574585,0.44632965,-1.8226434,-1.2423581,-0.26056692,0.9046398,0.6255372,0.11177982,-0.6302662,-1.1768023,-0.9752536,0.058507588,-0.9635738,0.48212397,-0.36102912,-1.2410519,0.6593198,-1.1210881,-1.0994194,0.11215132,-0.37331966,-1.1106249,-1.3237978,-0.8688766,0.24432468,0.9905396,0.21963486,0.3540403,-1.8371533,-0.023853844,0.27448463,-1.1221462,1.3164458,0.26727802,0.096050784,0.28601757,2.2088783,0.2849115,-2.1130874,1.5604293,1.022318,1.0928187,0.6593217,-0.824696,-1.9028827,1.4198251,2.2301457,-0.049405295,-0.022692578,0.3685765,1.4706386,-0.6231536,-1.4961051,-0.88100743,0.25627106,1.010575,-1.1170119,1.7375993,1.0966011,0.755358,-0.27435344,-0.311468,2.3320124,-1.3051107,0.7542394,-1.0710076,-0.07622629,-1.45658,1.0716908,1.7257142,1.5261834,-1.4195129,0.8868799,-0.4660591,1.8017036,-0.827617,0.008295744,-0.31533796,-2.4585316,0.100149125,0.38698924,0.54422,1.5564541,0.4293085,0.5278775,2.9612002,0.9689927,-0.7210031,0.25116178,-0.7275461,1.1134394,-0.4008807,0.587304,0.037852228,0.80086243,-1.4631511,0.58551407,-0.47085032,-0.8158028,1.1216397
Q01130	-0.36193943,0.785381,0.30831018,-1.537344,-1.5397887,-1.1173136,-0.65834165,0.5651709,1.7984688,-0.64415336,-0.774367,-0.12205455,-1.3724222,-0.28842133,-1.8358786,0.62423676,-0.47605583,-2.0906725,0.20786113,1.0298151,1.608239,0.5762959,1.1978272,2.095851,0.81818074,0.28583604,0.6152081,-0.6730463,-3.236032,-0.050266024,-1.5792841,-1.7628663,-1.889062,0.3977164,0.024705226,1.5688955,1.3273212,-3.3242886,-1.3346199,-1.7062048,0.5896949,1.7158972,-2.7671237,-1.0602939,-0.4733361,0.8537091,0.85395294,0.27499276,0.62471175,1.1471586,-0.08715779,-0.8377286,-0.29870132,2.1322558,0.68657744,1.6116742,-0.9694374,-1.098142,0.8091768,-0.20978583,-1.3211913,0.19484927,-1.0735886,0.51488835,-0.7417572,-0.53235644,0.17041636,0.22007255,-0.5111945,1.3172338,-0.04337905,-1.022978,2.2950282,-0.45820633,-0.9765052,-0.03199275,0.53328043,-0.88275915,1.1475831,-1.109974,1.407204,0.1372501,-3.2721188,1.3336031,-0.49830955,-1.0552487,-0.7285648,-1.497353,-1.0669658,2.4522147,0.7647223,-1.8288909,1.2095573,-0.4086922,-0.58410066,0.25984228,1.1381924,0.58843505,1.4145246,-2.0796907,-1.1141527,0.78507924,-1.419429,0.61815745,0.101068765,1.0666323,-0.62201303,-0.8454064,-1.2194517,-1.2492472,0.90088546,0.93683785,1.0580357,2.0770464,1.9689468,-1.7547898,1.222842,0.17756402,-0.15363556,-0.9654369,-1.1838831,0.69696534,-2.3436053,-1.2666931,0.3296242,-1.2082511,0.6597657,-0.39479768,-0.33472314,-0.64657456,-0.18050763,-0.58151263,0.4856542,-0.85346955,2.0444186,1.234222,1.5166045,1.2631656,-0.9002001,1.7051432,0.21938983,-0.12001378,1.3628397,0.51600784,0.006934028,0.8234779,1.4352932,0.34926617,0.86605406,-0.9024744,-0.2357597,0.53426623,-1.0584427,-1.4530404,0.7101061,0.21594347,0.9410863,2.5304365,0.5822859,0.4276409,0.11210149,0.104796216,0.60139364,-3.5475671,1.1550721,-0.21285696,0.2945422,-2.1979332,4.470614,0.88329196,0.6239102,-3.275955,-1.1322052,0.106400535,-0.2717399,0.7302215,-0.6100141,-1.3027548,-0.75898683,0.025882531,0.10617125,0.08144792,0.0929309,-0.8135306,-0.4865365,0.04129246,-0.6205638,0.63042563,-0.39578533,0.29872137,0.22719315,0.38687307,-0.30006024,0.29533276,-0.013290185,-0.27741146,0.85520506,1.5555872,0.5383447,-0.5005287
Q9BZQ4	-1.5339358,-1.707929,1.8846219,-1.6378682,0.044987887,3.4145253,0.53215814,2.459395,0.82596725,-1.2587291,-0.28692555,-0.0766459,-0.31180024,0.032815434,-0.4312427,1.8153524,-0.56804097,-1.5546787,1.9793717,0.23399715,1.2083172,-1.8220754,1.2714492,0.93313754,0.63751996,0.28465995,1.4906752,-1.7572511,-1.4165418,0.4655884,-0.013191525,0.36564073,0.6301877,0.9968589,-0.4150593,0.22266316,-0.41864374,-3.6610146,-1.3237201,-0.32864976,1.5727509,1.8896178,-2.01851,-0.18923207,0.8064489,-1.5219159,0.126313,0.120705545,-1.0343106,-0.16603509,-3.4911394,2.1356149,-1.2377813,1.6765366,0.38419512,-0.2666039,-0.2811188,-0.3664519,1.6761726,0.9628477,0.81114095,-1.0173898,-1.6341343,-0.02856505,0.38239303,-1.4901552,1.2033174,-0.63879085,1.2833894,-0.4961923,1.8965226,-1.7798828,2.1735446,2.558083,-3.0928516,-0.47246844,2.4983118,-1.4769994,-0.67719305,-0.49304736,1.899661,-1.1507937,-2.1936224,-0.58155036,0.55542177,0.79342014,-0.28393397,-0.751583,1.7652062,-0.5450894,-0.06405899,-1.4933155,0.7720257,0.3581837,1.9067246,-0.30425614,1.4044669,-1.5298946,0.015113228,-1.4306203,0.7215638,-0.25929776,0.63535625,0.79183525,0.3468019,0.4362578,-1.380659,-0.9815174,-1.0150787,-0.08288906,1.2876483,2.1289425,-0.06864155,1.5717511,-2.2697425,-2.389467,0.47828853,-2.961686,0.7186966,-0.028776987,0.3937201,0.72511613,-1.0681105,-1.8830414,-1.9990734,0.916272,-3.8592248,0.22299403,2.1023471,0.15311429,-0.9908839,-0.30516756,-0.6847588,-1.8445436,1.5857788,1.065427,2.0660746,0.5401521,0.48440942,0.21245636,1.3476105,-1.6812079,-0.68896794,-1.3369467,0.34237477,-0.33513647,0.5231952,-0.44010857,-1.2552114,-1.1816043,0.6240121,-2.122254,-0.8495507,-1.6229538,-0.21818663,1.1689583,-0.37090373,1.9723414,-0.008914979,-0.3928941,-2.0255234,0.15769579,3.1145887,-1.9334522,2.0293148,-0.4994936,-0.14396131,-0.687184,3.2247097,0.20046252,1.767527,-1.5757003,1.5388452,2.0339315,-1.0290613,-0.2025821,0.23356661,0.9926048,-3.0797036,-1.2324804,0.10862916,-0.72210115,0.637182,-1.086367,-1.0402529,0.56779945,-0.61293143,0.6619881,-0.2698337,-1.5350612,0.7892859,-0.93096554,1.2107224,0.9778541,-2.5413222,-1.4347626,-0.40330946,0.08566902,-1.4026877,0.17948985
Q13043	-0.16094452,-0.51453716,-1.4951363,-0.086050555,0.9541967,0.7088169,0.84941554,0.3705331,0.96490085,-0.56562704,-0.87920576,0.45052516,-0.05693865,-1.4526813,-1.7393332,1.0738602,0.6357309,-0.932738,0.94242513,-0.15672018,-0.27690762,1.0212052,-0.8959586,-1.6352574,-1.7530936,-0.24083817,0.50887406,-0.42727458,-2.7826946,1.3985465,1.8321579,-1.7744322,-0.17307173,-1.1230712,-0.23820242,-0.46734375,0.9098357,-1.6670332,-2.188748,-0.13720106,1.2252054,2.049369,-2.657018,-0.6323259,-0.3774562,-0.6225659,1.5393717,-0.43513647,-1.3867981,1.6599126,-0.4540624,1.2074544,-0.4577615,0.69740593,1.9013045,-0.21343368,0.021778308,-0.05569652,-0.15523185,-0.5444178,0.3718245,1.5234121,-1.2992712,1.1548302,-0.52689433,-0.42623857,0.76306605,0.639925,0.82318604,0.19533305,0.108058125,-1.8604312,1.1837386,-0.8039553,-0.9408235,-0.54909664,-0.022690859,-1.2539515,0.39352348,0.76573193,0.37264517,0.32458457,-2.5265865,-0.64986914,-0.08931699,-1.7030747,0.34486747,-1.7915359,0.40773964,1.5706295,0.88512355,-1.206765,1.3271015,1.498003,0.028594196,0.43906575,0.10574785,0.15600018,0.8089489,-0.9868486,0.2875051,-0.5120726,0.0846827,0.2540786,-0.120766304,-0.51460487,-0.8800207,0.3962575,-0.91693616,-0.38250273,-0.58160686,0.6327399,-0.03989718,0.87924767,0.851443,-0.5198253,0.9371233,-1.2188154,-1.2094592,-0.31475478,-1.1455636,0.23856561,-2.783172,0.5417376,-1.1082001,0.08569953,-0.29740232,0.9304675,-0.6827753,0.8052057,0.13510261,-0.38833386,1.5768507,-0.7404096,1.8928874,0.68860835,2.8966491,0.4100242,-1.0480598,0.5610345,0.90273595,1.0633031,0.29064447,-0.51538676,0.11797014,1.2100089,0.5700749,-0.10456325,0.72335833,-0.929889,1.3622247,0.40883029,-1.1684892,0.30703655,-0.3473695,1.0008612,-0.09053542,2.3748884,1.3736548,1.6784534,-1.048193,1.6177411,0.003934935,-2.3083172,-0.22625916,0.26752576,-1.1102946,-0.77637535,1.7526156,0.07934078,0.23881231,-1.8168142,1.0026782,-0.04062038,0.08789582,1.4513063,-1.2020868,-0.27786654,-0.4926399,0.28271505,0.31681445,1.3202523,1.3355272,-1.5661796,-0.11260721,1.3432733,-0.63268584,1.2113255,0.74300075,-0.30000794,0.4332012,0.49314287,0.5818942,-0.16342439,-0.24458155,-0.8882373,1.221324,0.6616596,-1.0513979,0.081808485
P46781	-0.6628858,0.10353518,-0.45122394,-1.7808741,-0.5974257,-0.18453383,1.7728877,0.44195566,1.651106,-1.0235997,-0.96309596,0.9003992,-0.8544562,-0.92665386,-2.003165,0.88609177,-1.1992075,-1.2846729,1.2877218,0.24207672,1.907187,1.4562628,0.7608104,1.6205034,0.10257959,-0.31130576,0.8563149,0.80238,-2.3816168,-0.8676228,-0.97977203,-0.5537126,0.205694,-0.1312906,-0.39209297,0.7900458,0.67484057,-2.3097825,-0.6240519,1.0764188,2.2572553,2.341198,-2.3450017,-0.48283577,-0.23766643,-0.22651601,0.67581767,0.23168851,-0.8732607,0.30596417,-2.379847,-0.7115257,-0.74712515,1.46563,-0.9420127,2.2225556,-0.3661184,0.5246655,0.030236615,-0.78478247,-0.44189397,-0.75111717,-0.2378465,-0.05531832,-0.25558788,-0.1494595,0.44583255,0.8813898,-1.0398726,-0.18660064,0.8717411,-1.7442269,2.5785596,0.47789353,-0.114311494,0.40790498,0.053048063,-0.6921195,0.36044717,-1.7113674,1.9599591,-0.21713501,-2.0254893,1.1871775,0.046242923,-1.1395265,-0.50429296,-0.23870206,-0.52645016,1.5550742,0.7605852,-1.8782791,1.0924906,-0.4354316,-0.23679799,-0.17576408,0.68567634,0.74890804,-0.23573814,-1.4068227,0.2262674,1.4587512,-1.6549113,1.7297344,-0.08814004,0.5225519,0.28235486,-1.6047559,-1.2861888,-0.773066,1.0127841,0.3887914,-0.5078946,1.673049,1.8901372,-1.1120594,0.50219935,-0.66588616,-0.23827918,1.0494804,-0.44259027,0.32100564,-1.9312729,-1.7913105,1.1498828,-1.5852432,0.06900374,-0.16572063,-0.25428295,0.80790097,-0.42472616,-0.90382993,0.5616506,-0.38923398,2.510923,0.82094646,1.1551838,0.24251345,-1.4657166,1.3893638,-1.8435328,-0.5078491,1.0944462,1.3934257,-0.7889609,0.2997869,0.093459494,-0.3365075,1.4308777,-0.5011399,0.50390434,-0.060530122,-0.95961696,-1.171161,0.70256674,0.57300645,-0.6543861,2.1270483,0.43539187,-0.38928095,-1.4204711,-1.1056145,2.3660245,-2.2695143,0.85377246,-1.1311961,0.20147623,-0.6162274,3.884394,0.8638281,1.6408377,-1.6168749,-0.62990725,0.040939875,-0.77629066,0.09030568,-0.90418714,-0.6357677,-0.9640933,0.17369801,0.62386847,-0.21474542,-0.7362209,-0.17616287,-0.5737363,1.173173,0.2749254,-0.6786633,-0.10863831,0.9452586,0.41221797,0.106499195,-0.7431797,0.032776587,-0.89647055,-0.3962452,0.9234519,1.1818591,0.6558288,-0.55330175
P31944	-0.10918323,-0.4829455,1.8069432,-0.85913694,1.0347416,0.6713061,-0.7990489,-0.09501107,0.35136202,-1.0837568,-1.3649323,0.20588818,0.49290335,-0.9022515,-1.5426551,0.4262839,0.88862544,-1.4005349,1.2181934,1.996672,1.9131038,0.83925724,0.5014754,1.7256811,0.9318255,-0.20518818,0.24851245,-0.07877425,-1.9634283,-0.8942456,-0.30252805,-0.63134193,-0.024035053,1.114472,-1.4814484,-0.14891575,-0.42370468,-2.5650575,-1.3146476,1.2477295,1.3827307,4.3486547,-2.3051705,0.296604,-1.4742024,-0.008092833,1.2119744,-0.75248116,2.0490787,1.3635445,-2.5746257,0.5852113,-0.21854256,1.5535754,0.88578945,1.2468964,-0.22186598,-0.6251059,0.68062603,-0.045122735,-0.98641145,-0.6445774,-2.5643346,1.8204867,-0.5514214,0.24955988,-0.011833761,-0.43323675,0.7063704,-1.8677346,0.8549483,-0.84273005,1.3588133,-0.71997035,-1.6408647,-0.82986134,0.5056262,-0.22793058,-0.15072174,-0.7595391,1.7314093,-1.7618037,-2.2471118,1.2650322,-0.2497662,-1.4989678,1.1564724,-0.3996938,1.2054256,1.5408374,0.18983714,-0.948361,-0.49342147,-0.021989008,-0.4016381,-0.96917343,0.4606875,-0.1942641,0.35349375,-2.278203,2.2197099,0.30029264,0.33994332,0.8836394,0.51739913,0.27917627,-0.001176487,1.2980126,-0.581972,-1.1007495,1.0761536,0.5861884,0.14511943,3.265438,-0.69244474,-3.9022298,2.1123154,0.12593491,0.8832683,-0.2598498,-0.64582425,1.752611,0.81709456,-0.04161619,-1.0041702,-1.6402395,-0.9140461,-0.99029386,0.84430814,-0.1405929,1.2188965,-2.3937752,0.14606734,-1.4269254,1.7865041,1.6294098,2.7724233,0.43106267,2.0430224,0.7082926,-0.23756805,-0.16592714,-0.2749014,-0.12606855,-1.0628934,-0.7213043,0.71993876,-2.0050507,0.753021,1.3301345,1.0726038,-1.3619179,-2.2655978,0.13937601,-0.36495602,1.9320784,0.9065784,2.8696663,-0.7570212,0.24795921,-0.24534762,-0.8736531,2.1614628,-1.774177,1.082694,-1.819676,-0.9077328,-1.2838137,3.6860433,0.72388476,0.6866612,-1.8598244,0.832751,1.9638528,0.007580868,-1.3735993,0.46771437,-0.18037492,-1.8331295,-0.0023437387,-0.1112576,-1.5389065,-0.44314694,-1.9239308,-0.055233546,2.5393229,-1.8183492,-0.16514699,0.63610864,0.32634708,0.33148915,-0.21222451,-0.80262953,0.8752934,-1.6021882,0.2783,1.4653453,1.3265177,-1.3224022,-0.15241206
P51452	0.4763759,-1.3469639,0.2720296,-0.2827281,0.7348349,0.8062429,0.22015877,1.0687191,1.7148533,-0.71778214,-1.4294626,-1.3975885,0.68920356,-1.0277628,-1.7010534,1.5890803,-0.371567,-1.00672,2.6257641,0.93379456,0.6554084,-0.69230264,-0.38879946,-2.0423484,-2.1623697,-0.28294003,1.5097637,-0.667387,-2.5293384,2.1466417,1.945307,-0.688704,-0.13682662,-1.1679785,-0.09154781,0.56947476,0.13456343,-2.5930867,-0.9708587,-0.58071095,1.283228,1.6258981,-1.6052914,-0.26129016,0.5497137,-1.602936,1.0112803,-0.1607744,-2.5255024,1.7774389,-2.26922,-0.02187869,-1.060812,1.176065,0.1111483,-1.919705,0.1210779,-0.16436788,0.02867977,-0.47949168,1.1102437,1.3541062,-1.031269,1.3159928,-0.13214478,-1.1179333,0.7742856,0.19261962,0.93308985,1.4403304,-0.28498206,-2.5839493,1.3867041,-0.62668586,-0.6390489,-0.21683739,0.0373527,-1.078016,-0.11294936,0.77399606,0.95589876,1.238267,-2.7611113,-0.65218884,1.2017697,-0.48018962,-0.58178985,-1.6792668,-0.4668849,1.9736023,1.5370121,-1.2532425,1.6213783,1.343456,-0.34223074,0.9264131,0.21077599,-0.29820493,1.9888129,-1.2716413,0.7987921,-0.050168563,-1.1111428,-0.3364509,-0.5621195,-0.9092841,-0.79763484,0.90470326,-0.8414727,-1.6510257,-1.3268256,1.2350641,0.0622971,0.83156717,0.5618813,-1.2879835,1.3405002,-1.5238876,-0.7771056,-0.03874972,-0.72385865,0.23027053,-3.6235707,-0.88211495,-0.72294205,1.4812703,-0.74669456,1.3041626,-0.14726262,0.1763729,-0.30367157,0.36385012,2.792625,-0.98091227,2.3643508,0.71380794,2.0709927,0.038489487,-1.37187,1.1330078,1.2828386,1.3319918,0.36635473,-1.2509437,-0.7062298,0.59705716,1.7532172,1.1262838,0.4018217,-1.6139907,1.7068875,0.3355177,-1.2608727,0.5231148,-0.19575617,0.28287432,-0.7808041,1.0794243,1.137765,0.13705054,-0.6600733,1.6069325,-0.58192265,-2.9944866,1.8040327,0.14418013,-0.62245405,-0.74347144,0.998296,0.86159986,0.64020884,-0.6173904,0.88828015,0.56880623,2.1220727,0.62036073,-1.0301893,-0.29497707,-2.4894803,0.92551166,-0.13707234,2.7063313,2.3543892,-1.3430209,0.5255378,1.0686227,-0.6582355,0.3981635,1.2841454,-0.4930242,2.041952,0.3191468,1.7640102,0.25957894,-0.19853285,-0.5701327,1.0924258,-0.5784715,-2.798772,1.3937876
O95167	-1.3675517,0.6628943,0.15773416,-1.9311215,-0.21465659,0.89108783,1.265748,0.62780577,-0.864903,0.90134805,0.31669167,-0.8488885,-1.3454831,0.08349722,-1.7367045,1.6275467,-0.9148037,-2.3914351,-0.29101393,-0.55498743,0.8354583,0.66559577,1.2627958,1.1326311,0.5458688,0.3039662,0.618079,-1.2784768,-2.6634846,-0.45519292,-0.41289982,-1.6357105,-1.1793281,-0.19604152,-0.19836357,1.820068,1.0172586,-3.6290278,-1.4557747,0.28009123,0.74943864,1.4827458,-0.6447451,-2.1643238,0.7862088,-0.68384576,-0.35933843,-1.0930694,-1.8061975,0.023672583,-1.3368162,-0.24095584,-1.5327256,1.1148282,-0.33325812,1.5966235,0.12622838,-1.0014613,-0.72667855,0.8462918,-0.5190306,-1.5825409,-0.41981477,-0.10978305,0.25570855,-0.20358776,1.8746291,2.283997,-0.7464187,0.94344914,2.27893,-0.9624848,3.0975537,0.43156374,-1.2922896,-0.38236102,0.8563526,-0.69362223,0.163245,-1.0391527,0.80170566,-1.0944026,-1.0617008,-0.06454861,-1.5325673,-0.4813193,0.042547785,-0.5513145,-0.54203135,-0.13365133,0.4788205,-1.6895356,0.83295465,0.97682774,-0.47155392,-0.07458528,2.8159115,2.3733945,0.8483785,-1.9108404,-1.881451,-0.09537349,0.06999687,-0.264004,-0.29076177,1.2282851,-0.2692328,-1.1342155,-1.4059908,-0.5686377,1.3568112,0.60431784,-0.5237675,1.5866594,0.008693137,-0.639786,0.4266448,-2.2155821,-1.3416586,0.6700109,-0.51590365,0.06296216,-1.7926084,-1.6480658,0.5764615,-0.007770239,0.82252043,0.058107816,-0.122544445,2.0162575,0.6314404,-2.024721,0.9133836,-1.3408858,1.5395722,-0.0066250744,1.6788553,0.45642364,0.8307745,0.9017242,-1.7204757,-0.46127614,0.7880229,-1.6037142,0.082723185,1.0904678,1.3425133,-2.0805302,-0.46500146,-0.9557303,0.085192405,-0.11825945,-0.8982785,-2.0757146,-0.04070592,1.7435359,-0.20281528,2.240569,0.24419992,1.3232319,-1.2709911,-1.9100126,0.64618933,-2.1591728,0.19715826,-1.2127643,0.38849285,-0.52325416,2.8331559,0.5805861,1.905839,-2.6996222,0.7147086,-1.1749628,-0.09337457,0.23926069,-1.2103047,1.2115815,-1.5556567,-0.8031633,-0.1922556,-0.8396879,0.6980977,-0.019150931,-0.31353834,0.7002293,-0.2410456,0.381729,-0.57128686,0.41007236,0.47081116,-1.2738851,1.0105762,0.04604218,1.3348997,-1.9496361,0.7303503,1.2851824,-1.1258816,-1.315873
P56181	-1.6853034,0.63617194,-0.056911577,-2.496161,-0.51174366,0.4175223,0.6575911,0.5155196,-0.3475406,1.1319653,0.04355354,-0.398654,-1.9676743,0.12708351,-2.4168277,0.81091696,-0.92973864,-2.494593,-0.26776826,-0.6263254,0.9914472,0.7235321,1.5252168,1.7275957,0.6091786,0.26592225,0.54266256,-1.0784461,-2.697809,-0.9746212,-0.75212705,-1.5702926,-0.81639737,-0.39577526,-0.83168536,1.412392,1.0016243,-3.345673,-1.4744362,0.5932215,1.1028323,1.8565981,-0.87593967,-2.022138,0.23078264,-0.28884193,-0.34052315,-0.8853958,-0.78043795,-0.3552987,-1.31563,-0.37255996,-0.7857216,1.196582,-0.42355493,2.7670996,-0.21710551,-0.66598105,-0.5761892,0.88004565,-0.73410726,-1.6922085,-0.43026066,0.008097874,0.5062307,-0.14237036,0.9286022,1.8530272,-0.9990485,0.63797724,2.619781,-0.7202096,3.484943,0.12983634,-0.8248675,-0.5910667,0.94052655,-0.44509625,0.6523358,-1.2924328,0.64886445,-0.99166816,-1.1980026,0.022270005,-1.1397973,-0.5480766,-0.04335757,0.30294943,-0.6062106,0.060655158,-0.0047775665,-1.6841762,0.6280331,0.47087023,-0.5562594,-0.4222947,2.7933202,2.2200222,0.14595811,-1.6553062,-1.9124366,0.2474039,-0.3026357,-0.1688291,-0.1256329,1.5697423,0.020371588,-1.0018711,-1.7508842,-0.6831502,1.5299948,0.6767197,-0.26319215,1.5463741,0.80416536,-0.9062611,0.19856985,-1.7093976,-1.5391581,0.7526693,-0.2568721,0.3650561,-1.6016709,-1.478919,0.76492447,-0.24917787,0.44467217,-0.3714915,-0.23417252,1.5381579,0.45626217,-2.0781353,0.7769533,-1.5803375,0.8511111,0.58400166,1.663196,0.64529467,1.4346946,1.4566512,-1.9882903,-0.32591283,0.7071083,-1.0255954,-0.22602892,1.2482169,0.8928655,-1.9050394,0.34493554,-0.06310451,0.44454154,-0.21487364,-0.9370433,-2.263667,0.3061582,1.7626141,-0.20215382,2.122811,0.12350838,0.78826135,-1.6388263,-2.4101088,0.80379677,-1.7782218,0.11046501,-1.3474004,0.29197362,-0.3981915,3.3712282,0.77987146,1.9558967,-2.5296886,-0.3995446,-1.3906503,-0.8165658,-0.05468307,-1.1813357,0.6061873,-1.8331972,-0.70932317,-0.51395196,-1.0762955,-0.11509142,-0.081095055,-0.3343117,0.57342243,-0.33155864,0.51509744,-0.9418114,0.57899606,0.6910211,-1.005053,0.55264413,0.07987439,1.3167039,-1.8222035,1.0480853,2.1293168,-0.48117098,-1.9554373
Q96PP9	-2.5172954,0.34895417,0.39731222,-1.339609,0.015349263,1.7160621,0.923009,0.41100836,1.2146864,-0.81598216,0.09575946,0.47068134,-0.56698436,-1.0950059,-2.1425228,0.6289101,0.011057687,-1.5830028,0.55057824,0.6650136,0.6293163,0.9574461,0.7091906,1.0991368,-0.65659094,0.02094666,0.5929263,0.16085702,-2.8286002,-0.6876624,1.731283,-0.24734533,-0.08660089,-0.4211915,-1.2559837,0.06779178,0.63513976,-2.6284428,-1.965716,1.0601676,1.4984163,1.7706823,-2.7172856,-0.7591443,-0.6911209,-0.18354416,1.1384207,0.57241905,-2.570314,-0.04059805,-2.4753673,0.33320788,-1.5641634,1.4009025,0.37744588,1.9025061,-0.4823985,1.4648918,0.19728856,-0.3399773,1.5314212,-0.23476133,-0.96893036,0.9466002,-0.2170919,-1.1635395,1.0207124,-0.6907462,0.18935831,-0.33573505,1.4877431,-3.023343,2.8272972,1.3184608,-1.0746063,-1.4104451,0.83907217,-0.4519538,1.1847705,-0.5423904,0.6724397,-0.7295853,-3.0000837,-0.6542811,0.23021995,-0.19386171,0.46394715,-0.17513233,1.1271533,0.22111005,-0.20093672,-2.7398088,1.8847511,1.0966796,0.7598586,-0.65275526,0.6695721,-0.08062008,-0.91567594,-1.3356872,0.8407643,-0.42156294,0.35531005,-0.2844569,0.83646995,-0.28332555,1.2873502,0.09149556,-1.1380703,-0.08063532,0.56391394,0.61144274,-1.2672691,1.5492896,-0.249533,-0.8701401,0.5209959,-2.2361388,-0.70928234,-0.4517152,-0.06863169,0.5163795,-2.2312772,-0.89207506,-1.0909532,1.1710218,-0.9734417,-0.07648441,0.118360594,0.22581625,-0.5878012,-0.8589648,0.72272974,-1.3257325,1.1796017,1.2409589,2.2172196,0.3114025,-0.8942301,0.95786047,-0.5170702,0.29050148,-0.6704981,-0.14026476,-0.16010708,0.6945802,-0.53538,0.1449495,1.3185177,0.30704847,1.0604603,-0.20172098,-1.1057249,-0.37903333,0.28424022,0.83923644,-1.2539902,3.14284,1.2453454,0.666844,-1.9698068,0.37372828,1.9841075,-1.5462252,0.35875404,-1.1504468,-0.147346,-0.9848875,2.931914,1.5384159,1.0842448,-1.2543162,0.7193933,-0.9428004,-0.9459888,-0.9064835,0.23471211,-0.21628132,-2.3182695,-0.05894336,0.2782425,0.26581714,0.8032327,-0.34955215,-0.64374745,0.921856,-0.535575,1.5010132,0.8410192,0.051109802,1.4552646,-1.4752791,-0.09717601,-0.03783427,0.46737948,-1.1120902,-0.06592638,-0.1337701,0.3409889,0.14740984
P98077	-1.0330408,-1.3492892,0.3873068,-2.7715313,0.67131394,1.2489731,1.8200297,1.3163263,0.9896273,-0.8665506,-0.4496922,-1.0928962,-1.0190536,-0.21550862,-1.870068,1.2227975,-1.1804656,-2.009153,0.9976731,1.2301778,0.85185343,0.5550399,0.9033163,-0.19318277,-1.5895526,-0.9883112,0.26311934,-0.46417126,-4.3536363,0.5414091,1.1121414,0.15780282,0.39966065,-0.9592077,-0.5795135,1.6551763,0.26068768,-3.82787,-1.4732429,-0.63155437,0.906923,1.3433146,-2.5079236,-2.0816753,-0.809481,-0.101936415,-0.16908917,-0.50742054,-3.0095499,1.3999336,-1.772365,-0.65219647,-1.2028378,1.6784769,-0.5014571,0.8546962,0.95717394,1.5052029,-0.361259,-0.12398335,-0.3160273,-0.10401271,-0.10144465,1.590342,-0.76605433,-1.5349295,0.7791866,1.5395151,0.9177067,0.7230551,0.4608825,-1.686187,2.9842575,0.3476021,-0.3814968,0.66364133,-1.364981,-0.8792518,0.10591211,-0.28313842,-0.25374502,-0.39602545,-2.1674492,-0.30038,0.7035601,0.68049604,-0.4515872,-0.48412427,-0.7988809,1.5610222,0.05479644,-3.0620341,2.401356,-0.10574431,-1.2266977,0.23128702,1.0649512,0.9776281,0.055207245,-1.360897,-0.19799371,-0.04119837,-1.9073809,-0.79740924,0.94235474,0.9567918,1.1475791,-0.23430277,-0.6085284,-2.1837218,-0.38300392,0.9284608,-1.1727132,1.5920955,0.4226459,-1.0813104,1.2942072,-1.2860312,-1.2718983,0.07216937,-0.83480567,-0.49101308,-2.994722,-1.9769804,1.0687531,0.8871527,1.5860025,1.5575365,-1.1382027,0.30573007,-1.6039551,-1.8726119,1.8444473,-0.0053515164,1.7506539,-0.4290275,2.3012302,0.2788176,-1.83637,1.1561346,-0.644776,0.8814094,1.4903079,-0.48589444,-0.69599104,1.9791408,2.2284741,-0.45817035,0.34813517,-0.38985172,0.9654679,0.54963577,-0.76391834,-1.196568,-0.4046267,0.67857784,-1.0352846,1.3580416,1.3658808,0.71153915,0.5993379,-1.2310071,1.0759445,-1.8647761,0.7702662,-1.4894973,0.047621503,-1.2820675,2.2993267,2.7655976,0.6595585,-1.8907248,-0.55988324,-0.13537988,2.2803743,-0.06946514,-1.1213323,-0.09476669,-1.921301,0.04218155,0.37229967,0.7759586,1.9958884,0.5813698,0.39652598,0.8351747,0.6619059,0.33340943,-1.0492197,-1.1028972,0.98587394,-0.25126308,1.9348819,0.8150949,1.5104831,-0.67186844,1.3790874,-0.5307103,-0.69764334,0.40735027
Q13601	-0.74444544,0.32884994,0.8630198,-1.4525809,-0.6635406,-0.6553648,0.20002583,0.36464342,1.2532343,-0.13447192,-0.93395656,0.13767123,-0.6499336,-0.24682817,-1.4562185,0.27269304,-1.0792552,-1.9898759,1.1988117,1.0547427,1.8143055,0.5322632,0.95034045,2.5643268,1.291968,-0.09901129,-0.28633398,-0.1889036,-2.0851088,-1.2951915,-1.4345872,-0.7081211,-0.9976249,0.32800496,0.03559428,1.2904346,0.38654003,-3.2674105,-0.7905173,-0.35123643,1.3047956,2.901815,-1.8453153,-0.7661515,-0.6185631,0.9023708,1.0696394,-0.08279699,1.0598054,0.37101555,-2.0937147,-0.9648677,-0.6395803,2.5293179,-1.0324543,1.6130773,-0.40634087,-1.3346689,0.7790893,-0.573369,-1.4944565,-0.9249479,-0.8275454,0.6775716,-0.3933857,0.06053858,-0.21617965,0.16737099,-0.03532975,0.6465748,0.2467758,-0.6222179,2.547643,0.19477262,-1.1427268,-0.18642198,0.8556074,0.04709759,0.367201,-1.480197,2.0446844,-0.38871875,-1.7032521,1.3583449,-0.24603733,-0.8316097,-0.26425007,0.04944023,-0.07651141,2.628838,0.28577003,-1.9161525,0.31220034,-0.5985062,-0.39943457,0.07039743,1.4003522,0.4580502,0.67687744,-1.9550941,-0.174489,1.1115159,-0.30296367,0.34478772,-0.3864982,0.51654196,0.4425371,-0.29875085,-1.3225213,-1.7145218,0.26139352,0.54693794,0.15046361,2.4841113,1.4254519,-2.1734152,0.9353272,-0.45149314,0.0073206658,0.10099059,-0.63276005,1.2983431,-1.4698642,-1.2637211,1.3419831,-1.4145218,0.50026417,-0.7408103,0.4709138,-0.039239142,0.25245956,-1.5043477,0.3801913,-1.4268687,1.3709646,1.9932581,1.1070974,-0.34721646,0.58540833,1.3962885,-1.1879514,0.006153878,0.6927927,0.8184761,-1.274822,-0.15220279,0.78617465,-0.97690856,0.65364504,0.38060862,-0.18801835,0.21979761,-1.9415574,-0.9294076,0.76608896,0.49104497,0.47660992,2.5593112,-0.51007736,-0.34429362,-0.4345235,-1.1106415,1.4013586,-2.1465206,1.9433953,-1.2345703,0.095823854,-1.0855443,3.7792573,1.0178988,0.9554228,-1.9210657,-0.94738734,0.28465766,-0.38462302,-0.9002505,0.638383,-0.21078071,-1.3773319,-0.55590963,0.52252656,-0.91047436,-0.42193365,-0.5174389,-0.32473552,1.3344516,-0.27766407,-0.70847654,-0.15750891,0.5169278,0.91601944,-0.098127834,-0.3868175,-0.018908113,-0.5862889,-0.21776411,1.0447977,1.3562174,0.22013284,-0.34757075
P80162	-1.4423137,0.14722654,-0.8580406,-1.8791771,1.3177316,0.69905156,1.1032735,0.95284647,0.0015536421,-0.03227563,-1.2149392,0.1475069,-1.5836706,-0.75363326,-3.0286362,0.10311827,0.5759087,-1.3953576,1.6522173,0.6968909,1.6355741,0.9811936,-1.000415,0.17769185,-2.5888603,-0.11980434,0.8017474,0.7933257,-3.4473336,-0.44288543,1.9359884,0.2944661,1.625693,-0.4870012,-1.214905,-0.48203185,0.21244112,-2.5512438,-2.367284,3.0785015,0.5664669,3.511108,-2.3583593,-1.2717712,-0.5030402,-0.9537764,0.09328075,-0.7498558,-3.076149,1.0202328,-1.1364332,-0.27268678,-1.3799198,0.3447817,-0.57192063,2.5999296,0.0382004,0.7478783,-0.58534247,0.75824445,0.23723158,-0.62603885,-1.2693903,1.5776883,-0.23394497,-1.7204115,0.015930885,0.50266564,-0.25911197,-0.9353994,1.117114,-1.9192532,2.1887918,-1.7378031,0.29054412,-1.4252151,-1.1306558,0.08991425,0.7033557,0.4226306,-1.1109567,-0.3178496,-2.4691198,-0.31828532,0.15917426,0.2703024,-0.114467666,1.3093587,-0.34631595,2.3856823,-0.38679194,-1.6116974,-0.3816809,0.95081717,-1.6520745,-0.39390585,1.0221957,1.1879433,-0.7021526,-0.527169,0.921473,0.48278126,-2.0691462,-1.0170107,-0.6373145,0.11439932,0.7886373,1.376867,-1.6731446,-0.32895455,-1.499154,0.4557661,-0.9799313,0.6672754,0.4278165,-1.2784874,0.64933765,-0.757854,-1.2289194,0.3741871,-0.8346894,0.73300105,-1.1424476,-0.4635251,-0.56103545,0.69052833,0.020692222,0.3226485,-2.244125,0.13475707,-0.06926039,-1.26897,3.4262278,-0.83368754,0.90557325,1.9926447,2.370166,-0.10709289,0.884181,1.9588414,-1.3638241,2.873346,0.39160195,0.09332244,-1.1877142,0.5945993,1.1647885,-0.06374905,0.104697965,1.8566115,1.8132918,-0.5800846,-1.5902647,-1.0227159,0.9024306,1.1627929,-0.7648392,0.9864858,0.7630456,0.23110276,-1.5160863,-1.0426433,1.8307636,-1.6023967,-0.15679313,-2.3120098,-0.06302978,-1.3846195,0.8274433,1.8056412,1.8617938,-1.045783,0.20906001,-0.9273911,2.2238822,-0.019174844,-0.92455363,-0.88828576,-2.1807578,0.99371535,-1.5515422,0.5624949,0.885953,-1.8892448,1.2819088,1.4326562,-1.2100891,-0.8758156,0.4914249,0.56407183,2.0438433,-0.6088803,0.11813695,1.6986123,1.5127999,-2.3469892,0.7513297,1.5922413,-0.7170552,-0.27555996
O43653	-1.1999158,-0.47234973,1.0476762,-0.7109095,0.354653,1.2706093,2.1048274,1.2947694,1.4869273,-0.85960644,-0.70736766,-0.19563241,-0.9018499,-0.9799288,-1.5769176,1.9824367,-0.37331977,-1.5078453,2.200705,0.9552574,2.0406144,0.49456584,-0.59234357,0.11528125,-2.0611763,-1.7789214,1.5214077,-0.27024788,-2.7430007,-1.032286,1.9494749,-0.45052254,1.368948,-0.18173029,-0.51319444,0.46740487,0.99100864,-2.6954741,-0.85830265,0.35322192,1.3147779,2.6548479,-1.9081054,-1.3360635,1.1199012,-1.8587338,1.3143711,-0.9889745,-2.867444,0.39634442,-1.3368491,-0.28400958,-1.577376,0.66589546,-0.47260457,-0.4832569,0.4953845,-0.6065108,0.6015165,1.2692331,0.94404364,0.17599685,-0.62581736,0.79037267,-0.7303428,-1.3474953,0.7145814,-0.170725,0.11275267,0.19163682,0.9542128,-2.8693743,1.4850149,1.0890644,-0.31670454,-1.5997385,-0.5226841,-0.82534796,-0.5751015,0.5271781,0.502008,0.5470093,-2.5187557,-0.44476873,0.3248185,2.037475,-0.5600365,-0.5371506,1.2787169,2.8160338,0.8845278,-1.8949946,0.353796,0.49771503,-0.15113051,0.7536054,1.5040721,0.33354497,1.0600241,-1.402138,1.4133834,-1.2452095,-1.1240333,0.46056223,-0.34984824,-0.46457374,-0.8204365,-1.5450821,-1.5983645,-0.059886713,-1.3394234,1.7477114,-0.84142065,1.791975,-1.427445,0.012657097,0.70937943,-3.2616062,-0.79593563,1.1923835,-0.5179908,0.08340383,-2.2001088,-1.7211446,0.6050168,1.5653696,-1.338278,0.4126756,-0.35482413,1.2329596,-1.7580911,-0.3653853,3.5661101,-1.5970918,2.5697565,1.6125114,1.5283439,-0.47175837,-1.4584349,0.9185089,-1.1499236,1.4774513,-0.47905412,-0.87023246,0.07491395,0.13732184,1.20424,0.079454996,-0.34694347,-1.7897849,1.3700954,0.16581081,-0.81079787,-1.863933,0.0055742264,1.4038363,-1.8173528,1.1698028,0.25279248,-0.6197479,-0.8481325,0.13576682,1.4388623,-3.3123617,1.5840012,-2.052549,-0.57066786,-0.2210453,0.54760015,2.2572143,1.0203981,-1.8206737,1.0298051,-0.12814142,2.80914,0.5648893,-0.6061958,-0.031694375,-1.4906231,-0.10211152,-0.86303174,2.0535405,1.9347169,-1.2168882,0.52923375,0.8456704,-1.793684,-0.3164687,-0.39174673,-0.86369216,2.439423,-0.4747486,1.614955,1.6712663,0.11440112,-1.6086468,0.76348555,0.44139647,-1.2381371,1.163238
P52594	-0.7269567,0.86340785,1.3475078,-0.30719432,-1.5035226,0.5024061,0.7690594,1.3114169,1.2758201,-1.0293633,-0.223771,0.5956256,-0.29111785,-1.6809467,-0.62067777,0.94694394,0.28357968,-0.85338634,0.43414864,1.0089195,0.9441042,0.9573317,0.21407592,1.5894865,1.646472,-0.02483406,0.54944247,0.22561465,-2.1338644,-2.2060728,-0.75315386,-0.9723782,-0.9837698,1.2312297,0.37110537,0.029270438,0.23560974,-2.072158,-0.39890882,0.48059106,1.4863477,3.1332166,-1.84399,-0.3943928,0.5934469,0.29433545,1.1358815,0.14834066,-0.4350274,-0.027389368,-1.6373602,-0.35436994,-0.9791761,0.934652,0.05751224,1.4853643,-0.56545264,-0.9553716,1.1807615,0.21813096,0.013212638,-0.010314568,-1.3402934,0.7285587,-1.1728097,-0.6711307,-0.015272357,-1.797067,-0.9050715,-0.3515594,0.020098494,-2.1530936,1.1359549,1.0748163,-0.7973865,-1.3062507,0.7804574,0.17289478,0.03031266,-0.6638968,3.17598,-0.20358317,-2.1425953,1.6219333,-0.27354681,-0.68345225,0.5304599,-1.4784945,2.0287447,1.3638077,0.5478316,-1.0428964,-0.16500625,-1.1925155,-0.46255764,0.011268828,1.1399051,-0.061803773,0.7241688,-1.8734456,1.3894856,0.21960223,-0.36526486,1.0869932,-0.5374121,-0.011120845,-0.8698255,-1.0481491,-1.1455669,-0.23224817,0.51341957,1.0925543,0.10420605,2.4706445,-0.8723279,-1.2956232,1.3109134,-1.6002268,1.016597,-0.97622085,-0.5654347,0.76855975,0.6694726,-0.30324355,0.005874766,-0.6642113,-0.7227669,-0.61901164,0.18512759,-0.12370245,0.44293326,-1.408398,0.7183234,-1.7589875,2.937357,1.4611137,0.14512336,0.05136551,-0.78327966,0.81091046,0.15886766,0.38264382,-0.049107842,0.35411686,0.14803712,-1.8028072,0.110411786,0.010963988,0.7086801,-0.8364447,0.2425904,-0.5403541,-1.6356784,-0.18076079,1.0129784,0.9840753,-0.9487873,3.2196743,0.27367672,-0.25892937,-0.55902636,0.48541436,2.6768706,-2.847374,1.4224443,-1.206004,-0.5793304,-1.7741959,3.5720944,0.39572734,0.628385,-2.6564739,0.62532675,0.919663,-0.5847642,-0.15510993,0.9788727,0.7401581,-0.50402445,-0.2698934,0.1414091,-0.4166592,0.16106969,-1.5569493,-0.72228193,1.6887977,-1.1212417,-0.1013623,1.1877995,-0.38887924,-0.012087923,-0.75765544,-1.0670907,0.42622134,-1.4472313,-0.51278377,0.26278394,0.83150065,0.36988696,0.25997388
P32246	-1.612903,0.035152484,-0.7012195,-1.5579144,2.126448,1.5350617,1.5302547,0.739655,0.023786552,-0.44696033,-0.05489814,-0.43844685,0.16906205,-0.6561098,-1.7317554,1.0614208,0.1340491,-0.82315785,1.203827,0.2770651,0.5830892,0.9337096,-0.6552124,-0.7850124,-2.9657845,-0.16274141,0.9091866,0.73714453,-3.375718,1.0472772,2.2976801,0.63407505,1.2958666,-0.39431605,-1.0306038,-0.25921738,-0.2336536,-2.496108,-2.650968,3.1737077,0.9230904,1.6510079,-2.2814426,-0.9244527,-0.08702838,-1.3687918,-0.21276516,-0.24722846,-4.029869,1.6297296,-1.5582253,0.33742797,-1.6933188,0.17239012,0.38512182,1.0034206,0.63683677,1.5077415,-1.30837,-0.4692048,0.50716966,-0.684143,-0.9859469,1.1499224,0.002606497,-1.49635,1.4957408,1.5104463,0.8009618,-0.7741775,0.9271922,-2.3797727,1.2049061,-1.5598181,-0.4392453,-0.41799977,-1.1330959,-0.6187251,1.385361,0.4917661,-1.2989358,-1.1229553,-2.8582172,-0.31464407,0.98587584,0.105388746,-0.53442866,-0.67237043,-0.9446609,1.1777754,0.05252706,-1.6393878,1.3039935,2.1999855,-1.1703554,-0.072130635,0.4607093,1.0185056,0.10288405,-1.5393056,0.59349865,0.6457099,-1.5234929,-1.3093629,0.1651426,-0.41637614,0.75057274,1.4821115,-0.40295377,0.031310793,-0.5247029,0.26491398,-1.2693025,0.68766785,-0.37060067,-1.2596624,-0.06331328,-0.5619401,-0.5045769,0.34756207,-0.8165463,-0.0711706,-2.4808178,-1.1413879,-0.7071587,0.7649777,0.18470223,0.8304633,-1.9382528,0.88346505,-0.389573,-1.0821863,2.2308888,0.17338154,1.0090556,0.5523963,2.9095495,0.22181205,-0.792808,1.6493726,-0.38423857,0.62405294,0.1681769,-0.32269254,-0.6723517,0.782127,1.4225042,0.19301483,-0.09478452,0.77026546,1.4789045,-1.2502193,-1.21149,0.016475657,-0.0704281,1.1847503,-0.61808974,0.5630643,1.181101,0.7011457,-1.2931255,-0.24465424,1.4554383,-0.59511024,-0.61998117,-1.5895625,0.11143672,-0.93895113,0.9062918,1.2273241,1.7915041,-0.18265165,0.9552786,-0.22978605,2.0991895,0.6535887,-0.9369832,-0.6086148,-2.241207,1.2815703,-0.5211386,0.30925587,1.0764912,-1.4976858,1.3104817,1.7111161,0.35602903,-0.5690226,1.8799359,0.26919642,0.846804,-0.92262906,0.83166814,0.8936096,0.90243214,-1.6765851,0.69141585,0.61321175,-2.5646603,0.38147354
Q9Y6K9	-0.86768186,-0.2448792,-1.659103,-0.9578592,0.32562482,0.62358016,0.82726556,1.1407521,0.45023316,-0.83513105,-0.54916465,0.33071315,-1.2143228,-0.96060646,-3.1051426,1.495005,0.28977746,-2.053023,0.15134901,0.35037744,0.6548083,1.3754836,0.6996122,-0.3098427,-1.0426457,0.17405863,0.25808305,-0.13319813,-3.0963027,1.3076358,0.69356936,-1.619243,-1.0574841,-0.61304885,-0.30630067,0.85583717,0.9613817,-2.856916,-2.0368917,-0.24270855,0.8826857,0.96029574,-2.380213,-0.51752466,-0.6457628,0.029835416,0.7437912,0.63022614,-1.8667688,1.2500898,0.17661478,0.29243663,-0.9706779,0.8124325,0.8783077,0.77638566,-1.431841,1.1973199,-0.7074646,-0.6227479,0.68310314,0.63096184,-0.68076444,1.0675344,-0.12675393,-0.3820636,-0.23207702,1.1430529,-0.49703178,0.7014534,-0.3525635,-1.7140647,1.7890785,-0.7455607,-0.33924243,-0.32143527,-0.8094887,-1.9832911,1.6564844,0.2687979,-0.95351255,-0.075693525,-2.881199,-0.67149574,-0.23953575,-1.494979,-0.37007692,-1.3349849,-2.1639786,1.290577,0.26502925,-2.3060663,2.2556562,1.0108705,-0.45357895,0.35848385,0.6884656,1.20888,0.53857416,-0.8613877,-1.1249261,0.17930208,-1.7343807,0.34647757,0.48337784,0.38757753,-0.23431104,0.62309545,-0.686072,-0.9285498,0.34922352,0.7518326,-0.49713933,0.387157,1.4614514,-0.26590595,-0.4429915,-0.74867374,-1.6292962,-0.7764692,-0.8092384,-1.0036929,-2.5136406,-0.8812054,-0.086419754,0.88154715,1.0830585,0.4784489,-1.8773181,0.5710172,-0.37677547,-1.2581865,1.382986,0.32535723,0.89146554,-0.663928,2.3066292,0.25885987,-2.763428,1.407904,-0.00750958,0.41289222,1.0421371,-0.13471289,-0.07637787,1.9626217,1.0375762,0.28132868,0.51336575,-0.88064975,0.5342238,1.2215514,-0.47965527,0.47496742,-0.04480187,0.9078702,-0.33922836,2.1437843,1.8337811,1.5256582,-0.5360341,0.35991773,0.55167264,-1.4872649,-0.0828069,-0.22368468,-0.78631,-1.3602026,1.8957047,0.60466623,0.9175782,-1.3718749,-0.18177053,-0.82326645,0.1394728,1.1823304,-1.2775221,-1.1514969,-1.2622811,0.91180867,-0.07026089,1.2080772,1.4952309,0.44856617,0.13697377,0.975631,0.1581174,0.46521467,0.08466606,0.10452913,0.3262865,0.5360541,-0.17543937,0.17916733,0.80626124,-0.67216563,0.9480173,0.0662867,0.23972595,0.015444656
Q86YC2	-0.5680762,0.16704817,0.60796446,-0.58808744,-0.05235804,-0.34582856,-1.6495016,0.80655587,-0.30229685,0.38067406,-0.5222872,0.5482056,-1.9467205,0.49813294,-0.8817195,0.54277396,0.43467355,-0.67742914,0.17384125,0.29409677,1.2216693,0.020509375,-0.83273685,0.6767999,-0.3721969,-0.27324453,-0.2411619,-0.5048993,-3.538411,0.3079113,-0.8598227,-1.2732078,0.015064004,1.9171209,0.19081356,-1.766363,-0.20249307,-3.634521,-2.1462927,1.0496887,0.59512454,3.2450302,-3.1682088,-0.44052643,-0.40183946,-0.7069981,0.5891798,-0.23767409,0.29525337,1.6140248,-0.2649677,1.4297577,-1.0053698,1.6206094,1.3940189,2.0707512,-0.98120683,-1.5035614,1.6661155,0.48391604,-1.708734,-0.39341184,-1.8160405,2.01763,0.46280438,-1.037364,-1.2788712,0.018917035,0.5615159,-0.84185034,0.50038,-0.0390229,1.2198513,-1.1880429,-2.0196903,-2.616845,0.8700396,0.083241954,-0.5500196,-0.35668078,0.90629256,-1.4658606,-2.710277,0.50815564,-0.048199933,-1.8175218,0.3499442,-0.34970576,0.14960752,2.9883435,-0.41712317,0.001393444,-1.0778196,0.9311888,-1.0324547,-1.2782308,0.61940825,-0.44578657,-0.24123892,-0.382642,1.3513811,1.668051,-0.6156828,-0.7522726,0.45167992,1.1156031,-0.43619087,0.10965204,-1.300209,0.24135575,-1.5659419,1.7553213,0.2736242,1.8631662,0.16596682,-2.85921,0.7544584,0.38143924,-0.39698336,-1.354563,-0.36561757,2.031964,0.3521201,1.0615723,-2.1016867,-0.00051529286,-1.0123638,-1.2491845,-0.58580464,-1.8812608,0.44567496,-1.6630955,0.67059255,-1.1263233,1.7662704,2.7224345,2.4584754,1.0867877,0.22120382,0.8935567,1.4429641,2.3157911,0.50975025,0.12111147,-0.51494277,-1.4864643,0.5174309,-1.2020077,-1.6449838,1.1235251,-0.8147144,-1.2016329,-1.1869,0.083028816,0.6206836,0.865857,1.9791133,1.6640308,-0.2297519,-0.49313983,-1.3235968,-0.30986437,3.820848,-1.3294734,1.9210855,-0.7717863,-1.1775181,-2.2184374,2.373313,0.7240029,0.49163783,-2.0953093,-0.37843764,1.7353027,0.43693912,0.90396285,1.0770857,-0.7959847,-2.0682373,1.2454946,-0.8001767,-0.85024416,-0.12941313,-3.650862,-0.07263343,0.19325973,-3.1150815,-1.9116054,1.2056887,-0.25377676,0.2453273,-0.77334493,-0.26248175,1.6224355,-1.8835754,-1.8868489,0.8860267,1.7308984,-1.1482643,-0.87960905
Q9UHA3	-0.98119116,1.2907598,0.20064731,-1.853465,-1.0861919,-0.92927295,0.5245681,0.25268042,1.137368,0.3089043,-0.960016,0.86384624,-0.49099264,-0.16824247,-1.7191464,-0.23983791,-0.5930225,-1.152315,0.9668085,0.27957758,2.912688,1.3656503,0.65823305,2.7907681,0.9485618,0.24620345,0.101175174,0.44785947,-2.1616237,-2.1943483,-1.8529956,-0.7675709,-0.09652862,0.6460177,-0.3315896,0.32242063,0.69905615,-2.850013,-0.8534859,1.457159,1.9617163,3.2519636,-1.0690219,-1.2549366,0.01650813,-0.11620751,0.72238165,-0.28223112,0.7431214,0.18225157,-2.5767214,-1.0835459,-1.0940458,1.8839953,-1.4576488,2.7510152,-0.80247736,-1.5886366,0.19629987,-0.021282488,-1.3923875,-1.772357,-0.5812884,-0.2367465,0.48476845,0.33546644,0.13799444,0.55097365,-1.2408894,-0.13747135,1.2298977,-0.6907148,2.336602,-0.45666885,-0.8315126,-0.5357126,1.2518691,0.053994343,0.43131885,-2.4531484,1.9986069,-1.1894087,-1.8460475,1.0149217,-0.44832164,-1.1611906,0.14794984,0.8375605,0.100644946,2.183788,0.68720627,-1.3017743,-0.57891566,-0.11380686,-0.31817526,-0.48403847,1.850045,1.559117,0.667491,-1.4305139,-0.25288755,1.6886162,-0.3177113,1.5980611,-0.5227874,0.4217398,0.29081327,-1.492675,-2.3539913,-0.4906213,0.9751269,0.63320726,0.048255637,2.2344234,1.274243,-1.4963703,0.29567784,-1.3465337,0.31598338,0.5988572,-0.434181,0.7194931,-0.97502434,-1.5813011,1.5245026,-1.648814,-0.07489197,-1.039154,-0.08116588,1.0491362,0.95719016,-1.1988741,0.104382664,-2.0877378,2.582403,2.4747882,0.9283631,-0.12515679,1.083497,1.5461217,-2.544921,-0.11315674,0.44429246,1.4237812,-1.4647655,-1.11801,-0.09660228,-1.4704313,0.28107673,0.7786949,-0.2109058,-0.7961531,-1.4203126,-1.2904307,1.1535189,1.1065952,-0.20235284,2.1661017,-0.4415615,-0.3338184,-1.9256413,-1.5754142,2.287805,-2.0992887,1.5964077,-1.5507706,0.5900252,-0.43938303,3.4129474,0.330811,2.3340027,-1.4168001,-0.62098455,-0.17690866,-1.198975,-0.5043531,0.13502693,-0.026456945,-1.6507438,0.0753216,-0.2997288,-1.5924938,-1.5976794,-1.0146849,-1.0815265,0.9879719,-0.7428701,-0.73519266,-0.11594114,1.7075471,0.46369705,-0.567118,-0.83350414,0.506866,-0.92573833,-0.8389613,0.6922788,2.0602114,0.058409292,-1.243055
P07205	-0.25561208,-1.0318385,1.9326893,-2.195775,0.5665929,0.934617,-2.0952907,2.246356,0.43051946,0.03691678,-1.168379,-1.674421,-1.8107355,1.6257063,-1.7049282,2.5197818,-0.91493964,-2.6064055,1.4552739,0.027795607,2.1186419,-2.313714,2.2684052,1.5213493,0.3665132,0.65591294,0.9891981,-1.8083388,-0.9248709,1.7103544,-0.120391704,-1.1355116,-1.4595444,0.2704965,-0.12464659,2.3064497,-0.882922,-4.1685405,-2.6811967,-1.0277125,0.5315377,1.4635777,-1.3760705,-1.2497734,-0.17514707,-1.2274318,-0.7125114,0.18133114,0.33604065,-0.5733183,-1.3286285,0.5061121,0.46173513,1.2927164,-1.0194069,0.050754435,-0.26044327,-1.3434769,0.59299845,0.44375923,0.8704775,-0.16514876,-1.6173706,0.33573937,1.1162673,-0.5456282,0.42153114,0.74952257,0.5268941,1.5513436,0.8228987,-0.08650759,3.3642943,0.9292544,-2.2209597,0.27932233,1.2455089,-0.8332205,0.3110652,0.87388736,0.18912618,-0.44890448,-1.895574,-0.34173167,0.016527617,-0.9997854,-1.2520145,-0.43489817,-2.8391438,0.301144,-0.7176281,-0.95892715,1.789822,-0.08046535,0.9333246,0.64356863,0.68270254,0.016486092,0.7661653,-0.5226867,-1.9151403,0.10339907,-1.872697,0.22294354,0.4183465,1.5518993,-0.7254715,-0.3278772,-0.91253763,-3.2990584,0.70157987,1.491219,0.37943876,0.7175834,1.1685909,-2.5147288,0.0024731033,-0.31448153,-1.623659,0.20129865,0.67669815,0.65780807,-1.5875914,-1.4959954,-1.465855,0.39022535,-1.5548651,0.19180278,0.24392405,-0.38881817,0.7345882,-0.72469234,0.7400838,-0.26744235,-0.14491095,-0.024358021,2.5386035,0.82790637,1.0502988,1.4116067,1.7728326,0.12670065,1.0508368,-1.874678,-0.2831402,1.9047407,1.4914782,-0.6064145,0.6604769,-1.2544391,0.9365663,-0.40081087,-0.83649886,-1.8324288,0.7855453,0.09890141,1.6814955,1.350613,0.24252087,-0.36494294,-0.6422963,-0.793486,1.286952,-2.722044,2.142733,1.05871,-0.6218455,-2.2084677,2.5473666,1.0025784,0.9439155,-1.4728272,-0.23421118,0.4717219,0.049670525,-0.06549004,-1.1289353,-0.94181126,-2.981479,-1.1070822,0.3166798,1.2714117,0.6452771,-0.2590459,-0.5506008,0.7036195,-1.413917,-1.1366285,-1.6646457,-1.5019758,0.8220923,-0.054517798,1.870893,0.25960538,-0.020221872,-0.9232296,1.8282958,1.6260468,0.6939594,-0.9884197
P21781	-1.7638193,0.87163305,-1.4208444,-0.5554966,1.2960093,1.5561966,1.4956367,0.14587303,-0.022491777,-0.2312787,-0.2524859,0.5532428,-0.7328476,-0.9854855,-2.1904902,1.4888753,1.5559126,-0.7623655,0.08380492,0.028667878,1.178928,1.8229263,-1.0662514,-0.23799114,-2.1713555,-0.20425318,0.80981326,0.8741981,-3.3092608,-0.27921394,1.9246898,-0.9032329,0.70423186,0.24878152,-0.2595974,-1.1762773,0.45588955,-1.9730762,-2.6942916,2.7717104,1.355533,1.9393657,-2.558104,-0.1529096,0.5080982,-1.3721255,1.3549323,-0.14620015,-2.8132856,1.0398068,-0.3368618,1.3317207,-1.2081484,0.1977728,1.165283,1.8595362,-0.30557793,0.8069109,-0.7813033,0.6732571,0.03661612,0.5965218,-1.1992041,0.9713332,-0.0056029377,-0.78210944,-0.14140761,0.5126423,-0.4678856,-1.2661349,1.2583044,-2.1206586,0.65342605,-1.0468106,-0.19020866,-1.5872248,-0.752214,-1.1306709,0.5221645,0.6428793,-0.4547597,-1.1865137,-3.114188,-0.39748225,0.15475251,-1.3027015,0.6538711,-0.46621007,0.12341369,1.3710427,-0.13920797,-0.7791578,0.5623754,1.9134418,-0.70458126,-0.64093447,0.69968945,0.828072,0.24598522,-0.76197857,0.8617267,0.6954402,-1.1545442,0.2272821,0.085824884,0.42539272,-0.1707069,0.2475373,-1.6977334,0.74953187,-0.6191008,0.61540234,-0.9395478,0.7652634,-0.7341389,-0.82019484,0.1507051,-0.78425604,-1.3430771,0.17231113,-0.70838284,0.065452375,-0.9192975,-0.11937659,-1.0720476,0.9012702,-0.789312,-0.06062598,-1.8410257,0.90472645,-0.04413588,-1.3253276,1.7988685,-0.7488651,1.9354818,1.5884461,3.0554237,0.7068003,-0.8136639,1.2344674,-0.6853059,1.1548241,-0.5972554,-0.34640396,-0.46476072,0.32344756,0.21971044,-0.33209905,0.04032463,-0.47528148,0.88226944,-0.40177998,-0.69523925,0.37259635,-0.28627363,1.5980682,-0.50748307,1.5333382,1.0126562,0.24623434,-1.5096262,0.6324092,2.1736786,-1.2720087,-0.8850727,-1.769317,-1.2324634,-0.95507807,1.4274492,0.16972089,1.1239667,-1.5731062,1.3754143,-0.9325159,0.28576657,1.0995667,-0.54411685,-0.838512,-1.2419099,1.222684,-0.72732824,0.5981547,0.14984679,-2.2075317,0.14496137,1.5738786,-1.6046036,-0.7745069,1.589674,0.61610544,0.7914501,-0.54028744,-0.8575699,0.71037054,-0.5747088,-1.5378895,0.45929936,1.5895804,-0.8541615,-0.009194287
P49591	-0.6924349,0.86047655,-0.9166582,-1.4950211,-1.0195184,-2.1490576,-0.48029402,-0.16950287,1.8389248,0.2195205,-1.6256249,-0.43899262,-0.92368823,-0.28198603,-2.3391397,0.49498814,-0.6830711,-0.45718262,0.45673183,-0.3072633,1.7178917,-0.4796697,0.8567197,0.9884566,-0.5269647,0.11616405,1.4450054,-0.1457066,-3.1844385,0.22604877,-0.1688828,-2.228388,-1.1422975,-0.9879008,-0.9946598,0.366523,0.6056923,-2.141631,-1.5722798,0.8933644,2.0515304,2.837688,-1.8472196,-0.044912793,0.059570894,-0.30660757,0.2121056,-0.002469636,-1.3191302,1.1461128,-1.3235188,-0.4782422,0.0011701481,-0.1980001,0.111191824,1.8657949,-1.5614367,-0.16586351,-0.84855485,-0.52473074,0.5668742,-0.25656614,-0.42895153,0.4297211,0.2054089,-0.22660206,0.86716205,0.0816437,-0.6820812,0.26865238,1.226646,-1.2839079,3.416748,-0.27397904,-0.2600687,-0.46985325,-0.49600732,0.038746838,1.916947,-0.55871797,1.3399544,0.32594588,-3.3915498,0.3422365,0.067728855,-2.3971133,-1.6358237,-0.40803576,-2.5991087,1.6018867,1.4957112,-1.4874599,0.11779787,0.82769275,-0.7548335,0.12036101,-0.38691568,1.0402516,0.6770517,-0.33342078,-0.9789611,0.9839191,-2.0757406,1.372295,-0.31667098,0.09689307,-0.3865594,-0.44126493,-1.4760156,-0.60160255,0.62965125,0.78189033,0.47800243,0.6683522,3.3376985,-1.8428204,0.94212025,0.39955184,-0.7042327,-0.43488336,-0.5501479,1.2877533,-2.6866913,-0.9620738,-1.4389627,-1.1803392,-0.6795401,-0.3447929,0.33926916,-0.08472037,-0.57400465,-0.6663464,1.7047282,-0.37846315,2.1210425,1.9562302,1.9172789,1.4660814,-0.017910818,2.022229,-0.7199173,0.7396586,1.5740125,0.410183,-0.017646655,1.0859027,0.24734814,0.3260253,2.3366852,-1.4298333,1.3037804,-0.35942054,-0.65230894,-0.6697758,1.6072477,-0.3405388,0.3476674,1.4697266,1.1340382,0.10814492,-2.4238694,0.049625415,0.92796206,-2.7055917,0.29166654,0.9611235,-0.12680429,-1.3898239,3.5241685,0.45137003,1.2725575,-1.3616328,-0.53292066,-0.083428375,-0.84257036,0.27262306,-2.1111932,-0.42429587,-1.9597713,1.117992,-0.3939072,1.3813157,-0.66862243,-1.6656965,-0.2981059,-0.17106013,-2.530907,0.08550082,0.5517186,1.8632382,0.12050138,-0.15299463,-0.102079704,0.55613565,-0.37090644,-1.0228094,1.2332267,1.66769,-0.05079523,-1.5220646
Q5TAP6	-0.54969704,-0.73034066,1.0835159,-1.7419559,0.25929886,-0.43183875,-1.159768,0.78725266,0.78500754,-1.0169424,-0.8113676,0.6892815,-1.1481801,-0.046567805,-2.1188436,-0.44672406,-0.39589164,-2.027495,1.2801088,1.7213291,1.9185524,0.9572643,1.1211436,2.7858067,1.7566551,0.1932187,-0.7635827,-0.04464738,-2.4975433,-0.87859666,-1.7033427,-0.45196378,-0.22052051,1.7237605,-0.263757,0.5879549,0.27977577,-3.6171138,-1.4967475,-0.034318052,0.8185358,4.1035113,-3.5493786,-0.45113662,-1.6257374,0.91379017,0.94075245,0.0767811,1.3982177,1.3429538,-1.3187788,-0.50879866,-0.9919478,2.9669728,-0.4006136,1.7862109,-0.49392265,-1.3384478,1.8530102,-0.32164922,-2.0044081,-1.4068474,-2.4202356,1.7050728,-0.9338762,-0.7919946,-1.2847972,-0.27315474,0.7382641,-0.08172384,-0.7937613,-0.24684195,1.9304192,-0.32661477,-2.018753,-1.5805013,1.4282143,0.27407518,0.19032589,-1.7646003,1.7766006,-0.95597184,-2.7968893,1.1983348,0.06487622,-1.2462521,-0.14778985,0.31203786,0.18262431,3.6856806,-0.36556822,-2.1403584,0.38431436,-0.8748661,-0.8406985,-1.1234188,0.7787078,-0.7607241,0.12386616,-1.5068346,0.94261634,1.1264365,-0.40008295,0.09748276,0.5966658,0.69383514,0.6743508,0.21975859,-1.0990354,-1.4382851,-0.37121356,0.880326,0.14665253,3.082115,0.84508324,-3.5862765,1.2160246,0.88095045,0.3799851,-0.95837927,-1.0695869,1.8541411,0.26817992,-0.32105762,0.30672115,-1.7648703,-0.1197329,-1.0095587,0.398295,-1.756606,0.016605332,-1.7949272,0.2982362,-1.2664273,1.3800439,2.833034,1.3398272,0.2672985,0.7565256,0.7606879,0.009345002,0.78674966,1.6806916,0.673627,-1.1769203,-1.1560245,0.76978844,-1.2552288,-0.3206547,1.3278593,-0.29496425,-0.46239257,-2.2711086,-0.8554645,0.7183002,1.1414115,1.341569,2.9566262,-0.5235152,-0.17034623,-0.08243281,-1.0073811,2.5033648,-1.9683819,2.898815,-1.6097429,-0.043699093,-2.6864996,4.1746645,2.0281124,0.5591771,-2.4634798,-1.2723563,1.9223156,0.1748395,-0.9443394,1.0591948,-1.1948328,-1.5429376,0.00209851,0.63188356,-1.3679011,-0.32715523,-1.5471668,-0.23462577,1.6051161,-1.5642686,-0.8130033,-0.10781012,-0.63854367,0.5566568,-0.60199577,0.16073644,0.74628025,-0.92617446,-0.71159565,1.0099722,1.3356727,-0.21339524,0.073880024
P53708	-2.4440608,1.0655551,0.1532081,-0.5762369,1.350534,2.3276877,0.31532782,1.7178882,-0.86991495,-0.25462946,0.6478458,1.8534738,0.22372608,0.47318825,0.09166152,3.3363159,-0.3872636,-0.20124646,0.71000355,0.33329216,0.57751226,-0.53111815,1.3577255,0.6437618,-0.7334388,0.47042078,-0.5209177,1.0496895,-2.1320693,-0.65606046,0.05061013,0.30857053,0.14561579,1.8104545,1.3351303,-0.16351701,-1.5550295,-2.9004002,-3.2139566,2.0860846,0.99380964,1.9618706,-2.3329172,-0.59676534,1.060141,-1.5158463,-0.16732481,0.7638648,-3.2261882,0.29850477,-0.38906893,1.46663,-2.179662,0.4112229,-1.1435602,1.1504039,0.50995463,-0.6354136,1.0412884,0.6108204,1.4425874,-0.75705,-1.2304537,0.5401184,-0.46782187,-1.7245389,-0.3826076,-0.115174085,0.8499298,-0.69945,-0.52624285,-1.3738376,0.38999373,0.8516165,-1.7894489,-0.014150375,0.016916644,0.17840742,-0.47374764,0.28271693,0.7701999,-2.0098524,-2.2432377,-0.058549028,0.507065,-0.44157964,0.53826535,0.11003377,-0.98460776,1.8068963,-0.83567613,-1.5216702,1.1622647,1.2036498,-0.16413693,0.46602267,1.0138215,1.315206,-0.12918468,-0.17366974,0.98251975,0.46344116,-1.3544503,-0.55902356,-0.96876067,0.39753988,0.57139987,-1.5429729,-0.6003083,0.06026593,-1.3029615,1.1083826,-2.0893161,0.6532094,-1.9547344,-1.497084,-0.14913517,-1.6519805,-0.13974929,-0.06479535,-0.18013509,0.15940087,-0.40713286,-1.2214843,-1.2337365,-0.31061006,-0.5040278,0.11715098,-0.98861176,-0.06269495,0.14274344,-1.4355013,0.7832963,0.06347617,1.6994023,0.69965667,1.8970386,-0.5718856,-1.9258718,0.25123298,0.3178743,1.5026482,-0.4398596,-0.49684197,-0.79466546,-0.6940787,0.21819295,-0.22426589,-1.3418825,-0.85017645,-0.07327378,-2.0562384,-1.5946189,-0.8487657,2.1367075,1.4838139,-0.086024314,2.6166751,0.33615217,-0.001096639,-1.2339547,-0.49860364,4.0374165,-1.2188638,1.4469645,-0.96513927,-0.8758096,-0.6556289,1.8449194,0.7582917,1.252142,-0.7091433,1.6493725,1.2309941,-0.28714707,0.79980004,0.7861171,0.6660985,-1.9360137,-0.79619426,-0.52650034,-0.038278893,1.4339423,-0.53950286,-0.5553012,3.2506762,-0.4800786,-2.1767821,0.9922841,-1.2876114,0.074673414,-0.97604746,0.14817186,0.952085,-0.80577266,-1.388265,0.8785885,-0.15639706,0.597669,0.4109244
P30876	-0.7610485,0.9389411,-0.46667126,-0.5154596,-1.7314178,-0.18521114,-0.0952942,0.51443595,-0.0009377295,-0.22795007,-0.47466648,1.0578234,-1.8782015,0.42935503,-2.05948,0.7759182,-0.0056271846,-1.9764719,0.012813021,0.27490562,1.1580807,1.1296275,0.29356006,2.298995,0.049958922,-0.40699965,-0.035926465,-0.08204464,-3.4175067,-0.2759048,-1.5611087,-1.4576571,-0.029529393,0.53273773,-0.32999137,-0.15085053,1.6038191,-2.9535434,-1.5091883,-0.38565245,0.69275564,1.5808512,-3.0021253,-0.19923119,-0.59882426,1.0424824,1.0387996,0.6876508,0.7907169,1.2091082,-0.92841595,0.4544956,-0.5933528,2.0201008,0.96184886,2.4806907,-2.167455,0.2932314,1.4579077,0.34963477,-1.3539227,-0.60092205,-0.3733291,0.85409105,-0.04563883,0.25463724,-0.2941129,0.33453995,-0.60733294,-0.119979,0.985254,-0.8374906,1.7512162,-0.40414137,-0.6400105,-1.6369606,-0.23653981,-1.6506953,0.6970669,-1.2252955,0.82492495,-1.0963932,-2.845914,0.4701248,-0.74814314,-0.7704007,-0.77624506,-0.86965847,-0.113904856,2.3659313,0.10469442,-1.2649323,0.26233193,-0.17772874,-0.003266013,-0.038537264,1.442595,0.6925003,0.104051225,-1.3306077,-0.17780492,1.4157352,-0.48296586,-0.038588095,1.374485,1.3137546,0.10223493,-1.0814925,-1.6320037,0.120921984,0.35416183,1.0610696,-1.1596849,2.3360915,1.4053493,-1.3701627,0.36811608,-0.34248126,-0.52701455,-0.34853792,-0.43043408,1.2013711,-1.0780171,-0.92288494,-0.46274534,-0.111678205,0.178614,-0.13116525,-0.642739,-0.4307386,-0.56986207,-1.6055795,-0.060273446,-0.3994958,1.959035,1.4751846,2.3045652,0.97470695,-1.1644251,1.599143,-0.9396991,-0.86274856,0.6630606,1.568899,-0.20885034,0.8202591,0.7476527,-0.6402193,-0.74487174,-0.09043814,-1.4626305,0.5176452,0.10824555,-0.6502054,-0.32505012,0.74081624,0.9485224,1.9692812,-0.53586453,-0.00615134,-1.2952669,-1.0084839,2.444222,-0.86050564,0.838161,-1.1476709,-1.0408803,-1.2361054,3.8014822,0.7100431,1.0694442,-2.5413618,-1.5900619,0.687844,-0.39200246,1.7183759,0.54833466,-1.197135,-1.0178517,0.63003975,-1.0056878,-0.91922706,-0.72303027,-1.6562456,-0.7610482,-0.45276365,-1.0657606,-0.24797069,-1.1657288,0.5275043,-0.16789438,-0.20714796,-1.8790361,0.44659284,-0.5403974,-0.7667946,0.13540961,1.7923282,0.7674279,-1.1561625
P33981	0.13909206,-2.0984876,-0.417972,-0.60400665,0.011036941,1.2912798,0.94487804,0.74759597,1.4203763,-1.5633892,-0.5274059,-0.054993413,0.6485769,-1.2408993,-0.95800054,1.4777452,-0.9897241,-1.808025,2.483538,1.1494194,-1.2686397,-0.115847394,0.24888526,-1.3223575,-0.5576102,-0.4068206,-0.14386097,-1.653888,-1.3883986,0.8984799,0.08157103,-0.8527163,-0.54877156,-0.3482967,0.46027768,0.23304246,0.89896667,-1.9728763,-1.696107,-1.6284542,1.2460024,2.2124352,-3.4153438,-1.1330847,0.19680409,0.24636534,1.244083,-0.51736206,-1.4296517,1.661536,-1.669831,-0.23936623,-0.8301274,2.1709769,0.85770875,-1.9813461,0.46705183,-0.9360823,0.7919343,-0.46287605,0.5612624,1.6086522,-0.8750032,1.485451,-0.42994723,-1.0961626,1.1168387,0.06471712,1.1987157,0.96529394,-1.3371824,-2.3353188,1.2341788,0.84589726,-2.3625886,-0.9091548,1.1396625,-0.7036684,-0.5398768,0.89902323,2.1699762,0.43090773,-1.9558342,-0.8545061,-0.22385672,-0.34966412,-0.26570928,-2.6856415,1.2867999,1.9170024,1.0277877,-2.4392715,2.451165,0.10540149,0.47450444,1.8727231,0.06760846,-0.3734797,1.3917067,-1.3932959,1.5050491,-0.30201182,1.1892784,-0.46289387,-0.68610895,-0.7045491,-0.4530255,-0.18992405,-0.16773982,-1.1986531,-0.5884509,1.6485813,-0.7918579,2.5857947,0.83031625,-0.90960944,1.4729612,-2.0247817,-1.4156433,-0.62193793,-1.977096,0.45504227,-2.5735202,0.315998,-0.6304983,-0.06984988,-0.42806178,2.5602326,0.92518455,-0.30880395,-0.89873415,-0.57012576,1.1138914,-1.1367084,1.4268888,1.0942377,1.7425011,-0.3990036,-1.5277685,-0.31639597,1.7301488,0.8738863,0.5184542,0.2866696,-0.06274692,0.18106659,0.9877241,0.37906498,-0.47884554,-1.4830357,0.7847433,1.0574504,-1.2472128,-0.3378398,-0.53033686,0.45007715,-0.22912556,2.4729877,0.9613621,1.1119778,-0.17768387,0.59555495,0.4436346,-2.640954,1.6229985,0.3048222,-0.63676447,-1.6157391,2.4184055,1.415012,0.40302002,-1.7095346,1.2821215,1.1274856,0.50885665,0.43293956,0.010443744,0.58244705,-0.92916805,-0.8549319,1.6385041,1.3034744,2.2165644,-0.9340807,-0.045173552,1.4631898,-0.53557205,0.8121292,0.2381793,-2.369586,0.9516267,0.65105075,0.7637722,0.7895173,-0.67381084,-0.15244403,0.9039951,-0.298621,-1.5361668,1.4097517
P08069	-1.3776896,-0.500817,-1.4767743,-1.3554199,1.4046361,1.907775,1.4174908,0.8195358,0.21381818,-1.4469252,-0.71841544,0.09043613,-0.4603339,-1.5780408,-3.0904298,1.5713392,-0.13221477,-1.8297428,1.5152714,0.11392916,-0.27582753,0.57131594,0.3966503,-0.6305292,-1.8254166,0.08806418,0.40441918,-0.8829848,-2.5348055,1.1047081,1.4322401,-0.636097,-0.13610046,-0.6164333,0.025921265,0.13901919,0.73834556,-2.0888472,-1.9028758,0.48092374,0.8239765,1.5060639,-2.1346233,-0.19244857,0.26476216,-1.3138244,0.6084473,-0.11040127,-3.283309,1.086096,-0.8814836,1.004879,-1.5312023,-0.039756782,0.34073815,-0.82038784,-0.3552541,1.462902,-0.36568034,-0.373466,1.4035971,0.33341673,-1.4313977,1.1504496,0.3652889,-0.9459154,0.85411114,0.88413066,0.4500744,0.26157102,0.12805258,-2.3898196,1.3260947,-0.057913437,-0.85189414,-1.2604667,-0.3328419,-1.1829334,1.0709047,1.3817183,-0.5240274,-0.84910154,-2.6080413,-0.90912026,0.40821624,-0.6881942,-0.8045598,-0.90434724,-0.14005888,0.91670954,-0.1158943,-1.5379617,1.7879473,1.2441344,-0.5298649,0.4125385,0.51802784,0.9144619,0.44320583,-0.9176444,-0.043702297,-0.56562555,-0.5082014,-0.07177385,0.9455927,-0.40826544,-0.24030577,0.35894668,-0.03280137,0.08397315,0.29135993,0.9233963,-1.5484842,0.4635261,0.11002323,-0.601215,-0.12924467,-1.6197486,-1.7739879,-0.10958233,-0.61304927,-0.28473285,-2.523766,-0.11448852,-1.3834006,1.755479,-0.8593477,0.9063813,-0.8325956,0.77916807,-0.72314507,-1.1023548,1.924663,0.30755305,0.38417995,0.26238295,2.8438008,-0.079433255,-1.3405414,0.33443287,0.8749204,0.50551355,0.065375775,-0.91166055,0.05133378,0.91308993,1.119217,0.3906213,0.42260507,-0.5448988,1.5590663,0.10707919,-0.91632813,0.65719604,-0.57121706,0.50463593,-0.6564642,1.6070609,1.8245478,1.1493547,-1.3617225,0.022663333,1.1679068,-1.0513105,-0.10211616,-0.26721692,-0.7472561,-1.3613873,1.5736449,0.7564444,1.2959509,-1.1298718,1.1341577,-0.45960748,0.42259663,0.47953495,-0.5850727,-0.33499914,-2.1461399,0.83545274,0.19592471,1.0145923,1.7994952,-0.36029413,0.37155277,1.2349138,-0.43917137,0.042237677,0.79087156,-0.68149817,0.8913794,-0.26693344,0.66956973,0.39005807,0.2798254,-1.9412851,0.11357529,-0.06342617,-1.4397833,0.26844525
Q9Y258	-1.7764193,0.8006341,-0.7214261,-1.4287269,1.0792075,1.3607594,1.4690899,1.7050833,-0.078268155,-0.63610476,-0.7259693,-1.0159938,-1.9001083,-0.93389636,-3.360929,0.4158829,1.4192407,-1.4719286,0.95402163,0.8737255,2.1280096,1.4371202,-1.3974497,-0.03678428,-2.8580353,-0.12996626,1.3281171,0.55397844,-3.3894088,-0.041215856,2.0565577,-0.15194547,0.99013096,0.02366662,-1.2305491,-0.066637285,0.79927504,-2.7788956,-2.1697452,2.834388,0.23601219,3.0346897,-1.7795963,-1.2595756,0.1100604,-1.2507858,0.7921404,-0.6018324,-3.894026,0.906154,-1.3703718,-1.3510823,-1.7392795,0.62963575,-0.36276287,2.2551532,0.44864726,0.5864629,-0.6861269,1.2105429,0.8343328,-0.24782826,-1.690189,2.2390504,0.52213275,-1.6824212,-0.33187374,0.5231594,-0.9407765,-0.35381538,1.0688447,-2.251388,1.7391541,-2.6832228,1.0003564,-1.1314331,-0.3886079,-0.7500362,1.4072684,0.6110635,-1.4025899,-0.37639794,-1.9435322,-0.601659,-0.029481681,0.64579195,-0.01633991,1.2247312,0.27003688,2.0978847,-0.5451184,-1.9536858,0.25361237,1.5540283,-1.9729588,-0.32783633,1.56821,1.4004458,0.7935858,-0.63486904,0.99846876,-0.10258172,-2.1651425,-1.0474738,-0.8892745,-0.32519823,0.3295215,1.2262285,-1.6125511,-0.05141059,-1.2835139,0.5412809,-0.54375917,0.9347293,0.003439529,-0.86194307,0.62345284,-1.1472323,-1.0779002,0.1883519,-1.2899172,-0.03245403,-0.5024621,-0.63213,-0.08049773,1.0134774,0.70191187,0.19844206,-2.6060174,-0.07668895,0.27498502,-1.5203172,3.3483925,-1.3598652,-0.010080114,1.8923723,2.122444,-0.36907732,0.38788953,2.201668,-0.9165746,2.1619446,-0.27380675,-0.36344516,-1.1360527,0.45568007,1.6869748,-0.3155556,-0.23868392,1.5907544,1.6468422,-0.98820573,-0.77176386,-1.0156263,0.2572032,0.940328,-1.0416936,1.2222903,1.2687328,1.2308316,-1.6952584,-0.3004876,0.83585024,-1.161877,0.50177747,-1.7720399,0.65693897,-1.1358222,-0.57733876,1.5157034,2.593485,-1.31242,0.51878774,-2.1134877,2.757165,-0.07537669,0.031160193,-0.34861678,-2.4560583,1.0234939,-1.8595092,1.2159091,1.078913,-1.7836105,1.3605361,1.1884605,-0.85775036,-0.6266676,0.81435674,1.1045827,1.5330601,-1.3125367,-0.07454731,1.6118864,2.678832,-2.3609693,0.023472345,1.0892051,-1.1599938,0.6657649
Q9Y4X3	-0.8867624,-0.7268645,0.4922841,-1.6487589,1.9335637,1.0988451,0.79110223,0.91444135,-0.024287023,-0.16896325,-1.6388739,-0.7534577,-0.9145805,-0.68691444,-2.5762398,0.35055634,0.94247395,-1.3413539,2.7782195,1.2774942,1.6060859,-0.010221903,-1.4062492,-0.17761539,-2.9831808,-0.7068734,1.1036332,0.29429942,-3.2505333,-0.09383644,2.288696,0.7672752,2.0869365,-0.24409011,-0.9229443,-1.0940042,-0.68654567,-2.993687,-2.2615778,2.289867,0.49354556,3.531792,-2.4012294,-1.0044365,-0.42258522,-1.2373154,0.46810725,-1.3878527,-2.198837,1.3887756,-1.6020826,0.17990571,-1.1459979,1.1349181,-0.38688347,1.760778,0.65587395,0.31712678,-0.1962046,1.5079544,-0.21963568,-0.11167196,-2.0118372,2.1398656,-0.24317119,-2.2768342,0.048294753,0.22723904,0.72375464,-0.6831092,1.3476008,-1.2688338,1.742408,-1.7458991,0.08995843,-0.8200428,-0.9530236,0.008054579,-0.65525997,0.76604104,-0.6500382,-0.43458024,-2.103719,0.044105794,0.42340603,0.3880745,0.012964491,1.4170314,0.76484156,2.608883,-0.4885922,-0.9826528,-0.9823366,0.77490145,-1.3236359,-0.3966672,1.2488345,0.24365464,0.18831691,-0.906712,1.7165929,0.14600408,-1.9070233,-1.3753192,-0.96901834,-0.037547622,0.3790446,1.3108208,-1.5742414,-1.0889369,-2.1304123,0.65579,-0.8693727,1.2214077,-1.0049913,-2.2226233,1.6412522,-0.67042834,-0.97924995,0.64934504,-0.7703981,1.2091022,-0.9498295,-0.4267488,-0.46067193,0.39154506,-0.9123682,0.30242747,-1.739413,0.051848527,-0.0577431,-1.151838,3.3921947,-0.92693466,0.99829996,2.2853155,2.852222,-0.5385513,1.3583767,1.8878497,-0.335411,2.553748,0.11210013,-0.22644931,-2.000074,0.46825975,1.8799984,-0.3055064,-0.17746976,1.9132465,2.3275988,-0.5681448,-2.1922708,-0.6806287,0.518889,1.2783695,-0.21241502,1.047488,0.06336949,-0.16239116,-0.82723576,-0.9774231,1.7637168,-1.5616299,0.5810237,-2.2645214,-0.5513738,-0.77002823,0.46327767,2.0031052,1.5036464,-1.0928146,0.3631052,-0.13915406,3.08269,-0.8268842,-0.3848158,-0.5450862,-2.0442228,0.7601949,-1.3579024,0.33758497,1.3285369,-2.544203,1.6794684,2.102237,-1.2931213,-1.0563486,0.3266743,0.29857355,2.7449715,-0.3824594,-0.090619385,1.8420371,0.81707984,-2.174596,0.9852217,0.9488953,-1.7716967,0.2394505
Q9UBD9	-0.9030057,0.0014211154,-0.7508483,-0.92274106,0.7908149,0.3094975,1.5024225,0.7549018,0.21155919,-0.40920836,-1.4934527,-0.33610383,-0.7139342,-1.4094876,-3.109939,0.6130249,0.6134067,-0.34583926,1.8150305,-0.33437797,1.9781972,1.0367223,-1.6003093,-1.3301928,-2.8746488,-0.5441531,1.711021,-0.2794152,-4.6391416,-0.19712245,2.7548304,-0.57701486,1.3097054,-1.2975364,-0.8596893,-0.4484995,0.31131935,-2.930541,-1.5021983,1.286612,1.6777433,3.1372736,-2.0568752,-0.7131875,0.21332215,-1.3551751,1.4836062,-0.8222036,-2.5124402,1.1927279,-1.0379531,0.66551894,-0.6682464,0.04525501,0.2036356,2.0251262,-0.5119706,1.5964069,-1.0577719,1.2009037,-0.2232436,0.19422573,-1.0336872,1.9377592,-0.017532524,-0.3032417,-0.24251886,-0.19767441,-0.0854371,0.07500489,1.5995327,-1.0580602,2.321492,-1.789246,1.3409357,0.13196556,-2.4097292,-1.5820155,0.83340734,0.37046117,-0.769197,0.08597039,-2.4842405,0.24790154,0.60532546,-1.2956891,-0.40389717,0.2623796,-0.21264504,1.9017457,0.10354595,-1.1169469,-0.40614864,1.6219078,-1.8964269,0.11265611,1.5051751,1.608037,1.6820009,-0.2871451,0.30473936,-0.01816374,-2.8901877,0.563298,-0.6313634,-0.33232546,-0.78440607,0.071730144,-0.7723563,-0.30314794,-0.6322693,0.5878107,-0.40716895,0.5801685,-0.35163575,-0.80109984,0.466514,-0.37971175,-2.3014944,0.88271546,-0.63588685,-0.046804987,-1.9605145,-1.1528589,0.046932604,0.059317894,0.471187,0.30291167,-1.7172337,1.3310063,-0.42610133,-1.4802847,3.6067622,-0.26966998,1.5544417,0.12980612,2.7977977,-0.30552122,-0.47711504,1.891663,-0.94639254,0.6788404,0.22953817,-0.21133845,-0.72465867,0.9743374,1.8566818,-0.7200636,0.63824034,-0.6992253,2.3020065,-0.25607222,-0.8209417,0.33671466,-0.77859503,0.8522015,-1.1560767,1.0219421,2.1730857,0.66458803,-1.4477006,-0.32384357,1.3366891,-1.522065,-0.077628165,-1.1685296,-1.6540444,0.6819371,0.60219634,0.40852487,1.7414222,-1.3062178,-0.40665767,-2.1043472,1.7918884,0.110655375,-0.69223744,0.3480812,-1.3833245,1.6255814,-0.8225112,0.91572326,0.990884,-2.040867,1.1866288,1.7360562,-0.73797476,0.4341551,0.4413581,1.7699763,1.2221662,-0.5696102,-0.56027246,1.1132877,0.17512721,-1.9985,0.93362397,0.7966248,-1.7817856,-0.083380125
Q8NFW9	-1.4219527,-0.057729322,1.7980418,-0.3073055,0.22615698,1.2050364,0.6025812,0.8513087,0.83952993,-0.8879408,-0.18658483,1.0640712,1.5264871,-0.6298872,-0.047996607,1.353315,-0.0051130545,-1.5933763,1.6375804,0.9229625,-0.23023504,-1.0171072,0.8587049,1.5390458,0.38301516,0.035218306,0.13356334,0.7404111,-1.6684896,-1.0109197,0.33604288,0.33704764,-0.03935445,1.2427305,1.4326594,0.23463695,-1.3836476,-3.922474,-2.428932,0.7127273,0.38705495,3.1348298,-1.7024789,0.50162,0.5990961,-0.7213498,0.8951456,0.0057268776,-0.82613593,-0.48293692,-1.4300604,1.5914073,-2.5551322,1.4039941,-0.5613467,-0.064017065,-1.0733249,-1.3807266,1.227329,0.25669995,-0.33286276,-1.0946496,-1.4313809,1.6415635,-0.73946255,-1.0073183,0.62798524,-1.9211707,1.4676079,0.823603,-0.94889957,-1.9280233,0.9789593,2.0477984,-2.8795493,-2.1983254,0.940726,0.04416581,0.61696494,0.19513124,2.0147219,-0.5624085,-2.7003431,1.0138189,-0.00094736565,-0.61295676,-0.08250143,-0.9478294,0.75347555,2.257677,0.30155894,-1.2504658,0.26108158,0.85883576,0.117422156,-0.630807,1.6196815,-1.9969125,1.1636043,-1.5833793,1.3314828,-0.027807105,0.049579836,-1.0582004,-1.0301567,-0.72814065,0.04902438,0.23687239,-1.0663005,-1.3631393,-2.3500502,1.1299042,0.18912429,2.0255175,-2.239085,-1.6034017,0.055415843,-1.5601238,1.3832233,-0.922875,0.1961729,1.9378062,-2.0099833,-1.1931944,-0.8509279,1.463741,-2.1374602,-1.3555684,0.4902728,-0.054832105,-0.1369334,-0.4517632,0.46463788,-1.9362292,2.2724273,2.57917,0.64586973,-0.13721606,-0.030264404,0.56353635,0.73137754,0.727163,-0.6815693,-0.028728079,-0.87585425,-0.815379,0.10429867,0.33070913,-1.008314,-0.0497449,0.43308228,-0.20010322,-2.0026102,1.2538414,1.0804095,1.4070768,-0.78423303,2.2016747,-0.28692484,-0.5877187,-1.6097091,1.2573898,2.4971511,-1.7616907,2.6195447,-1.5948815,-0.788957,-1.181935,2.3473551,1.3958663,0.7003467,-0.257336,1.5223585,1.6501085,0.44395328,-0.97594154,1.8892946,0.5743839,-2.152393,-0.4389836,0.6463639,-0.5240781,0.9960354,-2.387543,0.24193254,2.0843325,-0.9231825,-0.2431631,1.2985464,-1.4430939,1.5464085,-0.8307389,-0.123319365,0.74896,-2.1464143,-1.3500675,-0.15005724,-0.5213434,-0.45652488,1.6256756
P42262	-1.4332985,-1.1928434,-0.26935667,-1.1104461,1.5261614,2.3345587,3.0012624,1.2519989,0.52053934,-0.08096353,0.32855654,0.4315108,1.1129835,-1.0182397,-0.5572011,1.9511954,-0.84460014,-1.4035513,1.7244877,-0.27525437,-0.811884,-0.0850984,-0.055556383,-1.3545641,-1.6395167,-0.7601312,0.5614019,1.157204,-2.306449,0.5401334,2.3835375,0.21820939,1.5735315,-0.39181364,0.75287056,-0.15536761,0.04655572,-3.000159,-2.3700926,1.1143785,0.85457766,1.2470045,-2.0741324,-1.5351737,0.50408345,-1.4234908,-0.11656136,-1.1152673,-3.949285,0.6139767,-2.1513236,0.7949242,-2.3348145,1.1236073,0.1526039,-0.67795575,1.1955178,-0.28325096,-0.29960084,-0.27121523,0.9639877,-0.0037683863,-0.014905119,-0.2639862,-0.22189347,-2.1121073,1.6829671,1.6107627,1.1530993,0.052642863,0.7697484,-2.9044445,0.80768853,0.8462932,-1.9931911,-1.0128238,1.0619408,-0.363211,-0.49478635,-0.11512135,0.37285942,-1.1079943,-1.9500278,-1.0120593,0.8316342,0.42197,0.13157915,-0.76906997,1.2226803,1.0280933,1.1505767,-2.0360994,1.4999039,1.0570511,0.61447275,0.27836046,1.2794085,-0.054965805,0.0683487,-2.3689046,0.77724844,-0.45126033,0.909053,-0.80464876,-0.70471764,-0.21106566,0.28872934,-0.48547533,-1.9017324,-0.46776524,-1.1589407,1.4063312,-1.3810077,0.73220104,-2.449277,-0.6478728,0.33299175,-4.030999,-0.41145182,0.6368767,-0.57281536,-0.5555562,-4.280714,-1.4860806,0.25195175,2.1102757,-1.7694074,0.9951306,-0.20698088,1.7346154,-0.15727918,0.13314322,1.1892171,-1.1896334,3.1184645,1.2339848,1.9107031,-0.64016604,-1.2354332,0.6892034,-0.748286,1.0288945,-0.08871167,-0.9147592,-0.5266996,-0.08740955,0.50863117,0.38332987,-1.7402729,-0.51561403,0.95228636,0.21686807,-1.9275019,-1.056057,0.5993706,2.3341017,-1.3504119,0.8491004,0.90731335,0.5333703,-1.7331718,-0.26400876,1.4295347,-1.7010484,0.42787412,-2.0044253,0.5787405,-0.56635344,1.4800205,0.82642084,1.5093027,-1.052531,2.009173,0.42582017,1.2237304,0.17735274,-1.2657074,0.57809,-2.0315673,-0.345282,0.25580925,-0.3602999,1.6689832,-0.7241009,0.48206243,2.2162695,1.079755,0.65054387,0.96257496,-0.866326,1.6787736,-0.7707302,1.6794877,0.18857887,-0.1814438,-2.015326,0.31443784,0.3237294,-2.3831706,-0.14024268
Q6FIF0	-1.0621915,0.5431121,0.7173151,-2.5847306,-1.0162456,1.0649582,0.6611293,1.7535214,0.04383248,-1.334223,-0.09530424,-1.0774792,-2.8698072,-0.7836285,-2.044211,0.5719238,-0.6480348,-2.7372744,-0.76446337,1.347149,0.82507974,1.4989121,0.74577826,1.955509,-0.05958171,-0.1675951,-0.09340151,-0.89678854,-3.1959543,-0.3382098,-0.6508009,-0.51472074,-1.2784746,0.944355,-0.15481588,1.9114894,-0.0019368537,-4.158302,-1.3057913,-0.54212016,-0.20954575,1.5184642,-2.3244042,-1.570789,-0.6115767,-0.0857653,1.1200447,0.40485248,-1.3164479,0.74992865,-0.50122297,-0.64936453,-0.5273518,2.1543794,-0.34025234,1.9209504,-0.8213661,0.31878763,0.36553323,-0.04564244,-1.6806016,-0.02728479,-0.678529,2.4891813,-0.4169264,-1.1556245,-0.6671877,0.60648715,-0.2923371,0.51481164,0.3326754,-1.0697852,2.155963,-0.73123044,-0.12223818,-1.8292812,0.0281788,-0.17849982,1.4387344,0.41529197,0.53983384,-0.23822154,-2.0462732,0.33667096,-0.20385593,0.21221305,0.60680515,-1.1982672,-0.37405297,1.6950505,-0.8883785,-1.4496703,1.655671,-1.3631198,-2.016444,-0.13897014,1.3811705,0.40633723,0.8470111,-1.3442785,0.24592139,0.48111665,-2.2375364,-0.9563391,1.1120833,1.4680164,0.39913207,0.46494332,-0.64690787,-1.6292608,-0.44689307,0.91452307,0.07433196,2.5053668,0.49590608,-1.067409,0.62116265,-0.9803175,-0.5089079,-1.4296274,-0.60377586,-0.55760354,0.60235375,-0.022982562,1.0817791,1.2469047,1.8190937,-0.16877057,-1.5749967,-0.73029965,-0.43572402,-2.6682017,1.0947683,-1.1721737,0.7175528,-0.30908707,0.906514,0.4500821,-1.4831138,1.13746,0.11535508,1.1762216,0.5469563,-0.23817126,0.018447556,0.49879658,1.8419918,-0.106424905,0.1579538,0.73704904,-0.03421518,0.106644444,0.13325179,-0.13207889,-0.63225675,0.7664835,-1.0479138,1.6467745,1.0070199,0.054383855,0.6518905,-0.28717685,1.6375763,-2.2637339,0.9845344,-1.5934682,0.037497025,-2.7500527,2.1561341,1.5857601,0.57174,-2.85937,-1.249214,0.16209899,1.9375643,0.9264674,0.47805676,-0.5295641,-1.4245102,0.55264765,0.40129036,0.28436068,1.3711979,-0.28418222,0.49067461,-0.34004685,-1.0422993,-0.66182834,-0.099709205,-1.1900582,0.19411345,-0.5399276,0.3402289,0.610365,1.1880844,-0.14834346,0.5697959,0.88992983,1.0514499,0.55240446
Q05682	-1.2687494,-1.1433384,1.640205,-2.0051854,0.18500453,0.49509034,0.36809215,1.114934,1.731725,-1.4533068,-0.47192678,0.4620874,1.5805368,-0.8405566,-1.0290124,0.498337,-0.8951044,-1.8163266,2.2784288,1.9156442,0.83705026,-0.7090391,1.9685607,1.186735,1.261141,-0.26393628,-0.77277076,0.8076258,-1.7588899,-1.5341278,0.21991204,0.56067187,-0.43721923,0.92388713,1.0151166,0.6817349,-1.2987226,-3.711952,-1.7925372,-0.19245018,0.42469388,3.7795756,-1.7312917,-0.44524795,-0.32105333,-0.33713046,0.64405996,-0.16249555,-0.3535747,-0.16474321,-1.6147405,-0.67361134,-1.5456215,2.1623359,-1.4841814,-0.43578497,0.16434622,-1.2032305,1.1307395,-0.68706506,-0.43480286,-0.42040357,-0.68172616,1.7442025,-0.8940523,-1.5653203,-0.617709,-1.34328,1.4228479,1.0101678,-1.9730856,-1.246546,1.7505746,2.0218067,-2.742949,-1.7110915,1.5144647,0.81818694,0.5517609,-0.1986925,1.8339543,-0.44743553,-1.9156903,0.5819522,1.2279283,-0.09248937,-0.36285993,-0.07097465,-0.1849424,3.0323603,0.20219299,-3.131306,1.0992737,-0.43248123,-0.7831652,-0.23210815,1.1601168,-1.0246649,0.85427994,-1.1264274,1.0163118,0.1727722,-0.20002426,-0.59692895,-0.98899156,-0.6954741,0.6095992,0.06354782,-0.48232687,-2.2476428,-1.9897352,1.7034897,0.36033112,2.3982759,-0.83107305,-1.8487979,0.3945847,-1.3589373,0.9792206,-1.1427107,-0.18402165,1.0921184,-1.968021,-1.3800522,0.47794002,1.133744,-0.9290291,-0.7276408,0.96407616,-1.049117,-0.90309906,-0.814885,0.37293926,-1.7804728,1.4731252,2.3179517,0.4963946,-1.2371286,-0.5604991,0.6736646,0.04103147,1.9107281,0.3108292,0.361327,-1.766258,-1.0494233,0.36947113,0.12083644,-0.19220063,-0.4372768,0.40996104,0.15040448,-2.1442447,0.90641916,1.8202034,1.0626614,-0.90124977,1.6001571,0.39308688,-0.7517043,0.008186755,0.3587337,1.9093071,-2.1905208,3.018551,-1.8478955,0.22903425,-1.573458,2.2341971,3.112022,0.10346795,-0.35482287,0.27755412,1.4076642,0.8412235,-3.0153553,1.234073,0.7605824,-2.5047088,-0.5970608,1.2443862,-0.2286438,0.7988801,-0.8681784,0.40867534,2.425474,-0.97255784,0.18021137,0.16649619,-1.9701151,2.0053017,-0.18247153,1.4431386,1.1186845,-1.5655191,-0.7848681,0.7591796,-0.89265794,-0.34160507,1.1711468
P29460	-0.64649373,0.39766708,-1.4191512,0.026995922,0.9687926,0.48638007,1.4807991,0.4108005,0.07807284,-0.49133086,-1.0914711,0.8750589,0.59056,-1.9238172,-2.810731,0.6617724,0.5365819,-0.79886746,0.9325183,-0.34011823,1.4395595,1.607756,-0.8877006,-0.9194083,-1.1938704,0.4319209,0.31081274,0.9201435,-3.1575372,-0.32900697,1.846735,-0.84307665,-0.3969924,-0.5702725,-0.36846057,0.21944974,0.19075476,-1.8205682,-1.5384301,2.027753,1.6248814,2.3201091,-1.1569453,0.42439154,0.2935884,-0.7141742,1.2719207,0.3502174,-2.3967047,0.8668653,-0.52516145,0.23145485,-1.3825914,-0.2723621,-0.09139002,0.70617723,-1.8366212,0.45024088,-1.00434,-0.5253356,0.7485102,-0.30698028,-0.42303917,1.2781532,-0.9682359,0.15823118,0.21206094,-0.23960154,-0.24007086,-0.16653688,-0.57756865,-2.2225413,0.9449711,-0.7045815,0.11477909,-0.6440189,-1.5202796,-0.4883058,2.2809777,0.7188383,-0.59931344,0.2676034,-3.1437252,-0.16747166,-0.015199057,-2.135076,0.15588823,-0.8700546,-1.0765694,2.0024054,0.74965936,-1.5296235,0.86175096,1.4637936,-0.76930726,0.38558647,0.77905256,1.2519737,1.6506951,-0.611715,-0.2171448,0.42917186,-1.7498271,0.5673224,-0.26539505,-1.0563009,-0.15751807,1.8913924,-1.022249,-0.057163328,-0.7699757,0.57661724,-0.6533611,0.13668722,0.13124007,-0.2623268,-0.8451902,-0.3714363,-1.0804566,-0.24613936,-0.6662794,-0.30931607,-1.5827432,-1.0420643,-0.2721813,0.4758128,0.36149627,-0.22016206,-1.2490842,1.278827,0.47212875,-1.0765495,2.1985397,-0.77395314,1.2964959,0.42707902,1.6214645,-0.72175306,-0.43855593,0.5946997,-1.350896,1.0535657,0.009605607,-0.37102717,-0.2788783,0.2086864,0.6066875,0.12642254,0.10662488,-0.55250865,0.70147336,0.19233465,-1.2837393,1.3690504,-0.21785155,1.5477775,-1.6446246,1.831808,1.685392,0.44248793,-0.9600474,1.523091,0.47642714,-1.1565301,0.11571982,-1.6149658,-1.1326344,-0.30173752,0.7534413,0.117872596,1.2783352,-0.3462756,0.48674393,-0.50498646,0.6038031,0.96599287,-0.8149697,-0.39617306,-1.1128044,1.6697183,-0.88379353,1.0651228,0.8641023,-1.0214877,0.8647415,1.4227773,-0.4068667,0.27913964,1.5666165,1.031283,0.83343625,-0.46906602,-0.59993273,0.64231855,-0.40311557,-1.2711413,0.8510759,0.6725858,-1.0293962,0.75386876
P48454	-0.4589823,-1.052143,1.0712723,0.14366673,1.8075757,2.0214984,1.6669908,0.7649589,0.24332288,-0.35856408,-0.21163237,-0.059567492,2.1236126,-0.7648998,0.0439861,2.413104,-0.50519824,-1.2097025,1.3387074,0.6762789,0.023591269,-1.1871933,0.4559346,-1.6739393,-0.8030036,-0.3481614,1.035726,0.3377555,-2.5842206,1.0930327,1.9864079,-0.091106854,0.44178504,-0.30995807,0.077638716,0.8141806,-1.056084,-2.7442489,-1.7610725,0.7508903,1.4995403,2.2871518,-1.6984925,0.5063879,0.059819408,-0.5087543,0.010560668,-0.99458283,-1.8935407,1.4270018,-2.579778,1.80217,-1.1424755,0.9029447,0.4455817,-0.44489723,-0.15767166,0.9579433,-0.60040873,-0.036043007,0.82204545,-0.99571776,-0.99924695,0.85652727,-0.4431624,0.36327615,1.589311,-0.15320747,2.4242923,-0.09896632,0.21006984,-2.3617797,1.6357301,1.1938756,-1.815474,0.4205746,-1.1716692,-0.40240633,-0.2384639,0.2684863,1.2904124,-0.6020379,-2.9498122,1.1048583,0.6767848,-0.75206345,-0.077817746,-2.0526223,0.3511852,0.8769523,1.263,-1.1953392,0.83799803,0.77492833,-0.18784247,0.19585887,0.017552631,-0.9425452,0.7339493,-2.3975933,0.39698938,-0.4430387,-0.5422101,-0.36556956,-0.06308547,-0.8809005,0.20095433,1.1862162,-0.47974303,-1.4973716,-0.9288663,0.3397435,-0.041671388,1.4329345,-1.9196945,-1.9648737,0.8885228,-0.9405029,1.00684,0.19028717,-1.0045905,1.1091975,-2.5725021,-2.14207,-1.0345016,-0.23665935,-0.85779214,0.50613457,0.3876811,0.79417294,-0.19939929,-1.23646,1.4345354,0.0025540206,2.7717655,-0.5618701,1.5680652,0.6929181,-0.429117,0.7299373,0.8066058,-0.6529561,0.66323274,-1.7222844,-0.18910226,0.6070026,1.7127867,-0.004821728,-0.14549017,-1.3364114,0.85206926,-0.29385298,-1.5665493,0.4778687,-0.85969716,2.149284,-0.628682,1.8350031,0.07612831,0.53645456,-0.7175079,0.80591893,1.4604654,-1.36188,0.5078065,-1.1365683,-1.4148233,-0.75127894,2.3212879,0.42709473,-0.3302775,-0.9155214,1.567562,2.4796739,1.5032854,0.8551947,-1.3297464,0.71980554,-2.1577199,-0.2563851,-0.006109992,-0.1536286,1.8645995,-1.250185,0.15328555,2.5581188,0.71472174,0.17613815,1.6286274,-1.4271761,0.8052161,-0.5130602,1.650987,0.161598,-1.2693651,-0.6590707,1.4334611,-0.31064743,-2.7602735,0.6373371
Q96B45	-1.9752355,0.4038503,2.044819,-1.9179995,1.4366839,1.5911697,-0.4631156,1.2071457,-1.1786271,0.079378985,-0.08269187,-0.7485796,-0.124822095,0.795053,-1.5992051,1.5248677,-0.46850812,-3.3809865,1.6038625,1.0312903,0.46453547,-1.239808,1.789562,1.8581209,0.9870431,0.7906482,-1.0301896,-2.1333213,-1.1796446,-1.1941621,-0.6746776,0.49447694,-1.6545134,0.71234334,0.81419426,1.4679998,-0.9703861,-4.5708933,-2.9746966,-1.0193192,0.12169476,1.7775196,-0.607035,-1.9491138,-0.38963825,-0.7524884,0.35824916,-0.06398403,0.66041774,-0.9288464,-1.4657779,1.3459665,-2.1440816,2.5166068,-1.217314,0.24706969,-0.31841946,-2.2431705,1.0623416,1.3791807,-0.5042856,-1.6868334,-2.3628347,1.1592351,0.30196163,-0.530567,-0.15306287,0.460659,1.5384734,1.6437008,0.945843,0.06624017,2.0267544,0.6638767,-2.8053026,-0.7840219,2.2996082,-0.7534669,0.15907125,-0.1928277,-0.077040285,-2.0464723,-1.3084778,-0.24252072,-0.56377983,0.5666144,0.24865815,1.5513285,-0.05424099,1.0419793,-1.410186,-0.7714,-0.006480186,1.208583,-0.05355758,-0.5555839,4.1590233,1.0658773,1.3104881,-2.1635964,-1.164572,-0.50239605,1.0465214,-1.8085233,-0.75095206,0.51949894,0.18847811,0.38648438,-0.68481076,-1.6629453,-0.43688828,1.2576872,-0.6560978,1.1027339,-2.0359678,-2.5684953,-0.80261743,-2.8088436,-1.4337326,-0.52615064,0.13618778,0.7005317,-1.8121368,-0.9985978,0.5746948,1.9618661,-0.9112687,-1.0860201,-0.32466772,1.2845007,1.194289,-1.3561045,0.75491995,-2.1290596,-0.20962515,1.7427768,2.6748083,-1.2210846,1.98017,1.057791,0.31421745,0.42779198,-1.1355501,-1.7118529,-2.2087321,0.8700825,0.81238323,-2.0778883,-2.0834868,1.6737224,0.8505885,-0.65630287,-3.11317,-0.6736837,0.3762437,1.8622649,0.48078015,2.7857323,-0.7199041,0.6450564,-0.57877266,-2.5209045,1.5234262,-1.5372198,2.811057,-1.346566,-0.59497577,-1.1909034,1.4882307,1.0549189,1.6175257,-1.4411374,0.5815336,-0.54747504,0.19293462,-2.00671,2.4731941,1.1757241,-3.7113655,-1.5162218,0.44338316,-1.6552496,1.4994117,0.22385432,0.28121033,2.7101228,-0.24317247,-0.55085933,-0.2640386,-0.80933464,2.0315518,-1.0395603,0.939671,-0.24625361,0.5829258,-1.8184172,0.14144897,0.06901903,-1.6126331,-0.64400077
Q6P1K2	-0.2118725,-1.0559422,0.27057028,-0.47882965,-0.49594343,0.30326006,0.38629782,0.3246458,1.1994216,-1.5502213,-0.047174435,1.0620115,0.38014522,-1.0234272,-0.47751823,1.0857887,-0.6706572,-0.47905925,-0.44753242,0.41712248,0.28297904,0.9213117,1.0179598,0.38497785,1.2044439,-0.39305174,-0.91987485,-0.28072777,-3.1567836,-0.54806286,-1.0805541,-0.6480273,-0.45989138,0.8541107,-0.14106913,0.09688667,0.389787,-2.0466137,-1.0728254,-1.2408258,1.4492402,1.9058131,-3.256559,-0.5266024,-0.22299221,1.1304963,0.5236686,0.70538247,-0.2889777,2.0546215,-0.8896889,0.8302795,-1.6162158,1.6454047,1.3071191,0.08194948,-1.462251,0.34194994,1.1505154,-0.23798431,-0.7802346,-0.87499285,-0.14187129,0.69177914,-1.3771086,-0.44600317,0.79844284,-0.72511256,1.0119914,0.19915067,-1.5649363,-1.5576352,0.8124413,1.8043362,-2.0762532,-1.1722898,0.070666924,-0.295699,-0.528957,-0.76888835,1.1122061,-0.7594541,-2.9684978,0.84983784,0.19488873,-0.59148616,0.20591629,-1.762623,0.46557203,2.3087454,1.0618262,-2.1116216,0.7683023,-0.033159092,-0.16916609,0.48366907,0.1860319,0.071998484,1.1102896,-1.6821989,0.31994578,0.36505175,-0.14443493,0.67236066,1.2540135,0.51183397,-0.039526768,-0.76884,0.118785895,0.13407898,0.5562615,1.8884312,-0.33050185,2.6878085,-1.1032679,-1.4235619,0.28088078,-0.43919381,-0.20678045,-1.2795612,-1.3435912,1.005144,-1.1210073,-1.2391008,-0.29567707,-0.17509712,-0.021512931,0.32074055,0.6056795,-0.21834287,-1.9291227,-1.8453107,-0.2751325,-0.5318055,3.266206,0.44440523,1.2406197,1.09605,-2.240251,-0.19412893,0.391232,-0.73877907,1.0469122,0.9065681,0.38125893,-1.0633237,0.42298016,-0.6564885,-1.3221244,-1.9444923,-1.5783079,0.44682834,-0.33150792,-0.012734354,-0.9124662,1.0894794,-0.50417763,2.5052457,0.47445282,0.6646086,-0.14567466,-0.06196882,2.5734386,-1.2548965,1.4823945,-1.0926341,-1.2240623,-1.1371517,3.4416015,1.1961433,-0.5598248,-2.199445,-0.29331732,2.2186966,-0.5148348,0.87323004,0.012235281,-0.03546145,-0.13969955,-0.31534666,1.1354756,-1.1440105,0.7892584,-0.8382971,-0.5796462,0.321646,-0.38177893,0.82423496,0.008818649,-1.5393218,-0.8370148,-0.78926265,-0.463619,1.585132,-1.776896,-0.50659156,0.79323024,-0.48001823,-1.1509691,0.45069012
P57081	0.37014708,-2.293039,1.5571434,-1.5477104,-0.5161993,-1.3384383,-2.032962,0.53706557,1.7904704,-1.3818861,-1.4122229,0.0934412,0.2881993,0.26696476,-1.7064686,-0.954592,-0.5408159,-1.436376,2.2833593,2.214308,0.6051193,-1.4252095,0.8015148,2.319933,1.5281055,0.051700525,-1.0583849,-0.40962753,-1.9406091,-0.0031326825,-2.9040895,-0.2078098,-0.72676086,1.0127094,0.20694976,0.5944123,-0.15387376,-3.5726776,-1.4171321,-0.8364383,-0.30547565,3.8019936,-2.531591,0.04123497,-1.5230643,0.79344493,-0.24223477,-0.2054174,2.0531783,1.7934335,-0.8562688,-0.6376796,-0.43225947,2.569887,-0.2601724,-0.09022951,-1.0391985,-1.6677166,1.8353046,-0.4635677,-1.6016303,-0.4523728,-1.9671181,2.2929614,-0.14942417,-0.79075235,-0.31622165,-1.0237606,1.5382751,0.89747006,-2.9125798,0.16506954,1.4236177,-0.49133956,-2.7859907,-1.283214,1.0054909,0.10300043,-0.18705136,-1.2028556,1.571324,-0.44631353,-2.0857184,0.94297135,-0.35581222,-1.7993182,-1.1772758,-0.05988647,-0.8511031,4.0470867,0.94613034,-2.494105,0.42526907,-1.0213219,-0.7833294,0.043520793,0.22791697,-1.5328285,1.2171326,-0.751017,1.1752298,1.3633398,-0.71655065,0.026554223,-0.59013087,0.0506172,0.26279637,0.93097144,-0.2978782,-1.9576856,-1.0361259,1.690715,0.69923127,2.6271665,1.2181304,-3.6855423,1.373966,1.1050682,0.43653783,-1.7966579,-1.5622607,1.7386093,-1.2797569,0.18850027,-0.6881271,-0.8082682,-0.19838065,-0.5783251,1.680541,-2.2473624,0.016491296,-1.4888177,0.16901411,-0.85408974,1.1978632,2.9234953,1.8287925,-0.30120534,0.9531304,0.36515918,1.2604898,1.227888,0.9890633,1.0536157,-1.3941014,-1.0295888,1.4019324,-0.29565114,-0.545041,1.5726063,0.12289734,-0.062415257,-1.8138314,0.7464656,0.9513094,0.1994937,1.4307519,1.2261745,-0.23086838,0.10429225,0.6555989,-1.0270196,1.8416902,-1.9241568,3.4384537,-0.080709696,0.08618397,-2.400815,3.4325268,1.9264034,0.75226444,-0.3844198,-1.0347972,2.5711303,0.22963797,-2.2229915,1.139097,-0.12865098,-2.5003278,0.39183283,1.1585457,-1.4635686,0.343127,-1.4942168,0.2989345,1.7147136,-1.235898,0.1550737,-0.8207999,-0.5844265,0.48598668,0.34469625,-0.04038377,1.9637082,-1.8473601,-0.0024577165,0.7488058,-0.30958664,-0.6221982,1.1706527
O95665	-0.3709998,-1.6494558,0.28735545,-2.2099686,2.1963656,1.7845752,2.2702975,1.4907435,-0.07907695,-2.058164,-0.15789188,-0.71760523,0.742027,-0.62371355,-0.9493497,1.058501,-1.0930485,-1.0172266,1.5962439,1.0947845,0.6438584,1.5150286,-0.007910489,-0.4657991,-1.5147421,-1.3175707,-0.030026002,-0.1144366,-4.188993,-0.015075824,0.9169416,1.3702595,2.0687697,0.48440403,-0.16817069,0.7906514,-0.59020925,-3.04438,-2.1186938,0.7052404,0.27958935,2.780558,-2.5992837,-1.2746457,-0.5277353,-0.8429169,-0.21210854,-1.1054397,-2.6134639,2.5336988,-0.81619203,0.2148628,-1.4797051,0.9721235,0.16148183,0.2793379,0.3914523,1.3059013,-0.3772384,-0.23657118,-1.5332981,-1.6480547,-0.22644396,1.7454708,-1.7813296,-1.8958923,1.6823204,0.83874774,1.6860893,-0.8776736,0.2766735,-1.6712503,1.6588833,-0.2714264,-0.65212303,-0.9987564,-1.42447,0.20727378,0.12571764,-0.073115386,-0.5589606,-1.1606107,-3.0579515,1.3630954,0.7862517,1.828663,-0.8288486,-2.079325,0.04061878,2.8733687,0.050771896,-1.9405601,0.35249525,-0.12498449,-3.1168916,0.11645152,0.9446154,0.26794815,0.57248706,-2.3611581,0.7991499,0.08073319,-1.4482367,-1.161658,1.7263405,0.12192702,0.10797618,0.50991756,0.108971156,-0.12867194,-1.2271072,1.3932611,-1.4435221,2.5690565,-1.681569,-2.006185,0.5742216,-0.80646724,0.87090456,-0.32859245,-1.4300559,0.7826263,-0.91735166,-1.9769198,-0.18874629,0.5078479,0.58793956,1.6614393,-0.86802834,0.18541259,-1.7903714,-1.7947423,2.5431435,0.50228083,2.404682,-0.0054819533,1.8460054,0.15672393,-1.6790842,1.0222211,-0.10156039,0.40427753,1.3177178,0.06564007,-0.30038965,0.15997118,2.2576654,-0.34350586,-1.2902157,0.66026396,0.33312333,-0.61924386,-0.28458682,-0.3115813,-0.23156464,1.7656947,-0.69584024,0.6992646,0.5135233,0.1652066,0.74460214,-1.6529914,2.564478,-2.2485158,-0.22711878,-2.9395735,0.33134803,-2.2062247,2.4103518,2.2654362,-0.07371169,-2.5487568,-0.26358804,2.1305897,3.0419781,1.0880064,-0.72761506,0.20768535,-0.95662254,0.4568934,-0.10886512,-1.485942,1.9656549,-1.1992846,1.4913576,1.4041623,0.19697316,-0.36557508,0.39806643,-2.6174934,0.73818976,-1.2649072,1.7458993,2.2117596,0.25392917,-2.3130078,0.4671065,0.8241987,-1.9794195,0.42264703
Q13163	-0.84028894,-0.7021629,-1.833219,0.12732592,0.15426251,0.86498374,1.1504103,0.8567785,0.2594716,-0.23691578,-0.47168612,-0.30784807,-0.42009255,-0.8193913,-2.7015502,1.3912302,0.5776941,-0.60823995,0.9751441,-0.08780188,-0.12988764,0.7372852,-0.78740877,-1.3427212,-2.0485542,-0.033262055,1.2169273,-0.2197957,-2.4300961,1.6560508,1.728183,-1.9877456,0.5093125,-1.2587793,-0.16624062,-0.17209531,0.82284844,-1.9175665,-2.115341,0.40444493,2.1092308,0.9262201,-3.0627346,-0.08267652,-0.036503598,-0.4442877,1.310185,-0.793079,-2.275081,1.9563819,-1.5646567,0.46525916,0.07716477,0.8975923,1.8110737,0.038810715,-0.5401821,0.6270896,-0.102352776,-0.15194659,1.6126119,1.6150949,-0.42329663,1.0136843,-0.1833582,-0.31321624,0.28929982,1.3052565,-0.18489791,-0.059555084,0.88807446,-2.3553293,1.5553193,-1.0815619,-0.18974742,-0.23639023,-0.20477402,-1.4813796,0.2899506,0.2703571,0.98215675,0.2534912,-2.6828957,-1.1906097,0.25525048,-1.3611685,0.011327221,-1.9461416,0.16349614,0.90985245,0.9732903,-1.6356773,1.8711463,0.84165114,0.2189849,0.55526584,-0.09460605,0.012764474,0.54640967,-0.9351156,0.6913659,0.23961173,-0.4359439,0.14066674,0.050136987,0.023727428,-0.68359995,-0.009865987,-1.403441,-0.2643318,-0.26254773,0.50403374,-0.72616524,0.94486344,1.3824112,-0.90123427,1.427889,-1.7244313,-1.4156852,0.27497062,-1.3369496,-0.89146113,-2.6011784,0.28297138,-1.2756927,0.83434093,-0.6268501,1.1876574,-0.6572097,0.45098975,-0.1229867,-0.17594601,1.5403874,-0.04265366,2.136324,0.8476741,2.7007892,0.63537997,-2.1172643,1.594151,0.57003653,0.60801965,0.77877647,-0.53717947,-0.4367791,1.5817317,1.056032,0.7667012,0.6213285,-1.2067124,1.251663,0.5428109,-0.052149035,0.12336128,-0.720474,0.90125686,-0.797478,2.1027174,1.0947638,0.891192,-1.6766074,1.3982242,0.50588864,-2.039917,-0.01651215,0.5569955,-1.0689949,-0.80323625,1.73801,-0.49361804,0.5688758,-1.6377157,0.93892264,0.22779132,0.36189887,1.8111682,-1.4641297,-0.351227,-1.3169954,1.1181551,-0.44583273,1.4014056,1.0277281,-1.3365645,-0.20192727,0.9232014,-0.37402335,0.67043364,0.863908,-0.19219138,0.8641926,0.45953938,0.16946432,-0.45077124,-0.12839913,-0.8767547,1.1736909,0.8464342,-1.4390525,-0.2655053
P62913	-1.2261082,1.2036879,-1.1502835,-1.8703113,-0.94819397,0.15618311,1.0259821,0.06677429,1.3871979,-0.7734997,-0.58156306,1.0413541,-1.5388672,-0.37582764,-2.044338,0.46442968,-0.79329574,-1.4435337,1.0279074,0.11171888,1.5279706,1.8343023,0.63922197,1.8712902,-0.7828502,0.67686415,0.64627916,-0.2268356,-2.1245477,-0.94664866,-1.2640846,-1.2077873,-0.3447441,-0.11476148,-0.8376242,0.5624325,1.4769443,-1.9566017,-1.3678894,0.7974253,1.8176463,1.8005778,-2.4470873,-1.0199326,-0.06728704,-0.47185436,1.191828,0.53224874,-1.2331983,0.20572664,-2.1341593,-0.81587076,-0.7562641,1.6330954,-0.60459775,2.424666,-0.8566455,-0.15926479,-0.26824197,-0.6859364,-0.41006613,-0.33049533,-0.62460756,0.22264554,0.46605554,0.21629606,0.57082105,0.8733425,-0.7374617,0.30536875,0.8133064,-1.6420631,2.3298635,-0.22389144,-0.01767949,-0.56519836,0.22128607,-0.76745987,1.0735186,-1.5032754,1.3801486,-0.36594626,-2.6084087,0.2815663,0.045576066,-1.0137986,-0.68051404,-0.624939,-0.4728843,1.7531312,0.12755048,-1.5384518,1.6106657,0.12268439,-0.03451907,0.063113384,1.0359883,1.0844758,0.2314116,-0.9987883,-0.099360295,1.26525,-1.0637474,1.0595571,0.3405433,-0.13807666,0.40212053,-1.7364775,-1.4755764,-0.03539727,1.0728931,0.4064755,-0.9606413,1.8363225,2.792875,-0.4199771,-0.11553347,-1.2823944,-0.7688087,0.88628554,-0.66238594,0.1971562,-1.8162135,-0.74819005,0.5401885,-1.4643317,0.09504915,0.43344364,-0.3487788,0.7044768,-0.15661938,-0.6712782,0.57591516,-0.7344522,2.1356156,1.406117,1.3453919,0.38875014,-1.5369301,1.1319268,-1.1233647,-0.37367168,0.57247823,1.7695352,-0.14496653,0.5046637,-0.15044269,-0.06469591,1.4274887,-0.3728534,0.30951294,-0.354824,-0.1044342,-1.0770155,0.4860246,0.10644568,-0.05342877,2.3168843,0.63352543,0.013557383,-2.2652476,-0.49837053,1.942456,-2.0446765,0.95785075,0.031402703,0.07695601,-0.898223,3.5674787,0.6503362,2.0592365,-1.3185866,-0.49646574,-0.7912088,-1.4123186,1.2478557,-0.12311614,-0.8921628,-1.2610973,0.5701117,0.96624357,0.41384616,-0.27357173,-0.712981,-1.261759,0.50636125,-0.6095678,-0.6123319,0.20068148,0.81692827,0.34356025,-0.53844815,-0.42187607,-0.0696943,3.9327253e-05,-0.41867638,0.45463482,1.769287,1.2552288,-0.35305476
Q14527	-0.34468815,-0.6983782,-0.941428,-1.3530422,-1.1526433,-0.39407605,0.3071268,0.23963042,1.4739732,-0.43069214,-0.7134651,0.30275092,-1.0705003,-0.020239774,-1.3543552,0.9461903,-1.5285091,-0.9448785,1.0891987,0.41112584,0.10432893,0.19843362,0.7752697,0.6130801,-0.56737995,-0.82372624,0.37850937,-1.0934598,-3.1512878,0.38432446,-1.0417744,-1.3874797,0.17712954,-1.1203812,-0.3331353,0.31488127,1.2017499,-2.3070908,-1.5564243,-0.94284976,1.6505748,1.9361049,-3.583181,-1.048945,-0.23527673,0.9724838,0.95701426,0.07026065,-0.84477425,1.7021679,-1.5675961,-0.14698039,-0.14292906,1.2838335,0.8262467,1.1387936,-1.1041785,0.7440903,0.29832944,-0.2066653,-0.5767878,0.08291498,0.4022821,0.6322492,-0.8115157,-0.51157314,0.7950968,0.3791931,0.3720872,0.35907993,0.7096787,-1.3704047,2.8814554,0.4667876,-0.92983115,-0.65136117,-0.6618033,-0.810034,0.31071743,-0.6305977,1.6197686,0.23814562,-2.5657036,-0.15662274,0.028937329,-0.6944802,-1.7381494,-1.6384898,-0.73710674,2.221563,1.0023713,-2.4038322,1.2189498,-0.40416837,-0.25278458,1.5440447,0.21924782,0.76583105,0.18800664,-1.1271985,-0.14189969,0.61564475,-0.97447765,0.39211878,0.69560015,-0.007008333,-0.16710001,-1.3691957,-0.95981747,-0.31152347,0.5846516,1.2749863,-1.1487192,2.2907064,2.7124183,-0.8976605,1.1405821,-0.5509655,-1.1092838,-0.058064464,-1.0061501,1.028496,-2.9210103,-0.9900312,-0.7632381,-0.55463785,0.55736643,1.8007226,0.7667712,-0.33795127,-2.1791885,-1.273383,1.0844699,-0.09141984,2.4100745,0.8222476,2.0491047,0.5874787,-1.946494,1.088098,-0.7107525,-0.4883129,2.0732176,1.4097342,0.21301104,1.3708122,0.67665803,0.4004129,0.67228216,-1.3006049,0.14245263,0.7019184,0.15787648,-1.0485448,0.181974,0.08164373,0.29997793,2.0510674,0.6208893,0.28420448,-1.3292998,-0.47800526,1.3471375,-1.8215702,0.31017494,-0.21517955,-0.6081249,-1.2305548,3.945516,1.2424935,0.5622909,-1.9444277,-1.3949183,0.91982514,-0.5830462,1.2337031,-1.1472521,-0.010079803,-0.9225366,0.31169766,0.28527522,0.1931138,0.3497883,-0.8684635,-0.44682875,-0.6371292,-0.83942485,1.0026062,-0.76890564,-0.59118146,0.07070552,0.31140447,-0.120893426,0.62749755,-0.6060772,-0.71568704,1.2246144,0.93653685,-0.16333441,-0.94829375
Q16553	-1.0961225,-0.92195386,0.88121563,-1.5706959,1.0587267,1.240053,0.5847671,0.9913726,0.61581206,-0.8922063,0.5564333,-0.57094896,-0.36618385,0.18021052,-0.96965456,1.2359375,-0.3565385,-1.5094997,2.84237,2.3970146,0.8834629,0.575158,-0.5664022,1.1765125,-1.6081359,-2.0200357,-0.48468357,0.17422052,-2.729625,-0.8277259,0.7801228,0.9196308,1.1569234,1.0377371,0.8568186,-0.032064825,-0.64108056,-3.6936262,-2.0426059,0.59029883,-0.723647,2.650196,-2.5227714,-1.0436053,-0.32495356,-1.6504223,0.6988238,-1.2289274,-1.6462681,1.3037537,0.02249928,-0.15621658,-1.0679417,1.3744649,-1.4047635,0.3983317,1.4921857,-1.1337188,1.2112293,0.9038575,-1.5713494,0.30495587,-1.5524691,2.2736423,-1.4268105,-2.402037,0.17087889,0.051005103,1.1173091,0.3497174,-0.1946627,-1.1556776,0.41187733,-0.72026837,-0.74291694,-2.6371446,-0.20861594,0.19643246,-1.5195175,0.9231357,0.28500828,-0.6517966,-2.0143118,0.54283994,0.10826898,2.3957906,-0.48401943,-0.547613,0.8771839,4.1248183,-0.10061996,-1.5802177,-0.60753936,-0.6697609,-2.2041585,0.57355887,1.951815,0.38317302,1.1681789,-1.9494709,1.4913175,-0.08264303,-0.6690852,-2.1596105,-0.5299029,0.5139906,0.20055808,-0.3377296,-1.1343584,-0.74319226,-3.353725,1.4658457,-1.3794137,3.0230844,-2.2397597,-1.0245646,1.4680693,-1.1587642,-0.13456891,-0.13434939,-0.76000017,0.8085958,-0.7131654,-0.119044006,1.1960719,1.1235281,0.13131627,-0.026402017,-1.1804266,-0.40860885,-0.51717573,-1.5162541,3.4510064,-0.8303726,2.086889,2.0609124,2.2921596,-1.451936,-0.44992986,1.4112296,0.12654263,3.2029943,-0.47280014,-0.46148998,-1.0622857,-0.48132983,1.8106849,-0.033478506,-1.9092758,1.3831738,0.6211818,-0.088593856,-1.4766313,-0.051743537,1.5485041,2.176266,0.053337116,0.6440358,-0.3928004,-0.98557234,1.3052111,-1.4896059,1.5128689,-2.6914282,1.32818,-3.0039418,-0.15424098,-1.090264,1.2371231,3.4903283,0.2709134,-2.0896957,0.55522823,0.907957,3.4782894,-0.58769006,0.84024453,-0.4681603,-1.5130868,0.40997696,-1.187086,0.36637086,2.4451363,-1.7831621,1.5868407,1.9930698,-1.9810073,-1.3415191,-0.23043548,-2.2555728,3.303996,-0.4194757,1.2055124,2.2180715,0.70260155,-1.9393157,0.9079553,0.73403054,-1.6631913,0.70007914
P0C5Y9	-0.93553764,-0.3978273,-0.64343685,-1.0729884,-0.9577778,-0.34339723,0.3345881,0.48044273,1.069209,-1.512489,-0.5822754,0.67482626,0.6476938,-0.4975908,-1.4715357,-0.042174935,-1.4584879,-1.566551,0.8173817,-0.00797914,-0.062159754,0.8354749,0.7237414,1.1509528,0.08244973,-0.1316054,-0.4006935,0.077876404,-3.365871,-0.25149217,-0.8383033,-0.15478487,-0.06251433,0.19966805,0.25723243,0.3979528,1.0309926,-2.2433012,-1.2562574,-1.0433288,0.55211544,0.9900829,-3.7570796,-0.54435915,0.08703291,1.3535454,0.52160394,0.32123607,-0.64880586,2.6828687,-0.54627293,0.11160768,-1.4145831,2.3040419,0.88397765,0.052745283,-2.0672123,-0.39504218,1.4479096,-0.40419912,-1.4081488,-1.2030449,0.11864237,0.23322721,-0.3448958,-0.93494093,0.7376374,-0.20273748,1.3406241,1.1372684,-1.7811009,-1.66934,1.1708009,0.80560774,-2.2946506,-2.3459988,0.53874093,-0.1277096,1.0919756,-1.2814797,0.1900961,0.05098506,-4.1343703,0.79799134,0.99306834,-0.10829656,-1.0219576,-2.1774368,-0.7416421,3.6903481,1.5746624,-1.8202933,1.0306108,-0.5097728,-0.22387713,0.9923029,0.16864477,-0.54990655,1.0029647,-1.3192153,-0.22561336,1.1770793,-0.27091745,-0.69099736,0.76823866,0.8541139,0.587464,-0.60658854,-1.0144324,0.18861523,-0.9284968,1.7533313,-0.5924477,2.1169136,0.4294953,-1.1019001,-0.53240824,-0.59272844,-0.07409389,-1.2271395,-1.5738482,1.6053296,-3.226404,-1.5307764,-0.48420382,0.68913746,-0.40891406,0.7446649,0.94837004,-0.92381936,-1.9017465,-0.35720342,0.39601716,-0.79567516,2.8330343,2.4866767,0.8444981,1.4077157,-1.876253,0.54567546,0.15758877,-0.46787912,0.99983776,1.051644,0.27621114,-1.0322206,0.8274971,1.2140195,-1.9035445,-1.4461716,-1.0197151,0.7371643,-0.08815151,-0.70496446,-0.72143966,0.36881974,-0.5380384,1.373204,0.3116444,-0.45054418,-0.71260405,1.0110168,1.4521228,-1.6714016,1.2406237,-0.97679204,-0.51215047,-2.0110195,3.5362682,1.2228686,-0.55976176,-1.5823313,-2.1671896,2.2154675,1.2527065,1.9154787,-0.34862456,-1.3661423,-0.70322144,0.64783114,0.3212029,-0.53796464,0.37067792,-1.6799078,0.5223351,-0.19052275,-0.56971806,0.6527984,-0.09818369,-1.460901,0.1708186,-0.46449873,0.21964933,1.1510271,-0.8155611,-1.3951201,0.009648949,0.6754486,-1.5084978,0.25781178
Q9Y2G2	-0.33533496,-0.43582007,-1.1460216,-1.2656616,-0.69334346,-0.07415174,0.6209826,1.3613944,0.9703178,-0.6256272,-0.8346874,-0.6182117,-1.2722602,-1.3881912,-2.9039109,0.22075485,0.91131115,-1.2818087,0.3499059,0.8955391,1.1883172,1.8313427,-0.49572152,-1.146168,-1.1337975,-0.08421636,0.70940465,-0.6355719,-3.8253808,0.24822132,2.055133,-1.5908005,-1.2642014,-0.9111889,-0.8943172,1.2332817,0.37270215,-3.5306706,-1.3567326,-0.5799341,0.790282,2.8491163,-1.4286553,-1.4857712,-0.9719091,-0.06279702,1.7829381,-0.5420392,-1.2655604,1.0307449,-0.784347,-1.1770444,0.27239522,1.2821182,0.65055865,0.98246336,-0.033715624,0.12831391,-0.8073011,-0.18193592,-0.19177255,1.844511,-0.9577241,2.523132,-0.2268204,-0.2489767,-1.0045136,0.35601133,-0.9259627,1.5509882,-0.18935546,-1.2984917,2.3855631,-1.9575721,0.76312107,-0.41401568,-0.72338134,-1.81438,1.7498341,0.5600739,0.041552573,0.79004323,-2.1697373,-0.67410165,0.023079772,-2.0543106,0.63458455,-1.1704408,-0.7840078,1.390927,0.52717775,-2.180448,1.9337498,0.13392745,-1.5885305,0.27432352,0.9509632,0.5642223,2.4058027,-0.39253387,-0.46736345,0.043931782,-1.8344617,0.8451068,-0.6513699,-0.209764,-0.14759591,1.3824047,-1.5160468,-2.635335,0.24336885,0.9963913,1.0058048,1.9051558,1.1794835,-0.21035637,1.5944613,-1.0449262,-1.7574707,-1.3211913,-1.1698813,-1.7127057,-1.5573846,-0.22807845,1.2645731,0.24928257,2.0448976,0.60482323,-1.3952376,0.22812517,0.46300587,-1.9320353,2.3174527,-1.5390171,1.5477971,-0.02366307,1.5905002,-0.23676653,-1.1628883,1.7023883,0.24882746,1.4606324,1.1153578,-0.64104325,-0.20002528,1.2945861,1.7697217,-0.63898164,1.1168399,-1.0705042,1.8265043,1.088554,-0.45901987,1.2937942,-0.61798906,0.99214464,-1.2116679,1.5743161,3.3000627,1.6628067,0.115412116,1.4316692,-0.59532833,-2.643909,0.60588413,0.058867857,-0.64868176,-0.57413197,1.2565287,0.68099284,1.337007,-1.8132272,-0.3666368,-1.6993252,1.4347394,-0.2039358,-0.9357576,-0.27179062,-1.5838398,0.93078595,0.50289077,2.052688,1.0034826,-0.80829006,0.7946749,0.9244061,-0.9310631,1.4635843,0.7058992,0.6329614,0.5748258,0.6652317,0.5286745,0.8126652,0.4860818,0.42307734,1.312908,0.122154966,-0.49220604,0.7862591
O75496	-0.08307324,0.21778618,-0.21163593,-0.17985207,-0.96211284,-0.77265894,-1.3822848,1.2750661,0.5616588,0.5019755,-0.21246174,-0.5748018,-1.4263768,-0.09984036,-1.0630375,1.3510424,0.1101171,-1.1985242,-0.3187138,-0.14528574,0.014959887,-0.14478242,-0.49680483,0.17541088,-0.8580303,-0.22474882,0.11126632,-1.040664,-3.3670998,1.0874246,-0.22660854,-1.8946714,-0.91367316,0.8835611,1.1527735,-0.41221726,-0.15606478,-3.3876529,-2.2024333,-0.7478573,0.34273893,2.2684202,-2.4562788,-0.80223197,0.7606748,-0.25680032,0.725287,-0.035864238,-0.44089085,1.394858,0.6046759,1.229306,-0.8263728,1.3213726,1.3806607,0.47755894,-0.98563427,-1.2813929,0.9696294,0.41658244,-1.0806808,1.2512876,-0.9922846,1.5788193,-0.297897,-0.24249019,-0.34022644,0.14677429,0.067536935,1.3832982,-0.48933277,-0.17327774,1.0832173,-0.72282153,-1.3168828,-2.001271,0.05139523,-0.30068853,-0.0110600535,0.13080785,0.9636996,0.098763414,-2.6817892,0.6888521,-0.1932632,-1.3743362,-0.6516217,-1.7390996,-1.1730583,2.7479427,0.42604902,-0.21531537,-0.04465851,0.7534377,-0.9537714,-0.23480548,0.99231106,-0.24598052,1.5283372,-1.2899945,-0.2766313,1.3223621,-1.1712624,-0.5674166,-0.19330825,0.9861305,-1.0184839,-0.54737496,-1.7197522,-1.0045187,-1.5506254,1.4880958,0.89213735,1.5063027,0.8532914,-1.5042377,0.37657666,0.09360943,-0.9995707,-1.1342914,-0.71785647,0.5635553,-1.7333744,0.38881043,-1.1027174,1.2622405,0.23170169,-0.55939037,-1.4830724,-0.8876434,0.09417831,-0.7421506,1.6520213,-0.6787893,2.4212704,1.3945545,1.7320076,1.5131838,-1.405872,1.7081786,1.6842343,1.8745469,1.363708,-0.15564425,-0.6180085,0.0522459,0.7881694,0.037607946,-0.83736473,-1.0146499,-0.98486716,0.58684653,-0.68358135,0.49969345,0.1625454,-0.051017802,0.92113525,1.3462734,0.60264796,0.080951564,-0.50807124,0.878476,2.0197177,-2.396233,1.4766372,0.6614137,-1.427014,-2.3951569,1.848771,0.27276394,-0.14209057,-2.0073063,-0.41786343,0.98993874,0.6392425,1.8236911,0.54532117,-0.89484555,-1.608053,0.7731925,-0.09268907,0.86767846,0.34748355,-3.0744028,0.056969605,-0.5421335,-1.9777871,-0.8856944,1.174096,-0.61481756,-0.14501743,-0.3688917,0.018752666,0.7428609,-0.9172222,-1.4560976,0.97251934,1.2308651,-0.6803186,-0.4665447
Q6ZMJ4	-1.1778575,-0.05188094,-0.6606956,-0.8070922,1.2977446,-0.0053216103,-0.34542653,0.82879347,0.3426529,0.71073604,-1.3344557,0.1641578,-1.6140916,-0.23207821,-3.2194169,0.63865894,0.9758441,-1.0377052,1.7246076,-0.29174736,1.6918776,0.112551205,-1.593527,-0.7984741,-3.7666788,-0.0482143,1.8387481,-0.11443354,-3.6727555,0.90909636,1.8942072,-0.6831486,1.0988495,-0.80777806,-0.6674981,-0.9546872,0.4612397,-2.984358,-3.121458,2.2357683,1.1094666,2.8465824,-1.6240287,0.055498853,0.25113907,-1.3528191,1.1837106,-0.5192266,-2.361392,1.1933365,-0.49329916,1.1230731,-0.7635033,0.27015272,0.20797496,2.016057,-1.0792049,0.7557187,-0.6733579,1.0682697,-0.0376491,0.73807186,-1.5304106,1.58213,0.51836306,-0.90189445,-0.44641343,0.88394535,0.13613346,0.041466713,1.3374475,-0.9738314,1.8928809,-2.3416176,0.13844441,-1.1065327,-1.831258,-1.0728259,0.8167951,0.57691145,-1.2386346,0.1258594,-3.5676434,-0.07658315,0.031563763,-1.9015523,-1.1307905,0.40767595,-1.4008961,2.674491,0.3596252,-0.3517051,-0.47891402,2.514383,-1.3913693,-0.07597463,1.0856333,0.4664685,1.3665445,-0.12839994,0.27631107,0.73438483,-2.992501,-0.66324776,-1.0016998,0.11310679,-0.39027917,0.785987,-1.839197,-0.46299767,-1.9997168,0.48635685,-0.18862578,-0.012901277,0.4999437,-1.6466061,0.39809647,0.5156834,-2.1088982,0.55150384,0.00884074,0.788485,-2.2377028,-0.3030255,-0.8706523,0.90333056,-0.7096562,-0.28098357,-2.1715534,0.18644884,0.2649729,-0.77175653,3.5999515,-0.40552682,1.0211476,1.9981694,3.0222435,0.123686776,0.254056,2.6320338,-0.15990904,2.014506,0.26391563,-0.54017407,-1.4508058,1.0423323,1.3916806,0.38644168,-0.21757285,0.40623567,2.0928802,-0.09436305,-1.3319528,0.2022751,0.11534043,0.6022172,0.17598045,0.6281733,1.0938456,0.104953416,-2.1315038,0.0064446214,1.2620717,-1.8373502,0.56222016,-0.37963265,-1.9614602,-0.8567248,1.13438,0.0723218,1.8031405,-0.7520385,-0.017679548,-1.2692201,1.7336112,0.7999125,-0.47182116,-1.0990425,-2.6474345,2.0412626,-1.0420113,1.562061,0.61875856,-2.656211,1.5008138,1.1223599,-1.6708444,-0.9423327,1.3104147,1.6491486,1.8688058,0.093931444,-0.0140417665,1.4834342,-0.036392655,-2.6201322,1.1775162,1.7271445,-1.4124473,-0.52990043
P20674	-1.1665261,-0.04758087,0.29379272,-2.8172283,0.13240752,1.7617444,1.3619443,2.208055,-1.5592316,0.10777269,0.6600209,-1.3458194,-1.5727844,0.5496955,-1.9011331,1.2806646,-0.40925437,-3.3936157,0.24607013,0.57045674,0.4230368,0.85271734,1.6294739,1.1834981,-0.30498418,0.13959336,0.4244424,-1.8738976,-2.4162173,-0.19851366,0.28061378,-0.52334285,-0.07846079,-0.16296762,-0.1057004,2.1185086,0.726019,-4.237323,-1.8599544,0.20406003,0.37986383,2.2316403,-1.0147989,-2.7690535,-0.25752944,-0.4887363,-0.3820554,-1.4797715,-1.2764281,-0.38990518,-1.6786863,-0.7125162,-1.3952001,1.6885325,0.1185216,1.7237883,-0.024497874,0.16318274,-0.7453961,1.0698218,-0.25022593,-1.9407611,-0.57835984,1.7463561,0.33047497,-0.028540552,0.9088104,1.8269857,-0.83242255,1.1051679,2.4645252,-0.8425965,3.3978844,-0.21615906,-0.5506959,-1.34485,0.24319221,-1.3659991,1.1690731,-0.6973524,0.22144963,-1.369779,-0.50900555,-0.7407519,-1.5877355,1.1287915,-0.5209541,-0.34659153,0.20428835,-0.45483214,-0.5237456,-2.1986635,1.1245439,-0.1350643,-1.5812817,-0.52745974,3.8123167,1.4350822,0.6540018,-2.005587,-1.3087991,-0.6419748,-0.12995268,-0.9906226,0.81657565,1.0337476,-0.2116331,-0.53449553,-1.3052071,-1.2420545,1.1490967,0.6470311,-1.0057862,2.3954089,-0.20072517,-0.22853617,0.29953656,-3.044054,-1.1535319,0.23388669,-0.23252204,-0.4282296,-0.9526142,-1.2944745,0.860289,1.3420644,1.3612329,0.94078064,-0.9336018,1.2475319,0.44664672,-2.3429053,1.8843284,-1.0430846,0.44424307,-0.39795393,1.3861427,-0.029573055,0.97529495,1.812728,-0.8830873,-0.48482704,0.7058601,-0.7773621,-0.59149945,2.3418386,2.0039592,-2.1442952,-0.49748096,1.2941177,0.42967612,-0.010860228,-0.23122197,-1.6757897,0.20542058,1.8509634,-1.2621778,1.9275469,0.41890216,2.2083623,-0.9225883,-3.219489,0.92849714,-1.2031177,0.20996504,-2.198199,0.5230978,-1.211183,2.164742,1.7741911,2.4214118,-2.4112792,0.4347501,-1.5968974,0.9222546,-0.2648945,-0.37493685,0.9471607,-2.1714618,-0.8042463,-0.06910957,-0.8859088,1.2412423,0.1042619,0.15951216,0.81546736,0.4752051,0.77822274,-1.3645891,-1.1334163,0.51970387,-1.7417665,1.2032747,0.23688152,3.0437016,-1.6781253,0.07707362,1.1928294,-0.19621973,-0.7215046
Q9Y303	0.9953722,-2.9665604,2.1670117,-1.6705047,0.8800905,-0.54600954,-2.2467892,1.5312687,2.4765394,-1.2046736,-2.2324255,-1.0772417,1.3727723,0.035628863,-1.2960742,0.18316671,-0.50785387,-0.23704019,4.117773,2.2838354,1.3628145,-2.4597015,0.4989663,-0.22967193,-1.1592041,-0.42157745,0.52767015,-0.74556434,-1.9710552,0.7942218,0.03632575,0.7167618,0.7744956,-0.14710179,-0.03341635,-0.4647488,-1.4226433,-3.356523,-1.2031832,-0.9167215,0.9948212,4.188724,-1.4859973,1.0276089,-0.33445632,-0.84289306,-0.15872382,-0.87717915,1.0562409,2.0096402,-2.2250106,0.4844288,0.97940546,2.0849948,-0.64592236,-0.36828265,-1.132302,0.02862326,0.7760146,0.705433,-0.6495556,0.35036257,-1.6472172,2.5885625,-0.6992949,-1.090142,-0.41464838,-1.2717178,1.8373356,0.6950107,-0.29911217,0.45625305,1.9163682,-0.082936764,-1.081761,0.28594005,-0.7561432,0.079756245,-1.3306456,-0.10786732,1.9210182,0.024218798,-2.829035,1.2441083,1.4663026,-0.9345379,-1.6281766,-0.83077073,-0.76636004,2.8299417,1.7158849,-0.7124263,-0.813074,-1.0986558,-1.2084281,0.7380945,0.004561519,-1.3339717,2.04085,-0.88882476,1.2227314,1.0202497,-1.9448075,0.6072198,-0.19261378,-0.538481,-0.9956301,0.6715869,-0.5643899,-2.7485957,-0.96615607,1.1037983,0.5510229,1.910395,-0.0016455044,-3.795732,2.756324,0.7082008,1.2098278,-0.81914926,-1.0091954,1.2291956,-1.463413,-0.9249061,-0.5336229,-0.26454574,-1.7539008,0.29974186,0.5171676,-1.3098422,-0.10557616,-0.8056088,2.2021825,0.18304001,2.756924,1.3699287,1.9926628,-0.46690968,0.44533616,1.9328349,2.4138923,0.79173565,1.3309553,0.05619505,-2.4928234,-0.1947208,2.1614282,0.23600236,0.48265308,1.01968,1.385994,-0.29605964,-1.3628334,1.7120198,-0.09511909,0.25285825,0.7394912,0.5819936,-0.7159835,-0.8629905,0.65301645,-0.45525333,1.3910714,-2.8335176,2.9237332,0.30735683,-1.65045,-1.7538799,2.3530538,1.0251099,0.25416124,-0.88034695,-1.0588186,2.9796395,0.98626274,-1.6356763,-0.016372923,-0.34734222,-3.179398,0.92193604,0.024768041,0.057842586,0.82069385,-2.2016807,0.26417202,1.8820662,-0.6813231,-0.4047577,0.28749093,-1.0998254,1.7067835,1.193978,0.5958866,1.973271,-2.727794,-0.26468724,1.5819855,0.24428782,-1.7815858,-0.08515093
Q53GS7	-0.28995636,0.44067532,0.7846783,-1.4674073,-0.70520586,-0.16146523,0.019243877,0.8787781,0.59583414,0.14427255,-0.86217386,0.3571477,-0.66488284,0.013082929,-1.042805,1.6271203,0.00015416533,-2.1657882,1.690104,0.80316764,1.6917604,-0.049008567,1.1768764,2.5348296,1.0706944,0.5211508,-0.6629749,-0.84163857,-0.76247096,-1.3589518,-1.9667658,-1.4406651,-1.6777221,0.9458835,0.8642738,0.8803243,0.27488613,-2.8823495,-1.5393647,-0.32133788,0.8362469,2.560991,-0.24776827,-1.1557422,0.7714501,-0.7930494,0.52460706,-0.32424745,0.6054915,-0.69523126,-1.3208793,-0.02400458,-1.6269358,1.3991328,-1.5664313,-0.15114528,-0.402657,-2.780142,0.44576633,0.23474911,-0.19363052,-0.22022147,-2.0740569,0.047039945,-0.3290409,-0.009029081,0.55146354,0.47593558,-0.93190205,1.3093911,-0.19118923,-0.8722751,1.680852,0.6685184,-1.6794164,-0.47478804,1.4858334,-0.3626557,-0.257007,-0.536461,2.2922423,-0.9304233,-1.1828923,0.18883473,-1.4671804,-1.1426958,0.14615041,-0.18161938,0.5049342,2.158737,0.44267887,-0.98222506,-0.6292739,-0.24246858,1.0398681,-0.04591039,2.352991,0.63511205,1.0781395,-1.7872467,-0.70197314,0.11600704,0.48869988,1.4537686,-0.77292705,-0.26740462,-0.6408972,-0.82113814,-1.8426089,-0.872513,0.6510703,1.1692772,-0.21967448,1.4407482,0.24598996,-1.5158818,0.41253057,-2.4803464,-0.12835753,-0.25232843,-0.32777992,-0.08347004,-0.977692,-0.13614482,0.2956876,-0.28581986,-1.267979,-0.8463419,-0.100955054,2.0147836,1.6608384,-0.49458215,0.8733591,-1.5529964,2.3035214,1.9976112,1.506343,-0.5789175,0.81058156,0.09714066,-0.5726851,0.84119344,-0.05678886,-0.19635217,-0.91841674,-0.6213703,0.10060649,-1.0180476,0.31248826,0.24814369,-0.111576796,0.40163857,-2.5699468,-0.40797684,1.9048243,1.2692463,0.5930014,2.822129,-0.77510554,-0.105213046,-0.7188625,-0.9589434,1.6120404,-3.1137497,2.547127,-0.06777986,0.15092589,-0.730837,3.0362365,0.28161958,1.763393,-1.7283151,1.4616106,0.064475544,-1.5860493,-0.82903576,0.50527245,0.07071383,-1.7664248,-0.54766595,0.012612535,-0.49213812,0.6178201,-0.4289247,-1.1006502,1.4610071,-1.1463025,-1.4572623,-0.5653295,0.48058885,1.3707591,0.037232544,-0.18850021,0.45953104,-1.250039,-0.57669884,0.41183487,0.8056303,0.75978905,-0.43762362
Q2M1Z3	-1.0995861,-0.83515096,1.1561707,-1.692685,0.15128866,1.5148103,2.3399396,2.2387156,0.4448952,-0.52357656,-0.03451308,-0.7979041,-0.7082053,-1.1456401,-1.3166679,1.2346749,-0.4471248,-1.9960518,0.6774123,0.8719008,0.52497655,0.8360106,0.8997526,0.14672875,-0.6452405,-0.27771175,0.6938732,-0.09640156,-2.7917285,0.11763079,1.480799,0.0048861415,-0.37668937,-0.6145087,-0.10105244,1.9883534,-0.41546422,-4.065691,-1.1266501,-0.40566352,1.1648837,2.3100846,-2.0190697,-2.4000018,-0.66275495,-0.29430664,0.91614753,-0.54973894,-2.5337179,0.78412443,-2.5740125,-1.403435,-1.4402012,2.020582,-0.038890902,0.96086955,1.9010639,-0.3219013,-0.008225644,-0.52592915,0.2525554,-0.16089973,-1.211786,1.0830637,-1.4270799,-1.6004128,0.12994367,0.6102245,0.1664179,0.73984206,0.29685143,-2.2744892,3.2665675,0.16221948,-0.4767777,0.93655896,0.8875731,-0.93623,0.44622135,-1.2062922,1.6826731,0.53146493,-1.334803,-0.56887114,0.08647976,0.60541636,0.93640727,0.07958238,0.5209851,0.79641414,-0.10285215,-2.779733,2.5401542,-0.3073055,-1.4443849,-0.1891749,2.0250688,-0.010685439,-0.034037344,-2.0231755,0.48856473,-0.50439084,-0.783876,-0.8227052,-1.0053941,0.3273401,0.71118414,-0.1272448,-1.1135867,-2.8625286,-0.6024444,0.55863374,0.056727316,2.0759172,-0.16217017,-0.6666714,2.0708551,-2.9546566,-0.28572306,-0.16836469,-0.7225374,-0.61014235,-1.661114,-1.8041576,1.5367032,0.25789243,1.749775,0.9907632,-0.6802427,0.94790477,0.26767424,-1.0468891,1.5260062,-1.7717146,2.2996576,0.08924644,0.7893955,-0.25127167,-1.147736,1.6816057,-0.28529975,1.1301324,1.0166398,-0.9034283,-1.4132813,1.0231792,2.2919312,-0.88198537,0.2324341,-0.19325608,1.4502361,-0.20026396,-1.8063427,-2.111805,0.9027563,1.2334119,-2.2210412,2.8096788,1.172103,1.3913462,-0.172825,-0.045027014,1.0667887,-3.108349,1.2214994,-1.7565644,1.0847363,-1.1303254,1.8519033,1.3410084,1.4276348,-2.5982842,1.1669039,-0.59376544,1.9884365,-1.1501565,-0.5989129,1.4106932,-1.4746952,-0.92399293,0.61244464,0.31770292,1.8120228,0.60895866,0.21246658,2.1352727,1.1333072,1.0627196,-0.17957853,-0.95714086,1.0456597,-0.6516123,1.3111485,-0.34879312,1.571726,-0.33640757,0.8181319,-0.625037,-0.61033297,0.93078905
P09874	-0.50198966,0.017759664,-1.494909,-0.6849302,-0.42552885,0.29803956,-0.3097436,0.08731261,0.9551632,-0.21976407,-0.6770434,1.5750592,-0.52668226,-0.06027073,-1.4814287,1.378817,-0.54337335,-1.1591874,0.52313775,-0.38161567,0.16789483,0.50683874,0.8959525,-0.14001074,-0.3381799,0.6390565,-0.33661726,-0.7860548,-2.9062927,-0.07194065,-0.9456134,-1.7297937,-1.3422414,-0.007278636,-0.12192797,0.27039102,0.9023891,-2.0176046,-2.2719676,0.17565449,0.8419858,1.1927841,-2.154984,-0.08551664,0.119447835,0.12402954,0.13073485,0.7564654,-0.4897027,1.093944,0.013287645,1.157946,-0.5431829,0.7531164,0.72598845,0.77846503,-1.8945516,-0.1309285,0.21142523,-0.26018104,-0.16929011,0.2180182,-0.09183494,0.5900507,-0.038753092,0.5325352,0.8607044,0.045022275,0.47137278,1.0188634,-0.9730627,-0.80427027,1.0479075,1.0146369,-1.6606051,-1.1838269,-1.0644927,-0.82790536,0.6620244,0.25066334,0.028981477,-0.8186942,-3.0358913,-0.07014869,-0.16435283,-2.3580916,-0.9208983,-1.9256858,-1.6798763,2.0482087,0.84451187,-1.5648508,1.4882048,0.76452243,0.775762,1.5130339,0.5197676,1.312979,1.1552821,-0.4842675,-1.4786047,0.8071956,-0.76629263,0.9200145,1.0890962,-0.17070942,-0.22815081,-0.38879085,-0.5471449,0.24636124,0.6312806,1.5267553,-1.0856227,1.3146695,1.3144802,-0.47859666,-1.0565197,-0.04651056,-1.6941397,-0.55870545,-0.7109296,0.5875849,-2.4712543,-0.6263367,-1.546312,-0.10483085,-0.13607587,0.8450408,0.64982235,0.05583977,-0.1624409,-1.9110126,0.6034768,0.053628042,1.7668364,0.08564054,2.31356,0.4961604,-0.93101203,-0.34454203,0.17689028,-0.32541785,0.46547407,0.74707985,1.3528049,0.77903944,0.22524785,0.052464176,0.09915957,-1.7377312,-0.6573818,0.73257995,-0.070365876,0.7972804,-0.1047787,0.86592025,1.055203,1.5019206,0.97805357,0.5302705,-1.0053408,0.6301692,1.0602489,-0.86909413,0.40164334,0.72201604,-1.6821451,-0.6228682,3.4946976,0.08299151,0.36622307,-0.46530256,-1.1949564,0.722609,-1.5211668,1.9682766,-0.82656324,-0.5305951,-1.2183591,0.6306475,0.76774985,0.28456476,0.5277265,-0.92613786,-0.62211037,0.21892227,-1.0960227,0.41311163,0.20986716,-0.35464033,-0.58178616,-0.10645624,-0.3919794,0.8617965,-1.3647424,-0.9514613,0.93855107,0.60761005,0.33346704,-0.49029118
P14616	-1.2826663,-2.0400455,-0.6174247,-1.3758016,1.7233672,2.260611,0.48004454,1.8187785,-0.05981952,-1.7982609,-0.5930381,0.3846262,0.0011264549,-0.63310003,-2.6481779,1.0445415,0.06628899,-2.4510274,2.3076248,0.5084712,-0.14420785,0.33803323,0.10875828,-1.384069,-2.4434683,-0.17720953,0.231805,-1.0962868,-2.6017897,1.7501079,1.8170046,-0.16065404,1.047435,-0.21658671,0.033260755,-0.09924415,0.7753195,-3.3444784,-2.743361,-0.15659936,0.4868292,2.0004513,-2.5593953,-0.93978655,-0.752235,-1.1849751,0.863761,-1.155977,-1.863017,1.3178723,-1.2097266,0.6237026,-1.3388027,1.5448197,1.7379808,-1.4148971,-0.14067031,1.0734135,0.34536824,-0.3071069,1.2569087,0.41528115,-2.3225431,1.6091609,0.50138974,-1.3849611,-0.26071498,1.2825773,1.4104995,0.9415686,-0.43575644,-1.6253983,1.115295,-0.43033752,-1.6516734,-1.2176007,0.089092806,-1.5846679,0.81229323,-0.03198892,-1.040744,-1.196853,-2.950769,-1.1093296,0.7369029,0.13717353,-1.1338809,-1.086351,-0.09842117,1.9729358,-0.31773403,-1.8845125,1.9065521,1.2115867,-0.8406615,-0.19537188,1.3308744,-0.9054191,0.4020801,-1.1107364,0.628531,-0.66860324,-0.08466808,-0.8696411,1.3351598,-0.2916294,-0.41450715,-0.27864882,-0.32574385,-0.38771743,-0.38065127,1.4372298,-0.7358585,1.4514942,-0.6761825,-1.246417,0.12536652,-2.3102608,-1.3219479,-0.10039003,-0.9760109,-0.45533407,-2.6793473,-0.3875421,-1.2960445,2.1520739,-1.4933531,1.2420055,-0.3358208,-0.08579292,-1.318458,-0.23567824,1.67633,0.015350479,0.19877157,1.1823187,2.4606638,0.015400938,-2.082895,0.85486007,2.145233,0.21176748,0.61172086,-0.98470145,-1.0768605,1.3379269,1.8231605,0.42456773,-1.0833322,-0.25667983,1.7547575,0.33969128,-0.6223392,0.060106847,-0.34498307,0.7736655,-0.6710777,1.3652163,1.2344229,1.5001844,-0.83658755,0.090618975,1.822837,-1.44752,1.300529,-0.10265966,-0.84142166,-2.0344741,1.2843829,1.3356111,0.7966693,-1.0972042,0.7563569,0.220387,1.6169392,0.09074318,0.15591158,-0.27254847,-2.3225381,0.65730494,1.2699049,0.9173658,1.9569452,-0.93565845,0.89974535,1.9923891,-0.37004048,0.862687,0.7486258,-2.0768445,1.2159362,-0.5110607,1.8093897,0.54332775,0.25551414,-2.365343,0.28617248,-0.21165973,-2.4121928,0.119068556
P08047	-0.89753956,0.16368131,-1.6672316,-0.6466202,-0.7372982,-0.34015787,1.0499829,-0.2557708,0.9006517,-0.7432177,-0.5313989,1.1444962,-0.11746996,-0.6347659,-1.6413753,0.97289145,-0.7507536,-1.093252,-0.41181374,-0.8914792,-0.112478,0.68255323,0.5346446,-0.33708015,-0.5052924,0.037140172,0.19378272,0.19504032,-3.658379,0.18645734,0.09730607,-1.6039499,-0.59326774,-0.8174176,-0.68458885,0.26775393,1.4207281,-1.3637979,-1.8496151,0.012154299,1.7124827,1.0046617,-3.0218556,-0.3431246,-0.12361642,1.009908,0.49325135,0.96114385,-1.7234898,1.6345967,-0.8459696,0.749183,-0.93269277,0.3031054,1.5656192,1.1942993,-2.1112142,0.96776164,-0.26284793,-0.70086193,-0.19527337,-0.21208332,0.88060033,0.6390862,-0.23790497,0.025179926,0.8058492,0.52574307,0.5571136,0.026931904,-0.43334422,-2.151239,1.7560004,0.57179886,-1.0286621,-1.2664651,-1.2371095,-0.41687652,1.9105977,-0.031854168,0.015618379,-0.26658392,-3.8717616,-0.31844464,0.13360287,-1.7869519,-0.8789431,-2.1471007,-1.2737232,1.5875926,1.0439973,-2.1895943,1.6997175,1.2247115,-0.18914093,0.80930024,0.065668255,1.2508073,0.67076874,-1.0980375,-0.8704976,0.68148637,-0.8614179,0.05939006,0.9462187,-0.040328797,0.48791265,-0.393903,-0.6865354,0.3044965,0.38808668,1.4407749,-0.94860333,0.99653095,1.610843,-0.18877128,-0.57874596,-0.5103672,-1.1623676,-0.5588187,-1.0892246,0.80913377,-3.222158,-1.2581193,-0.8891819,-0.08397842,0.10255003,0.75370955,-0.09800372,-0.038045954,-1.9489685,-1.5029006,0.17828715,-0.33670896,2.3389838,0.42500675,1.766928,0.9028337,-2.0496569,0.8028639,-0.8568819,-0.39370728,1.0574311,0.7446603,1.2120944,0.9397158,0.065184005,0.45414725,0.020958511,-1.8166625,-0.6462242,0.6720419,0.32689878,-0.10618345,-0.35210493,0.6862147,-0.50512093,1.941517,1.3245603,0.57288444,-2.08429,0.61202,1.1285024,-0.62576693,0.09687552,-0.47967893,-1.0995517,-1.0616417,3.2406204,0.80521166,0.28027758,-1.4002541,-0.9866352,0.5494714,-0.61112887,2.3886344,-1.21706,-0.71789837,-0.84458613,0.7568996,0.069552675,0.48668733,0.2195723,-1.0851771,-0.387226,-0.43185234,-0.669145,0.86928695,0.41174302,-0.049481053,-0.38022462,-0.48218387,-0.20767018,0.6693061,-0.26560792,-1.0707961,0.9594764,0.8674841,-0.6280746,-0.4977911
Q9Y6X3	-0.57136995,-0.66215736,0.82987994,-0.6401218,-1.5835944,-0.41884556,-0.4674471,0.82482505,-0.22683457,-0.7560375,0.65002054,0.5801325,-0.07416817,1.2073721,-0.39751068,1.1092939,-1.0285437,-1.0350939,1.2470899,0.60584754,-0.6992337,-0.009868916,0.6599669,1.0015467,1.0632409,-0.39932492,-0.9281387,-1.5166752,-2.952373,-0.85006833,-2.5919783,-0.24758369,-0.31315488,1.0251807,1.2052205,0.5897083,0.41833603,-3.6059518,-1.6275543,-1.9849615,1.2519095,1.1329714,-4.162679,-1.1263866,0.29324642,1.6681584,0.47270733,-0.29370743,0.049689606,1.3627299,-0.68457794,0.15973626,-1.437374,3.1479702,0.15758343,0.7508215,0.003209429,-1.5093563,2.5981066,1.5353217,-2.6021502,-0.38680178,-0.7371166,1.140848,-0.582632,-1.2365438,0.5695239,-0.011008181,0.9237653,1.5265311,-1.444046,-0.36392036,1.159813,0.59563977,-2.7981865,-0.31120697,0.04346777,-0.16535813,-2.2864184,-1.0247802,1.7903692,-0.59733963,-1.2567451,0.99762106,-0.6533844,-0.6475294,-0.40148926,-1.1589609,0.70344573,3.143787,0.8302831,-1.708894,1.0483285,-0.3609114,0.12452809,0.93362164,1.5402967,-0.07884384,1.4986572,-1.0140252,0.63193876,1.1416402,-0.5104252,-1.0037416,-0.56891936,1.3186185,0.49861437,-1.9924529,-0.58966684,-0.78895307,-0.84423476,1.5457386,-1.0091758,3.2700133,-0.5262171,-1.894302,0.8768938,0.08789255,-1.3634915,-0.8389357,-1.5215099,1.5671657,-1.1060994,-0.5564541,0.5858364,-1.0801238,0.7393452,0.72536606,0.7239257,-1.5137048,-0.74211323,-1.9780486,0.031510178,-0.85891867,2.3664994,1.3206732,1.2103751,0.50725204,-0.81844556,-0.0064809946,0.49907538,0.024673624,1.0425386,0.82734704,-0.17469762,-1.0712888,1.1988716,-1.1831149,-2.7201138,-1.5344467,-1.5117527,0.5302135,-0.88744175,-1.1365349,-0.509338,0.9669924,0.7520821,2.0269706,-0.24296302,-0.23560451,0.25775564,-1.5973148,2.094082,-1.3614948,3.140432,-0.96767527,-1.3522187,-1.0611918,3.2382147,1.5518035,0.24894324,-2.2500272,-1.3134415,2.503212,0.65262234,0.9971344,1.3955157,0.8947875,-0.9962225,-0.4747543,1.0430773,-1.4210619,0.9595695,-1.4068916,0.046589654,0.781076,-0.26877406,-0.24241617,-0.88140315,-1.5333683,-0.5773618,-0.6815646,-0.06967097,1.2863137,-1.3420206,-1.2924427,1.2136474,-0.30316046,-2.2262955,0.8682065
P48735	-0.41369116,-1.2977365,0.6359539,-0.7448307,0.5514864,0.28119138,-1.2557254,0.79860395,1.0881449,0.058281362,-2.3269742,-0.06827411,0.16229673,0.41644803,-2.543888,1.5792867,-0.036590576,-0.41266978,3.1893396,-0.020068908,2.1032813,-2.0181606,1.0238161,0.21211223,-1.4995966,0.62215936,1.487484,-1.0255836,-0.93828744,-0.49185854,0.082743935,-1.3033355,0.66426814,-1.0651097,-0.68218565,-0.4622248,-1.2301812,-2.34067,-2.537047,1.5458268,2.4444191,3.370765,-0.42864883,0.88788223,0.6268111,-2.0405834,0.15419967,-0.3292865,0.02945929,-0.08502594,-1.7249041,1.7117269,1.23505,-0.14774786,-0.2129406,0.44215992,-1.99317,0.29194632,-0.0962574,1.8169441,1.3270568,0.72278965,-1.5758731,0.911767,0.11762708,0.23347718,0.03860099,-0.71164066,0.6078558,-0.1012685,1.7981843,-0.14898358,2.562222,0.85714316,-0.68050796,0.034979,-1.3779037,-0.8010629,-0.26625025,1.1038896,1.2973688,0.13157816,-2.407096,-0.30389097,-0.03912407,-2.794059,-1.2615285,0.14975536,-1.4163208,0.76449317,0.637282,-0.3243663,-0.6129235,0.6754012,0.5194944,0.93095213,0.9277516,0.54190534,1.2406839,0.32290664,-0.006106233,-0.03408157,-2.3253348,2.1322699,-0.5424222,-0.7715689,-1.4852114,-0.22182983,-0.9341349,-1.272681,0.41933423,1.0309325,-0.43555656,0.6378699,0.8657694,-2.3752427,0.9236212,-1.0178428,-0.93242806,1.1622615,0.11960085,0.68753636,-1.3783584,-0.6770987,-2.2504892,-0.27042547,-2.9312453,0.32220364,0.83184564,0.96023315,0.1710302,-0.667282,2.4222095,-0.06857719,1.7296289,1.1275212,3.3138518,-0.2518399,1.3766484,1.164887,0.42196685,0.30258292,0.35138768,-0.6384912,-0.8596025,1.4074223,0.74443483,-0.101361714,1.8975742,-1.2644385,2.276548,-0.6916317,-0.89796406,0.93774706,0.619854,0.72041553,0.18659633,1.0446771,-0.1272774,-0.8997412,-1.8554097,-0.4775794,2.1498947,-2.7430265,1.5525911,0.96280146,-2.7943537,0.037283782,1.9112291,-0.88449675,1.6937741,0.47480905,0.2817641,0.883643,-1.5362335,-0.27920222,-1.3800615,1.328521,-3.1805003,0.7990648,-0.16897784,1.1214011,0.5939522,-1.7540958,-0.5361655,1.8301083,-2.0816877,-0.13929115,0.05513407,0.612136,1.4540769,0.5098182,0.14079976,0.9574743,-2.6510608,-1.5927596,1.8973578,1.4195611,-0.42725986,-1.0484459
Q96LT7	-1.8173407,1.2623932,0.30535838,-0.13689794,-0.014190705,1.4947933,0.98525965,0.72873414,-0.08619402,0.45814645,0.2412069,-0.09428369,0.5179249,-0.7030891,-1.206243,2.3331254,-0.09436973,-1.7862418,0.94030404,-0.44119915,-0.01577484,-0.452288,0.36999306,0.32644877,0.5974844,1.0805033,0.7474853,0.32544965,-1.1210872,0.10783277,-0.15256171,-1.1675367,-1.8293077,0.5946798,0.38783696,0.59200025,0.28786403,-2.3281045,-1.5985754,0.9496359,1.47875,0.5278789,-0.8323581,0.06298624,1.8415734,-1.3372216,0.55104816,0.8191891,-1.9805125,-0.40737563,-2.0117865,1.0455251,-2.0395448,1.021879,-0.8741623,-0.32876506,-0.26084366,-2.7096062,-0.0891954,-0.30617636,0.72800684,-0.12155185,-0.731501,-0.31084046,0.7459861,-0.5302437,1.5335064,0.8904002,0.015802516,0.9356764,0.6523784,-2.17316,0.7187748,0.7029655,-2.2216554,-0.5481384,2.3987942,-0.94507504,0.12628016,0.50346,1.6209916,-0.7789565,-1.8802761,0.043756172,-0.4025839,-2.028884,0.86404794,-1.6637516,0.14961602,0.16439739,0.7396048,-0.66182774,1.6528337,1.8152245,2.002923,0.16345008,1.7138021,0.7983457,1.7686771,-1.8850955,0.038131323,0.74994314,0.6334649,0.31055066,-2.1328015,0.12711206,-0.72613275,-0.2527469,-1.3915274,-0.41521665,0.05573013,1.0416746,-0.6085888,0.28166765,-1.4282297,-1.3093104,-0.5048458,-1.926131,-0.27417693,0.14141001,-0.03604165,-0.2532971,-2.3807204,-1.024627,-0.057181016,0.33922133,-2.1937168,-0.82602495,0.4287366,1.6470085,1.8385088,-0.22078542,-0.14647998,-2.3054268,1.7786304,1.3332536,1.4474065,-0.13246693,-0.07141138,0.2113874,-0.16772263,-0.14867184,-1.5283713,-2.1027677,0.18704851,-0.7939233,-0.08642899,-0.06468391,-0.9847728,-2.2036257,0.32152873,-0.5804885,-2.0353203,-0.16715066,-0.091056176,2.1279154,-0.26337484,2.3774178,0.07055992,-0.5071388,-2.0425024,1.2299769,0.50292194,-2.3497128,2.0639045,0.04903052,-0.30442867,0.039857186,2.486075,-0.58821875,1.6699746,-0.84157085,1.9393508,0.5730328,-0.9322078,0.7160109,0.2653158,0.2739226,-1.9649906,-0.10211458,0.116560146,0.37934732,0.6178696,-0.8990439,0.145265,2.234305,-0.395305,-0.6005928,1.972082,0.7800618,1.2429758,-0.053653482,0.19671251,-1.0605795,-1.3543464,-0.71909964,0.66180986,0.7771522,-1.7034258,0.61575305
Q9P0W2	-1.1397561,-0.023048036,0.70129937,-1.3432895,-0.94412,0.07165513,-0.056619745,0.45460445,1.222658,-0.7936221,-0.20049119,0.71589833,-1.1574796,0.011835338,-0.53591216,-0.09608027,-0.7232066,-1.2203614,0.18459284,0.2262286,0.567438,0.3708385,-0.036640964,1.9840405,0.5763753,-0.4636963,-0.11153351,-0.7543132,-2.4450638,-1.3195134,-1.4909347,-0.6301316,0.40886495,0.9781697,-0.5314738,-0.7297552,0.98885566,-1.7221328,-1.2143075,-0.2424714,1.4650286,1.8237765,-4.19465,-1.440666,-0.07213476,1.167517,0.5597013,0.5269424,0.10884119,1.2838836,-1.659855,0.44803828,-1.106478,1.8938769,1.1087843,1.9711701,-0.6408295,-0.75870854,1.6755048,0.7017617,-1.6425406,-0.7946377,-0.738207,0.72652197,0.11085329,-1.3291643,0.28658125,-0.3565393,1.0705935,-0.586375,0.6417348,-1.3750855,0.9651618,0.3271148,-1.8876623,-2.1399152,0.8729426,0.24259974,-0.20796713,-0.8403456,1.2140924,-0.80406004,-2.5600808,0.20887537,0.20171873,-0.05429922,-0.26543063,-0.58616126,1.4092709,2.0933795,0.46888286,-1.5283971,0.11592709,-0.15200205,0.29699883,0.6608681,0.75199777,0.45411387,0.10928238,-1.5386581,1.2166225,0.54736507,0.01341521,-0.34561038,0.48137558,0.8318542,0.1472653,-1.6458114,-1.004653,0.6627225,0.19243516,1.9274714,-0.71725535,2.5089521,0.13286841,-1.8725494,0.39756715,-0.5880065,-0.711219,-0.550266,-1.2753664,2.099488,-1.1662161,-0.44762808,-0.10561883,-0.57931745,-1.0202191,0.3635181,0.9148534,-1.1583124,-1.6222441,-1.4686157,-0.020723958,-1.9594216,1.9741794,2.6397808,1.509519,0.6828664,-0.25227204,0.38730448,-0.5406148,-0.2261428,0.31773287,1.0620492,0.3793487,-1.3877413,0.038897727,-0.6096645,-1.4116187,-0.035016034,-0.76593757,-0.66123945,-0.7245483,-2.1771867,-0.0067002783,0.68931377,0.46435365,1.8366452,-0.3208744,-0.114832476,-1.1729193,-0.9662399,2.4714763,-1.0530994,1.6005329,-1.4736279,-0.40938392,-1.9459338,3.4533725,1.4479803,0.62935835,-2.379695,-1.4531648,1.278699,-0.15912566,0.99202317,0.8489477,-0.79744965,-0.8386348,-0.29772085,0.28381303,-1.1499584,-0.32900178,-2.231992,-0.5194175,-0.09214179,-1.3211187,-0.04680535,-0.4406985,-0.80611837,-0.15473454,-0.71403974,-0.40052012,1.5337086,-0.61855525,-1.2854491,0.64622766,1.638897,-1.3059653,-0.09080149
Q06455	-0.5147198,1.0308164,0.9596607,-0.13892832,-1.8395326,-1.2207409,-1.2108438,1.2028695,0.39682567,0.8111414,-0.22391313,-0.4967581,-1.939372,0.591158,-0.58916134,1.4548534,-0.120731615,-0.5942232,-0.72345936,0.30952802,1.0650636,-0.37242493,-0.07798357,1.6177275,-0.5043141,-0.5387568,1.12217,-0.32272172,-3.0764866,-0.4606044,-0.86023647,-1.7899941,-0.1700714,0.5555675,0.13479875,-0.21548809,0.44366726,-3.2859774,-1.673284,-0.037214138,1.465633,2.4951506,-2.9981992,-0.8884727,0.94618905,0.6603461,1.1894569,0.03373457,-0.33598164,1.2590274,-0.34821275,-0.038191624,-0.5972784,0.8537931,0.6949282,2.2062201,-0.814396,-1.0949928,1.1264787,1.1474454,-1.1064824,0.5611386,-0.2678534,1.348478,-0.6585278,-0.5050503,-0.6112184,-0.048918474,-0.5918445,0.38822225,0.80640733,-0.4733092,2.1205833,-0.73270184,-0.5150176,-0.92826575,-0.76797396,-0.29797235,-0.2646286,-0.29283297,2.039596,0.19095232,-2.4715297,0.763534,-0.53018004,-1.3628117,-0.71365815,-1.1629168,-0.41376352,2.4168851,0.883539,-1.3292167,-0.40150356,0.15710777,-0.8361006,0.86389434,0.98460823,0.8624891,1.4773039,-1.2630403,0.5930008,0.813811,-1.8911209,-0.32685432,-0.81076664,1.1383713,-0.46003664,-1.7639687,-1.532391,-1.1841706,-0.7901853,1.051444,0.029893331,2.2540424,0.7219837,-1.6451579,1.798385,0.18874133,-0.93225855,0.00024818568,-0.4299643,0.7277531,-1.0470589,-0.42202842,-0.095194995,-0.2942876,0.9927304,-0.44001532,-0.76963276,-0.5584962,-0.13139606,-1.6926335,1.5193919,-0.9197904,3.0818257,1.2205534,1.4748492,0.69174564,-1.1276755,2.4452803,-0.68463856,1.0031248,1.1493639,0.27224255,-0.32404464,-0.081083335,1.1822251,-0.39721555,-0.47593528,-1.6148268,-0.72253984,0.021559061,-0.3876046,-1.2674664,0.3497484,-0.064858004,0.54485244,1.9906812,0.13581662,-0.3937173,-1.143994,-0.11146841,2.1320431,-2.0909762,1.9421349,-0.45114824,-1.098794,-0.8953737,2.660826,0.5097254,0.55048364,-2.5987914,-0.99269193,0.52235013,0.70747125,1.3889234,0.32135186,-0.15798098,-0.892393,0.49297395,-0.79469556,0.56774676,-0.12580132,-2.3790188,-0.03505792,-0.37462044,-2.2234986,-0.89883536,0.008675897,0.6869095,-0.3737243,-0.10699152,-1.0940628,0.9544723,-0.5594473,-0.38318038,1.6872369,1.3021795,-0.40167665,-0.47062194
Q06136	-0.9443404,0.87313515,1.6702288,-2.3143523,0.37064397,0.9469323,0.64847964,0.34787697,1.3139061,0.009366351,-0.63738286,-0.6141642,0.6385902,-0.037149712,0.32059413,2.5272627,-1.2854775,-1.0492723,2.238502,0.71760213,1.6279675,-1.6099573,1.2969394,1.1045841,0.15589383,0.02516298,0.18205923,-1.6429915,-1.6056141,-1.7154579,-0.8771844,0.0075864634,-1.1194569,0.6876619,-0.2574732,0.7608029,-0.5074184,-2.1071675,-1.097569,0.45715126,0.98467314,2.880181,-0.35240698,-1.4467688,1.7315563,-1.7490107,-0.95713425,-0.4922422,-2.057014,-0.24727535,-2.6891987,0.43664026,-1.475877,0.79051644,-2.317353,0.78829676,0.3756211,-1.6584916,-0.3721522,0.61930436,-0.010482302,-1.6928841,-1.00914,0.16890581,-0.0999321,-0.943751,3.0739584,-0.38701504,1.1023496,0.0258807,1.4337676,-1.408559,2.5833871,2.3190868,-1.3617404,-0.65911573,0.4782266,1.4801526,-1.4020071,0.63125306,2.1922786,-1.1596639,-1.5923964,0.71950096,-0.15388316,0.31914425,-0.7164322,-0.6033879,0.8695835,0.95323735,0.9129287,-0.245224,-1.1905837,0.1164392,0.18012777,0.82502437,1.1536814,2.1975157,0.7220364,-2.0802677,-0.70572776,-0.02362533,0.17407452,0.32774034,-0.20937498,-0.7828822,-0.31584334,-0.7257092,-0.7345466,-0.12176844,0.5532535,1.2994803,-1.5212317,1.5568525,-0.41434813,-1.3764052,0.60393757,-2.2773547,0.3964553,0.23133221,-0.20339683,2.1730764,-1.1812924,-1.3939515,-0.57587194,-1.4863632,-1.3927795,0.3469145,0.9802242,1.244908,0.4183908,-2.3564513,2.0874705,-1.5419564,2.9675062,0.89046305,1.6107819,-0.63286746,1.7483661,-0.43274897,-0.8033166,0.9150538,-0.3376722,-0.85764664,0.6312143,-1.3290282,0.5949276,-1.6808336,0.1713158,-0.17974447,0.077493876,-1.7921904,-1.971117,-1.1639061,1.0341669,1.1313148,0.7700247,2.1428335,-0.7293724,-0.47750807,-1.5029165,-2.2311642,1.9002776,-2.419297,1.0461353,-0.86190933,-0.29815176,-0.48658875,3.3500662,1.6441917,1.6267403,-1.7487384,1.634623,1.6979927,-0.68179804,-0.13283554,-0.5326031,1.2755024,-2.6716206,-1.1640023,-0.3766658,-0.38263735,1.6769904,-0.97963434,-1.0960953,1.1638695,-1.7460521,-2.3707173,0.073731296,-0.7195256,1.6197209,-1.326997,1.4208735,1.5802774,-0.67041475,-1.6657789,0.6718009,1.0347424,-1.4894406,-0.25588068
P12319	-0.9173475,-0.79432523,0.2788808,-1.5606533,1.7836192,1.3943503,1.021694,1.6285155,-0.46103084,-0.9308822,0.07788881,-0.4773715,-0.37481925,-0.15503523,-1.5106038,1.4437118,-0.7536783,-2.1884496,1.4338319,0.8177611,0.3177338,0.4437294,0.10400273,-0.18761672,-1.5623976,-0.6818394,-0.7166243,-0.3616734,-3.4283156,1.2145799,1.0290215,0.32821265,0.1496583,0.17898129,0.81556183,0.86584944,0.23979692,-3.7431993,-2.4292288,-0.5720036,-0.18810302,1.7468845,-2.4847083,-1.5346876,-0.4702796,-0.585713,0.28552276,-0.4924138,-2.6502404,1.6653235,-0.21493065,-0.0509725,-2.6275477,1.5475211,0.032042257,-0.20206518,0.41912642,0.6668519,-0.02908298,-0.34450176,-0.038178783,-0.63919395,-1.2602727,1.5225942,-1.0920281,-1.9739946,0.69752777,1.5253963,1.0043567,0.9924221,-0.5559919,-1.6688842,1.8796133,-0.26843154,-1.2666245,-0.96650183,-0.5289472,-0.27402514,0.3403071,-0.023427673,-1.1784744,-1.0075368,-2.680519,0.48215884,0.2334479,1.1367664,-0.9048779,-1.1922158,-0.82991564,2.6449528,-0.3310711,-2.2683558,1.2584927,0.8853238,-2.0606682,0.17345215,1.3795165,0.8690081,0.25239164,-2.013058,0.06432731,-0.1696381,-0.6637184,-2.3196375,1.1142375,0.31591374,0.58105904,0.38953736,-0.09293282,-1.0043281,-1.6674626,1.013982,-1.3565453,1.079261,-0.76482666,-1.121676,-0.18199416,-1.5261195,-0.81933063,-0.4388376,-0.48836496,0.38897488,-2.9230735,-1.3945699,0.043000694,2.1804192,0.99493647,0.73453397,-1.8947916,0.17745703,-0.4697006,-1.2821878,2.4454591,0.26880494,0.7729786,0.32504088,1.923041,-0.518234,-2.0592725,1.2266202,0.64127684,1.2929434,0.9841047,-0.589547,-1.2477498,1.096134,1.9730065,0.14802557,-1.5468841,0.6463038,0.29144818,0.6128047,-1.7406585,-0.37686127,0.49897823,0.42158708,-0.27240512,1.542249,0.67367524,1.0167296,0.45191982,-1.4980122,1.9658663,-1.9523206,0.65570426,-1.7351592,-0.09283248,-2.5934613,1.5236678,2.5458055,0.35652804,-2.1114628,0.27711815,-0.17949077,2.741506,0.14250661,0.45840338,-0.32407683,-1.8592298,0.23283021,0.24379955,0.22534578,2.558249,-0.5262148,1.4026074,1.3966979,0.4270262,-0.5644323,0.270203,-1.9910463,1.3181758,-0.62150913,1.9162731,0.796285,1.5733683,-2.3229127,0.27083427,-0.019174257,-1.4616948,0.457339
P12272	-0.6639953,0.61889386,0.52136594,-0.19575663,1.346313,0.4668183,0.108731404,0.32408547,1.1682059,0.11073548,-1.1394005,0.30881053,-0.49280077,-1.2785347,-1.6784271,1.396244,0.9788933,0.0149084665,0.82521445,0.52374583,2.4542568,0.52218795,-1.3915818,-0.22284152,-1.4882613,-0.6614459,1.2388734,0.7875108,-3.565938,-0.35394618,1.6251864,-0.78353953,1.3247764,0.81687707,-0.5789512,-1.5237685,-0.1648395,-2.355454,-1.5419949,2.5008152,1.1367408,3.9178438,-1.7242223,0.18003516,0.4928542,-1.4932061,0.44889617,-0.09159175,-1.7089489,0.94076645,-1.0154078,1.3411487,-1.1351521,0.33343098,-0.43473253,2.0293398,-0.13042575,0.03578783,0.41448873,0.6586961,-0.13298585,-0.23354346,-1.6714835,1.6655604,-0.11552343,-0.73112303,-0.05595352,-0.7323217,-0.04906977,-1.3848919,1.4195287,-1.2549299,1.0260786,-0.8365129,-0.2257041,-1.1531649,-0.4396267,-0.23496208,-0.76505023,0.43091065,0.3572396,-0.8170093,-2.4483118,0.6744402,0.3700376,-1.2293788,1.0064964,0.70807284,0.80905193,2.2343388,0.5032793,-0.31102034,-1.1211265,1.505067,-0.4706378,-0.9923891,0.4402097,0.6099302,0.5333089,-0.5680923,1.3433379,0.56577325,-1.5626867,1.0139015,-0.5610038,0.22513272,-0.4229011,0.4245909,-1.7346009,-0.014385907,-1.1796193,0.7541472,0.29565835,0.8637429,-1.0402993,-1.957369,1.0166949,0.096115276,0.01962123,0.10628224,-0.59468204,1.0673176,-0.35286692,-0.21930519,-0.87933755,-0.34227487,-1.1517384,-1.1588264,-1.6531631,0.020858575,0.47977594,-1.3070928,2.5032563,-1.2938836,1.9792436,1.6555573,2.9897397,0.29814512,0.53933525,1.2887967,-0.5408077,2.1232848,-0.31591678,-0.6772026,-0.7088377,-0.9357697,0.24864125,-1.2250997,0.34920323,0.56223786,0.74195313,-1.2413099,-1.588592,0.44338143,-0.22539243,1.5305429,0.016246323,1.7963258,0.58396167,-0.038669236,-1.3859117,0.38872716,2.2978518,-1.545366,0.93325204,-1.7804524,-1.1272352,-0.34467188,0.8835051,0.88985276,1.1467439,-1.2662426,0.8136067,0.34671873,0.58543026,-0.019714726,0.01254146,-0.8821898,-1.7946279,0.8832194,-1.765434,0.13169143,0.13503654,-2.8855634,-0.15684614,1.3358779,-1.7337937,-1.3099874,1.2999389,1.2917672,1.1497794,-0.28419277,-0.9680883,1.6310292,-1.3935354,-1.7469686,1.1816144,1.2772686,-1.0098841,0.31778628
P12829	-0.6295394,-0.8061027,2.3190181,-2.0947142,1.0579453,0.8831693,-1.4710865,2.389646,-0.061292186,-0.91023815,-0.21756998,-0.21770528,0.592816,0.39326492,-0.8018796,1.292072,-0.21622042,-2.3431385,2.234285,1.5640059,0.8782623,-1.5061009,1.904361,1.3756937,0.118178226,0.6731849,-1.3653255,-0.53064007,-1.739835,-0.63252336,-0.39657497,0.7686756,-1.5145667,1.8407425,2.1967504,0.9671626,-2.5917237,-5.4591365,-3.403476,-1.1124964,-0.6354285,3.467451,-1.5141659,-1.0686953,-0.29411846,-1.0340896,0.2094934,-0.02728016,0.35258162,-0.50115633,0.26410204,0.26620844,-1.7502466,2.3995013,-1.033647,-0.04598403,0.47494718,-2.5423472,1.1849567,0.17909732,-1.8096128,-0.39053893,-2.5709717,2.5147624,-0.41331494,-1.3345536,-1.5635843,-0.94929093,2.0679157,2.107009,-2.295024,0.37267143,1.3114891,0.4896628,-2.5864828,-1.3609616,0.56386024,0.6386123,0.2945598,0.7474148,0.28950876,-1.1108394,-1.9046756,1.1163096,0.5794482,-0.5439628,-0.6355478,-0.15549631,-1.4322135,3.7090108,-1.0693376,-1.2024052,0.6408317,-0.13838154,-2.145442,-0.59131813,2.592578,-1.1107526,1.5554714,-1.3737317,0.27789313,0.2974861,-1.2756281,-2.3778656,-0.9108644,0.019215852,0.5168961,0.76389825,-0.008522019,-3.570178,-3.3826778,1.8139491,0.12023691,1.9394192,-0.865054,-2.5700278,-0.26429462,-0.5402959,-0.56919724,-1.9471653,0.12830852,1.7060573,-0.95172703,-0.62118965,0.19138591,1.1767243,-0.291174,-1.3449188,-1.0516235,-1.1558385,1.1563498,-1.5976877,1.423691,-1.1860017,0.87818474,1.841052,1.7524511,-1.0310732,0.030852746,1.1080885,2.3669395,2.75426,0.045326527,-0.4198513,-2.1309357,-0.20659533,1.5198778,-0.91137344,-1.3241324,1.0905001,0.0041852174,-0.13317533,-2.654542,1.5157732,2.0676248,0.54346925,0.80425566,0.97661716,0.24484012,-0.4542354,0.71616364,-0.454808,2.658132,-2.232512,3.676582,-0.95783156,-0.55939054,-2.7162602,1.5238934,2.6084487,0.55375934,-0.54632056,-0.098725855,1.0577818,1.8355318,-1.7825444,2.8984644,0.6909605,-3.1608021,-0.22491923,1.4064329,-0.27316436,2.2515762,-1.5168983,0.9621232,3.260011,-0.8743974,-2.033225,0.5407659,-2.8929908,1.642082,-0.87410367,1.5606034,1.4930632,-0.753603,-1.6235439,1.1075234,-0.44448084,-0.50095993,1.4670378
P08913	-1.0759016,0.37113452,-1.3111236,-1.1076216,0.84994143,1.1031159,1.4475297,1.0095574,0.35347617,-0.32572114,0.38944077,-0.5040722,0.57700837,-1.3130637,-1.5405185,1.371358,-0.20497023,-0.6548004,0.14612746,0.011833899,0.4387672,0.833456,-0.08371116,-2.204094,-2.210115,-0.044374153,0.4759477,0.23151836,-3.3049102,0.23971158,2.37158,-0.6244803,-0.24555615,-0.35725254,0.43441826,0.25394621,-0.116783015,-2.1323113,-2.1881218,1.3111594,0.59087616,1.6582195,-0.8738877,-1.065381,1.0625634,-0.929172,1.1482701,-0.05950217,-4.016352,0.6833592,-0.15234675,-0.09122763,-1.548197,0.004461206,-0.23442875,0.10444204,0.15508053,0.65133375,-1.3853172,-0.19441944,0.22684419,1.4613707,0.36904317,1.4634528,-0.48099238,-0.46721086,0.19503668,0.3926431,0.31371516,0.45916244,-0.47863582,-1.4711714,1.412044,-0.8561172,-0.17721306,-0.8057145,-1.2849847,-0.11590553,1.7084929,1.3737571,-0.51095134,-0.26297885,-2.2311387,-0.7066872,0.63227105,-0.9297899,0.21023475,-1.3013055,-0.7551753,1.3313097,0.21922076,-1.704967,1.8491313,1.855946,-2.0544755,-0.09121631,1.1397446,1.2097592,2.2760458,-0.7260013,-0.19434483,0.14123462,-1.4709554,-0.5980947,-1.0872043,-0.46864542,-0.0043309517,0.8063428,-0.44249845,-0.7051278,-1.7786695,0.91148376,-0.1073403,0.29503885,-0.437038,0.4656008,-0.11016376,-1.3686146,-1.0917817,-0.69036007,-0.7319233,-1.135378,-2.0279226,-0.44495985,0.2762555,1.4027866,1.2069925,0.9774378,-1.8795446,0.6128163,-0.21777134,-1.2601498,2.5726228,-0.7512055,1.2267131,-0.58930176,1.6492629,-0.82078946,-1.7323973,1.3931447,-0.2021631,1.9580194,-0.13659762,-0.8494086,0.20425743,0.48441938,1.0783387,0.17870045,-0.10303494,-1.3553463,0.66942513,-0.13766474,-0.33118108,1.3431056,-0.22833142,0.7554874,-1.534986,0.7871094,3.0225883,0.87469023,-0.65957606,1.311659,0.43119824,-1.7728026,0.2862198,-1.042083,-0.7189876,-0.7684423,-0.17740214,0.81999016,0.7556399,-0.7568947,1.0700591,-1.3221419,1.2738084,0.7587295,-0.2741158,0.8441488,-1.6664871,0.85939234,0.23055585,1.3140203,1.818244,-0.80582905,0.84196866,1.2825541,-0.22399944,0.10844007,1.8632958,0.070885055,0.46663016,-0.8471321,1.1764896,0.83575714,0.5394646,-1.7652591,0.6746194,0.26837415,-0.9704737,0.9557172
P61009	-0.1087208,0.34790838,1.652361,-2.7189105,1.4321014,1.1713232,0.3536226,0.39929023,1.1416839,-0.983175,-0.71546185,-0.44008532,1.3035455,-0.27085182,0.14946623,0.71977264,-2.3031359,-0.19758336,1.4570893,0.8826855,1.4636232,-0.20650694,2.140952,1.1136845,0.66287917,1.0854508,-0.38720253,-1.2828786,-2.2005305,-1.0411907,-1.9053006,1.3090776,0.20317465,0.64724535,-1.5418599,1.0653995,0.25711113,-2.05184,-0.75641745,0.43544275,1.9227511,2.5690677,-1.6973433,-1.1254286,0.13566834,-1.2780796,-0.83866143,0.014076489,-1.7098768,1.3719387,-3.214437,-0.3876444,-2.237868,1.147534,-0.88990706,0.81228334,0.16254057,-0.23606117,-0.99634045,-0.6860089,-0.63873935,-2.3730543,-0.82135326,-0.7746876,-0.91044253,-1.0063919,3.1481457,0.32227606,2.2159867,-0.69407237,1.1011066,-1.5867165,2.412254,1.2210952,-1.7351509,0.2856164,0.9311846,1.1765722,-0.501526,-1.121621,1.4505559,-1.6499535,-2.6918025,1.8288916,0.8990805,1.0040185,-1.1909542,-1.5330586,-0.023179557,1.2115353,0.789949,-1.2368611,-0.35364535,0.651035,-1.6583607,0.19611058,0.6898688,1.411797,0.07928297,-3.0648868,0.24597228,0.24791425,0.1259469,-0.2676656,1.2148705,-0.8733086,-0.27138522,0.031615186,0.9065801,0.50915504,0.86375,0.9311235,-1.563989,1.9822583,-0.77557856,-3.2834425,0.13461067,-0.3229392,0.94589174,0.52435493,-0.45206967,2.5445151,-1.6038026,-1.5539553,-1.379631,-1.7584184,-0.3707767,1.1124339,1.0603547,1.4752376,0.13046035,-0.58942914,0.5449454,-0.23795916,2.9662483,0.3635206,1.2723997,0.044964347,1.0575246,-0.75161606,-0.12368013,-1.1229786,0.6936014,1.0689422,-0.11591158,-1.4100326,0.7739109,-0.9158933,-0.14168745,0.30787557,-0.3215018,-2.5176642,-1.8400755,-2.0682497,0.41161066,0.64865977,1.1714125,2.070196,-1.3887336,-1.4525049e-06,-1.2225145,-2.9643533,2.5858529,-2.3092148,0.6805088,-1.6886966,1.2988439,-1.5345794,4.1482067,1.0459907,1.4547606,-1.6985372,0.7892421,1.528998,-0.9285897,0.10417502,-0.32389462,1.2123438,-1.7314965,0.41212744,0.86184126,-2.690813,1.6392215,-0.555082,0.1261143,1.6461618,0.4412966,-0.7221656,0.63676995,-0.56855553,-0.0491427,-2.1999927,1.7937069,0.8664755,0.11211636,-1.4464002,0.7433194,1.1353503,-2.407559,-0.758456
Q8N1K5	-1.4723934,-1.1987823,2.040441,-1.3198928,1.084228,1.135419,-1.4342802,2.5889702,-0.020328319,-1.2426261,-1.4653418,0.6474183,-2.0433013,0.43282875,-3.192467,1.4911997,0.5350901,-2.1201384,1.686776,1.3980156,3.403477,0.29177684,1.7453324,1.8391838,-0.11691293,0.16390614,-1.0897961,-0.5548194,-2.3611836,0.98054945,-1.1845151,-0.16859908,-1.0494717,1.0267276,-0.042322822,1.7525269,-0.24667801,-5.547687,-1.8180913,-0.04033563,0.25536817,2.0293522,-2.1777647,-0.4535019,-1.3850297,-0.36419454,0.21768777,-0.0798605,0.30122077,0.8142295,-0.7041947,0.13040166,-1.5763788,3.0362725,-0.33426297,1.1328322,-0.41598776,-0.26642546,1.4963633,-0.27559972,0.7528591,-0.52665716,-3.7284346,0.81526935,0.29852363,-0.6249468,-1.9905982,1.2312033,0.06402046,0.6556239,-1.3768857,-0.27716923,2.3155525,-0.5858062,-1.3506081,2.0661304,0.5571755,-1.6628926,-0.058931895,-1.3293145,-0.5537935,-1.4310308,-1.7450516,0.40353796,0.16969457,-0.3385533,0.13004853,1.4036064,-1.6770824,2.5826733,-1.2981013,-2.4521983,0.9179171,-0.40498233,-0.6973017,-0.38084435,1.8593541,-0.04295278,-0.2136394,-0.6504648,-0.60351986,-0.02426449,-2.2686925,0.3536748,0.54097986,1.3716618,-0.12561743,0.93301487,-0.31752127,-1.7567149,0.15173726,0.9413615,0.18187419,0.3441257,-0.055542726,-3.4197533,0.32311484,-0.5103477,-1.0794839,-0.61995876,-0.5320649,-0.35822725,-0.4304942,-1.3045923,0.2799226,-0.052052163,0.39590243,-1.1839281,-1.2937641,-0.10576362,1.2003725,-1.3878152,1.2321537,0.48211917,-0.6267565,0.66706777,2.908705,0.04482732,-0.9219861,1.4128773,1.6180592,0.19391632,0.9680339,-0.89708567,-2.4081364,0.43961364,3.072774,-1.8347625,-0.8582376,0.69960153,0.49128267,-0.38139606,-2.0177078,-1.3155009,0.29445067,0.8542079,0.99247146,3.0691388,-0.06093105,1.1456743,1.2552565,-1.2137436,2.8918154,-1.7725508,3.070195,-0.1814387,-0.3608644,-1.8821094,1.9259914,1.1581618,0.87661976,-2.2168896,-0.3047217,0.5035748,1.3727527,-1.5343174,0.8773696,-0.75507873,-3.1040425,0.07280019,0.237543,-0.85615313,1.5413489,1.2632743,0.46882445,2.956262,0.33568162,-1.9404676,-1.559601,-0.43029022,0.7072316,0.45136032,0.12635106,0.90024793,-0.52380395,-1.3844254,1.2088588,-0.09256751,-0.2670752,-0.09036547
P04179	-0.8616155,0.80896866,-1.4405959,-0.9138845,0.41494298,0.09868812,-0.066553935,0.43288556,0.08723893,0.21831995,-0.6041611,0.49814966,-1.3896279,-0.71571493,-2.412866,0.54059726,0.3345784,-1.274956,-0.28068304,-1.3554771,0.5930449,0.28632268,0.23976724,-0.10011709,-0.5170232,0.919747,0.7445589,-0.89435136,-2.6444495,-0.0994454,0.4043769,-1.8938464,-1.4260881,-0.14047834,-0.39318952,-0.07622311,0.42917502,-1.58183,-1.8804201,1.4492617,1.2230396,1.3652862,-1.1957992,-0.008301241,0.8701611,-0.9826618,0.1309283,0.20615384,-1.143561,0.19972491,0.5726674,1.5346246,-0.431331,-0.6037147,0.948396,1.5014683,-2.1155424,-0.26102188,-0.8912111,0.4019164,0.1013827,-0.5674081,-0.5469256,1.0465099,0.59031963,0.13899326,0.28281173,-0.16236372,-0.16236794,0.42894304,0.32429993,-0.93271226,1.1566864,0.18899913,-0.78741586,-2.131799,-0.86590964,-0.1283197,1.9446197,0.9223022,-0.9363413,-0.18365806,-2.7772584,-0.16899204,-0.18952928,-2.5734227,-0.6437946,-0.879485,-1.9167821,0.5021933,0.20066665,-0.41538787,0.70329225,1.7980448,-0.66235983,0.4506201,1.1173579,1.5277679,1.4358689,-0.12401888,-1.6497258,0.45187682,-1.5903852,0.5397069,0.4139967,0.21225633,-1.0366449,0.3318961,-0.6934733,0.6368879,0.39938986,1.1024636,-0.07961022,-0.099131614,0.94856286,-0.18479717,-1.6285135,-0.12797722,-2.0773406,-0.48723948,-0.20031701,0.38756195,-1.6148795,-0.14108053,-1.6134423,0.68228203,-0.7313394,-0.35574216,-0.38182798,0.495077,0.1810576,-1.8310394,1.7404987,-0.5442864,0.59314156,0.09140877,1.7135066,0.69275296,0.4939591,0.85493463,0.15751341,0.47604278,-0.12306901,-0.4651518,1.1531991,0.97389776,0.23335214,-0.2798359,0.6203809,-1.0195985,0.18951032,-0.19232789,-0.18238401,0.7251666,0.027074998,0.91974074,0.038305372,0.9671489,1.5081812,0.7397147,-1.6548315,0.6829045,0.82083035,-0.53779924,-0.02409973,0.13443267,-1.7634814,-1.0832003,1.7155182,-0.064708605,1.193033,-0.48682687,-0.5072391,-0.7026795,-1.0274451,1.6632276,-0.8823164,-0.41265008,-1.3892732,0.75957936,-0.023080839,1.042865,0.31200022,-1.5911872,0.14946035,0.039245576,-1.7742522,0.10082667,0.89900684,0.18605863,-0.3082998,-0.8692402,0.08620252,0.6009218,-0.06992306,-1.920828,0.927301,1.5141104,-0.18994175,-0.51555735
Q9Y262	0.19508457,0.31282368,1.1416031,-1.5997965,-0.3873446,-0.7171405,0.77455455,0.74450594,0.66410387,-0.037997484,-0.7023948,-0.10291464,-0.4592165,-0.64548147,-1.6030465,0.8899393,-1.0787716,-1.0828782,1.2381643,1.0984492,2.1378164,1.8064667,0.7087118,2.8425121,1.3478138,0.027838288,-0.2742151,0.4705439,-2.2663748,-1.3852178,-2.0291767,-0.28182006,-0.27942625,0.5812735,-0.37885052,2.1577506,0.172856,-3.2964513,-0.6097774,0.1843306,1.6672567,3.4946215,-1.7121756,-1.0089495,-1.0054973,-0.05419555,1.0967784,-0.57660997,0.34622654,0.56904906,-2.547785,-1.612085,-1.4415588,1.5448269,-1.4151587,1.5936844,0.6766849,-2.1604428,-0.3841091,-1.3889736,-1.9635404,-1.2993698,-1.2976782,-0.22920543,-1.663864,0.23082396,0.6417648,0.865215,-0.71593994,-0.20550548,0.3313128,-1.5598334,2.8969333,-0.60903174,-0.44102958,0.97850007,0.904946,-0.042483944,-0.4078911,-1.78797,2.315146,-0.3542959,-1.4188671,2.3481069,-0.60034597,-0.7099923,0.5754085,-0.6732817,0.23644748,2.8650186,0.5026455,-1.7784822,0.086890735,-0.5634791,-1.3030281,-0.24689995,1.3776003,0.64610314,0.045276042,-3.0559216,0.57608205,1.0228297,-0.4384272,0.7624584,-0.52799225,0.5176766,0.28165776,0.61491805,-0.7379196,-1.4987757,0.61216915,0.24697119,-0.096636586,3.2248583,1.114699,-2.9572804,1.8640579,-0.21515594,0.80243945,0.28764966,-0.6418953,1.1908269,-0.8600523,-1.2817676,0.88514227,-2.1879387,1.342558,-0.82257223,0.16893925,1.3767216,1.642621,-1.0787088,1.2576635,-1.4420581,3.4032228,1.2885879,1.6541078,-0.11640956,0.32461357,0.3512715,-2.0481875,0.81719506,0.7743533,0.92297184,-0.7171271,-0.6031233,0.8965899,-1.4261572,0.87521416,0.8865662,0.12282515,-0.5594771,-2.5703883,-1.2023895,0.9318865,1.5429221,0.68655425,3.0720983,-0.81089246,-0.71786314,-0.4818448,-1.6712729,1.9787691,-3.8410072,1.2617431,-1.9232824,1.6729256,-0.63434815,4.5580773,0.44295645,1.4315716,-2.667988,0.28268784,0.69409096,-0.07383777,-0.65134776,-0.23326112,0.3125561,-0.8166617,-0.046384174,0.19132538,-1.8635072,0.2628066,0.26190716,0.46257892,2.1401253,0.022239102,-0.94446445,0.5592775,1.0274466,1.0022295,-0.5170322,-0.08792285,-0.17206421,-0.652564,-0.069921166,1.7367697,1.2384764,-0.2568387,-0.3013411
Q969L4	0.059245124,0.4511434,0.83211607,-1.8512765,-1.7323261,-1.5948806,-1.2617347,0.61679757,0.8622166,-0.35070494,-1.1024007,-1.2174422,-1.8545657,0.47693968,-2.1395228,0.123641804,-0.5178637,-2.04462,0.7108358,0.9910356,1.581313,0.050323207,1.0226868,2.9733858,0.742341,-0.048383288,0.5077917,-1.1918087,-2.8367236,0.11846231,-2.0711489,-1.3051878,-1.0184506,0.18227415,-0.23424281,1.5737875,1.3539866,-3.8758335,-0.9629503,-1.9404095,0.71345836,2.3558795,-2.7963467,-0.92563134,-0.5558959,1.0056322,1.2635888,-0.35108787,1.4538031,1.4955693,-0.7779573,-1.2013191,-0.23425722,2.2265723,0.5056847,2.0088372,-0.79425764,-1.5083196,1.0972427,0.4629074,-2.3973787,-0.67883563,-1.3804691,0.8682505,-0.807027,-0.7943283,0.16842507,0.6570422,-0.5231487,1.2517724,0.65261906,-0.54172033,2.736896,-1.4369296,-0.37791657,-0.028751504,0.78894323,-0.49000964,0.7102314,-1.3592434,1.7231406,0.1270474,-2.6400368,1.5862364,-1.0137945,-0.398181,-1.1469095,-0.65995294,-0.73529637,3.1007638,0.26754594,-1.1320556,0.01357863,-0.8729289,-1.8587365,0.14188454,1.6997205,0.623693,1.256078,-2.3734815,-0.4454119,0.7259717,-1.6649835,-0.43220666,0.32715723,1.1102289,-0.5747455,-0.6789859,-1.2544501,-1.6421134,0.44002,0.72215325,0.6404555,2.592678,1.9316638,-2.5406919,1.7774757,0.8555189,-0.0036611902,-0.48030782,-0.90246385,1.5250676,-1.5152322,-0.95456547,0.51238644,-1.182949,0.7785943,-0.80410254,-0.6196067,-0.6271104,-0.33427104,-1.0303625,0.88630587,-0.88354003,2.049053,1.6202022,1.5265826,1.0657668,0.4357165,2.3221574,-0.029766608,-0.40005353,1.6031055,0.46928823,-0.8186758,0.6695099,2.130606,-0.15111905,0.6433314,0.29132885,-0.17866386,0.18859987,-1.1700301,-1.7299911,0.4085322,0.02345636,1.1022779,2.3539946,-0.71144253,-0.0901078,-0.3562055,-1.2671604,0.7331303,-3.1908152,1.5447142,-0.74561465,0.7314759,-2.076334,4.064581,1.0721701,0.89088315,-3.7185192,-1.7513312,0.3620435,0.5074557,0.38056466,0.001919008,-0.78709775,-1.071972,0.18611388,-0.51492757,-0.55131847,-0.29294422,-1.6747557,0.16189921,-0.525832,-0.9186282,0.058130097,-0.85206336,0.48367536,0.4617051,0.18509407,-0.03481338,0.37833112,0.3715559,-0.5755152,1.0730275,2.061066,-0.24976708,-0.9630553
Q9NYV7	-0.53523254,-0.9781342,1.5202193,-0.5949363,1.352815,2.1715229,1.9442297,1.7596979,-0.10687206,-0.762367,-0.30749217,-0.605393,0.8972793,-1.0916922,-0.08641384,1.8677807,-0.56423783,-0.19112657,1.2271516,0.8299437,1.3086545,0.5949187,-1.083048,-0.29558977,-0.42978412,-1.282408,-0.085329995,0.009519958,-3.6482203,0.19980289,0.99577373,0.9332279,1.4859514,0.920443,0.3109014,0.5618558,-0.49104682,-3.4420466,-1.1240406,1.0631245,1.1564068,2.4734201,-2.2474365,-1.4985937,0.19852042,-0.9545532,-0.102290645,-1.093261,-2.7104301,1.8130437,-2.691316,0.5493395,-2.6955974,1.0747133,0.49193594,-0.30546835,1.2037288,0.06255739,0.3205271,-0.759619,0.17656353,-1.2735289,-1.1479259,0.6025104,-1.4022212,-1.4187992,1.9997998,0.67053324,1.1645709,-0.8527141,0.7944071,-2.307123,1.0460429,0.2099884,-1.4284431,0.21980059,0.26740456,-0.1477907,-0.91276723,-0.7324863,0.5352173,-1.3487661,-1.4406555,1.4341177,0.45572627,1.6888311,0.23305906,-1.2383826,1.6485919,1.7304901,0.4788129,-1.9671047,-0.14022854,0.63717043,-1.3567698,0.008315778,1.0719022,0.0213101,-0.0037581483,-3.0814192,1.6486198,-0.103287354,0.2525729,-0.45196646,0.34178466,0.30716535,-0.3290261,0.70205694,-0.24447927,0.20954983,-0.43102607,1.4224305,-0.76599836,2.125414,-2.6958473,-2.4948492,1.0243604,-2.0998127,0.5966741,-0.11173789,-0.7947407,0.57501906,-1.277273,-1.90301,-0.6853565,0.5943888,0.094085954,0.9009757,0.023669444,1.1019635,-0.30684337,-1.2003882,1.8895046,-0.637674,2.4811523,0.20671469,2.3326933,-0.25899756,-1.2854867,0.31859526,0.032638635,0.04911126,0.23318976,-0.45250478,-0.9240925,-0.97281176,1.9187645,-1.2004989,-1.9093828,0.23536994,0.105045445,-1.5032803,-1.9100828,-1.1364794,-0.4043581,1.9609531,-0.73922,1.9161794,0.018777784,0.6852103,0.2271671,-1.1320324,3.2693367,-1.9905576,0.83243775,-2.5494144,0.79594815,-1.0039761,1.4788187,1.1223588,1.1454531,-2.1093888,1.7661911,1.8003452,2.2474062,-0.0150635755,-0.006683298,1.0761204,-1.6416231,-0.16077021,-0.17636383,-2.0468678,1.9999669,-0.9194997,1.2235122,2.0825145,0.85097045,-0.6115272,1.2215843,-1.0826566,0.37414497,-0.9873369,0.64697003,1.3525215,-0.65265316,-1.9883932,0.6390148,0.09649164,-3.2650754,0.46416765
P20933	-1.5432141,-0.43705606,2.018053,-1.1727483,1.6899842,1.3613908,-0.57416666,0.046636805,1.1609526,-0.60753566,-1.480485,1.124132,0.07610255,-0.050904397,-1.1505141,1.3448943,-0.17200565,-1.7019697,2.5567658,1.7682173,1.3446902,-1.500857,0.7057469,1.0557573,-0.5711349,0.23084757,0.48959467,-0.8359172,-0.52401423,-0.6569821,-0.0033282728,0.38300586,0.32137826,0.64474463,-1.0249832,-0.49366516,-0.27778733,-1.5864176,-2.2037714,0.74368393,1.4853204,2.8348956,-2.5936933,0.07196694,-0.07338047,-0.78838825,0.7330366,0.31322134,0.15667525,0.73245704,-2.2726095,1.8286277,-0.76384443,1.8780947,-0.3092956,0.53219485,-0.9426734,-0.5476912,0.65667355,0.5695394,0.72505444,-0.40945658,-2.681449,1.0641742,-0.21141072,-0.5610229,0.5183155,-0.52331245,1.5532814,-0.8616927,0.6477991,-1.472112,1.3294728,1.3026059,-2.1965582,-0.48006272,0.33922616,0.10408634,-1.0815959,0.52621186,1.5917958,-1.3078443,-3.4859705,0.19616282,0.16484414,-0.107302696,-0.44573295,-0.248513,0.65130246,1.542199,-0.07130447,-0.72053057,-0.6727219,0.92900896,1.3454746,0.12689343,0.47258356,-0.09625647,-0.27296558,-1.7155887,1.875713,-0.41731763,0.28778663,-0.26962417,0.22317481,-0.73542124,0.0282466,0.45212856,-0.89165807,-0.59669435,0.08319746,0.9382722,-1.1217328,1.2218134,-1.0446433,-2.8941844,0.9503321,-1.3058199,0.14692272,0.52452487,-0.061081007,2.3061469,-1.1044518,-0.33617058,-1.7634453,-0.15809058,-3.229186,-0.19864376,0.76842535,0.24405316,-0.0130678695,-0.8833664,1.112541,-0.69308394,1.4191155,2.1376302,2.543436,-0.464966,0.8797351,0.32233527,0.5928938,0.55083287,-0.45254293,-0.27328548,-1.4046898,0.11094626,0.06514867,-0.15805149,0.52681327,0.78229254,1.910988,-1.3885825,-2.8249552,-0.90780103,0.53913003,0.99840486,0.8432911,3.0097637,-1.8390567,-0.31364948,-1.4496188,-0.83393973,2.303101,-2.1637595,0.9976344,-0.8076358,-1.512626,-0.9821534,3.3563209,1.2566378,0.8518019,-0.99147916,1.3893332,1.4395448,-0.5806413,-0.99967295,0.08230693,-0.48375922,-2.691821,-0.53329015,0.016994048,0.22230212,1.0223131,-1.1498501,-0.573333,2.2038178,-1.7861216,-1.3759109,0.6362409,-0.6228201,2.2024472,0.11857832,0.09788411,0.9582283,-1.3078619,-0.5401204,0.8345403,1.0131292,-1.1827538,-0.38852748
O94941	-0.69492185,-0.86068547,0.56792164,-1.9653196,-0.33879608,0.31600758,-0.4447021,0.84041244,0.49239683,-0.3560388,-0.85456675,-0.23845707,-1.5084813,0.62834203,-1.7346712,1.5086071,-1.194001,-2.151664,1.3666283,1.02154,0.62035626,-0.54568934,1.9881291,1.2490203,-0.65272427,0.28629953,0.6227294,-1.5080003,-2.2274728,0.805742,-0.8600048,-1.3666126,-0.5581451,-1.3335301,-0.13000433,1.6566252,0.99977547,-3.851564,-1.8374838,-1.7316042,1.2134757,1.5725516,-2.6649556,-1.6340586,-0.68570685,0.647119,0.57169276,-0.62168926,-0.5796103,0.97065693,-1.7350692,-0.44524142,-0.8266788,2.1941082,0.46536806,0.93142194,-0.5614512,0.0968361,0.07089694,0.114383385,0.15193081,-0.41792333,-0.96927714,1.003288,-0.42764136,-0.7020315,0.7801054,1.3064848,0.57982445,1.448544,0.82630694,-1.1530145,3.8537288,0.36258197,-1.3018316,0.79075164,-0.16448116,-0.94313157,0.2391578,-1.1558458,1.193768,0.18174848,-2.1133509,-0.6048817,-0.48105723,-0.4590865,-0.9181792,-0.28179413,-0.9560794,1.4017409,0.50416905,-2.7722385,1.7553977,0.12811859,-0.34309354,0.8539966,1.5037847,0.4734621,0.18445045,-1.4062734,-0.8403686,-0.4478266,-1.3304347,-0.5952152,-0.010027708,0.4668519,0.116721526,-1.0230718,-0.7761122,-1.7508152,0.67388374,0.5504393,-0.36687237,1.5257221,2.0106287,-1.2080544,1.512038,-1.3543093,-1.4386096,0.32560334,-0.91473967,0.68325424,-3.0755966,-1.1136425,-0.06268221,-0.41839397,0.91102266,1.0380838,0.24742804,0.23519099,-1.0123106,-0.85660297,1.363452,-0.3544012,1.4351178,0.22349945,2.2888436,0.33121645,-0.98778427,1.5193965,-0.16080351,-0.15019123,1.8200262,-0.18534304,-1.088183,2.5552168,2.029987,-0.47081807,0.7835579,-0.27581188,1.0418941,0.4298795,-0.8224576,-2.1611557,0.1942804,0.22523984,0.05090188,3.237216,0.11887985,1.3413604,-0.7109203,-1.2519135,0.8277291,-2.4273903,1.672242,-0.09839347,-0.38163146,-1.2198926,3.2406886,1.4313093,0.8704045,-2.1621454,-0.5593203,-0.0041913497,0.24332342,0.066374265,-1.0015177,0.24299003,-1.7161219,-0.6846914,0.70496374,0.4878355,1.5400722,0.5695423,-0.58370495,0.57607484,-0.16459805,0.7188494,-1.5654371,-0.4867696,0.8857365,0.2989773,0.7217276,-0.09540217,0.79132104,-0.7347362,1.4059137,0.21287994,0.102671124,-0.37257463
Q92619	-2.2291508,0.9099693,1.5658882,-0.775716,0.5544303,2.5075793,1.9566196,1.5166191,-0.9794655,0.12546434,0.2708956,0.40799567,-1.6214545,0.21368662,-0.8869345,2.1248531,0.86906093,-2.3495271,-0.1718466,1.1352063,0.42699784,0.52356404,-0.18854134,1.3679955,-0.5984064,0.10241868,1.0550544,0.009274515,-1.4546856,-0.46893793,0.6728717,-0.47042483,0.26040876,0.17838341,-0.13146774,0.6943555,0.14526244,-2.8173063,-2.2119594,0.79827034,1.2562993,1.2715371,-3.1456232,-1.4607247,0.17843752,0.14280398,0.9558125,0.12315459,-1.3477328,0.21594383,-2.2696378,0.89250964,-1.5813826,2.17856,0.4247387,2.0498655,1.2379323,-0.4445202,0.7577961,0.8207348,-0.1759552,-0.3434154,-1.5571246,1.0379192,-0.41007513,-0.66514987,0.079834335,0.75998473,-0.25372237,-0.8200767,1.777971,-2.0114427,2.0414605,0.5525759,-1.1533469,-0.033342868,0.21281055,-1.2657079,-0.6511228,0.023600642,1.8469876,-1.0689118,-1.4425898,-0.603307,-1.414123,0.4332904,0.83030975,-0.11612626,1.4199051,-0.2642384,-0.80694467,-1.6496794,1.5111138,0.61193097,0.8563066,-0.6141621,1.9883434,0.0547136,-0.9899817,-1.8407837,1.6575567,-0.22059976,-0.06278014,-1.3810016,-0.61234117,0.5594452,0.747803,-0.4612798,-1.6903719,-1.7485943,-0.40998605,0.02827585,-1.3554357,1.6816461,-1.0351586,-0.6064722,1.6912321,-2.3026986,-0.7012356,0.83005387,-0.20452462,0.397863,-0.14424178,-0.5773928,0.32378486,0.5745664,0.020664522,0.27430558,-1.3728623,0.68830776,0.54911685,-2.0032818,0.6171508,-1.4393337,1.7591698,0.8892154,1.859982,-0.028553257,-0.26821816,1.2891859,-0.8144778,0.5728732,-0.16376364,-0.68128526,-1.2692776,1.6362647,0.8927939,-0.98192674,-0.07591694,0.76262146,1.1020201,-0.64162445,-1.7897173,-2.485801,0.17839798,1.4629034,-1.1007113,3.118544,-0.7292843,0.977559,-1.1801047,-0.7029172,2.3367772,-1.5955161,0.068546504,-2.5010157,-0.48283908,-0.8272504,1.902692,1.0550737,1.562306,-2.200236,1.9123784,-0.6065305,0.687481,-0.11033904,0.23262814,0.41340798,-1.5293695,-1.2131344,-0.5421641,0.18956232,0.93490815,-0.78943187,-0.75652325,1.94721,0.13885054,-0.5975836,-0.45712584,-0.2510522,0.88586116,-0.3136505,-0.79848415,-0.28126517,0.9378849,-0.10960469,0.3523833,0.29932153,0.24502082,0.6899557
Q8IYB8	0.06664546,-1.0583208,-1.1570233,-1.6174151,-0.90215915,-1.8361742,-1.5610952,-0.025195902,1.7827564,-0.04314048,-1.8702378,0.15642905,-1.3167474,-0.60313255,-2.6743352,-0.4485117,-0.1469583,-0.6647467,1.8156654,-0.120220006,0.6711525,-0.66622365,0.32478127,0.5049186,-0.5287106,0.55167305,0.9137765,-0.9979582,-2.3640466,-0.019151565,-1.1332046,-1.9821514,-1.0974689,-1.0508022,-0.32226938,-0.27351514,0.63339716,-2.3444617,-1.7548869,0.20749952,1.3242134,3.2696297,-2.0676584,0.26733518,-0.30154502,-0.016762048,0.5248951,-0.7587485,0.7910878,0.79146117,-0.9984737,-0.13250725,1.0304662,0.5034946,0.8240435,1.478046,-2.1667461,-0.07012531,-0.48765713,0.10317273,-0.4378995,1.0528095,-0.8697019,1.1592445,0.03621245,-0.2776894,-0.22624731,0.09592266,-0.2750519,0.3644411,0.56406105,0.14583158,3.114998,-0.62773615,-0.64632386,-0.4304457,-0.61079776,0.048597507,0.8752125,-0.3881413,1.7685176,0.093694635,-2.3952951,0.5922506,-0.20978583,-3.2606804,-1.6303713,-0.572279,-1.8012035,1.5598176,0.98125976,-1.1555243,-0.41366503,0.02360657,-0.8514121,0.65615815,0.34469017,0.64647,0.8731156,0.22420035,-0.29863858,1.1630701,-1.7245144,1.198615,-0.5312207,-0.12872253,-1.0352772,-0.0018516027,-0.7671206,-0.58003587,0.60724777,0.84887075,0.48648888,1.0664296,3.4464438,-2.0321395,1.4244446,0.32319933,-1.4972471,-0.36656097,-0.7021571,1.0619227,-2.138041,0.41348627,-1.8882254,-0.6676622,-1.143998,-0.24269883,1.0327308,-0.5096009,0.27919328,-0.9624049,1.3482379,0.038853455,1.6187496,1.360645,2.1623795,0.14851232,0.5362496,1.5592526,0.3444777,0.72601175,1.225929,0.87562704,-0.6694165,0.8185337,0.62166244,0.514277,1.8509707,-0.3673784,1.7079169,0.23104633,-0.70016676,0.8731562,1.0507773,-0.46254632,1.2386014,1.3563828,0.81972176,0.10741556,-1.4843196,-0.50093985,1.4037449,-2.6993978,0.61183834,1.5637733,-1.369347,-1.4574643,3.6343956,-0.565647,1.3475728,-1.1278508,-0.98631084,-0.06297187,-1.8196026,-0.47246113,-1.0337373,0.43297437,-2.034984,1.1831208,0.96886957,0.5886303,-0.6210333,-1.8968446,0.09534891,0.4567315,-2.1268249,0.8423959,0.10155765,1.2766683,0.051622435,0.8451199,-0.78436697,0.69425094,-1.7731432,-1.2806429,1.3849055,1.5979965,0.08562087,-2.1378057
P01920	-2.836258,0.43146992,-0.182208,-1.0563844,1.305256,2.8166327,1.7339724,1.5741538,-1.6715646,-0.9074837,0.7440375,0.7989709,0.016069058,0.07312832,-1.8625846,2.060154,-0.5664503,-2.1853688,1.1539418,-0.31665775,0.09564087,0.15969132,0.87097543,-0.019657059,-0.42914787,0.23811725,-1.100011,-0.8182441,-3.0410476,0.7282057,0.346473,0.34000772,-0.68501425,0.8052561,0.5285432,0.70516986,0.6211282,-3.5884314,-2.5111866,0.4075166,0.5659699,-0.23194245,-2.0057375,-1.5522817,0.07889137,-0.93120646,-0.28402847,0.65817004,-3.2537766,0.62129337,-1.529393,1.3778013,-3.7531993,1.6394085,0.270772,-0.3083778,-0.2306377,0.3167715,0.39437497,-0.13215388,1.5464667,-1.6343887,-1.1619595,0.04452477,0.5094236,-1.3631319,1.2981497,1.6844621,1.3713728,0.72295654,-0.15908736,-1.9929091,0.9322313,0.5940204,-2.8444235,-0.39960006,1.3626437,-1.3518857,0.90033656,-0.15508923,-1.5237812,-2.6138337,-2.073985,-1.0912904,0.17218627,0.77862555,0.2499249,-0.24633843,-0.22760865,0.7525642,-1.1008853,-2.4771283,1.9703563,2.2931485,0.7523546,0.24200156,2.5993268,1.8362,0.08636695,-1.5901242,-0.8521415,0.004903669,0.8196667,-1.5059308,0.5070483,0.29943654,0.60734826,-0.22503148,-0.07075618,1.1564809,0.42209777,1.3880774,-2.3792858,-0.09479185,-2.0587866,-0.974506,-2.3109958,-3.2824125,-1.5570556,-0.34379718,-0.3189333,-0.6287837,-3.1418977,-1.800026,-0.49759126,1.7406449,-0.6423483,0.6496987,-0.82147884,1.3160931,-0.32673776,-0.57228994,0.09985018,-0.48551965,-0.15629281,0.42410117,2.6511118,-0.4295852,-1.5327048,-0.3135728,0.20685649,-1.0820484,-0.7166025,-1.247974,-0.14125939,0.275722,0.88125145,-0.6936558,-3.117605,-0.72833306,-0.5291136,-0.59436053,-1.7047151,-0.9007257,0.19419393,1.7783899,-0.5073671,2.4625142,0.65417784,1.216687,-1.3037875,-1.1303475,2.217294,-0.2660881,1.2550093,-1.0131973,0.15023227,-0.6310322,1.5357037,1.0984434,1.6282625,-1.1519675,1.2954781,-0.42292356,0.5629999,0.43340075,1.3175905,0.28911597,-2.9871438,-0.3410343,0.32264134,-0.91483414,2.254755,0.2937413,0.4171466,2.1284578,0.9650139,-0.26584122,0.6952905,-0.78163403,0.8915143,-1.5390601,1.4674804,-0.015739929,1.0521363,-2.6623387,-0.7903145,-0.47087327,-2.3597536,-0.0007118982
P05164	-1.956918,0.30001444,-0.1503202,-0.5684211,0.20183611,0.71498775,-0.22424524,0.45761594,0.03617154,0.2667594,-1.2055308,1.9736351,-1.6937797,-0.40602654,-2.7895594,0.8919771,0.4017935,-2.2645502,0.97794986,0.23952849,0.0611113,-0.23747124,0.06604375,1.174535,-0.14919071,0.7173948,0.38626125,-0.35468742,-1.7299155,-1.8726126,0.5810465,-1.2073219,-0.12211768,-0.12513138,-0.6509102,0.19022757,0.77671194,-1.7724184,-2.6809661,1.5821415,1.0284754,2.6679564,-2.751279,-0.44493335,-0.027777636,0.39211458,0.3962943,0.50895303,-0.50289136,-0.2914943,-0.78393704,1.5753746,-0.5110577,1.003473,0.23545618,2.4034796,-2.246204,-0.19064191,0.82365793,1.0182906,1.0809977,-0.5838419,-0.87152827,1.7210602,0.527898,-0.07483944,-0.2862101,-0.46778706,-0.3446023,-0.7490103,0.12131807,-1.327355,1.5844111,1.4284621,-1.5218478,-1.9249555,-0.9226395,0.18823153,0.5769234,1.1599079,-0.043130618,-0.7771674,-2.797633,-0.88027185,-0.8369943,-1.9987627,0.44623044,0.315553,-0.16640247,0.6908571,-0.44590083,-1.5522346,0.30421242,0.64687186,1.1621759,0.5316077,1.5049255,1.4215386,-0.6499513,-0.078528196,0.5713424,-0.1233165,-0.54095453,0.37966427,-0.063627176,0.4409499,0.444788,0.21022256,-1.5040336,-0.68595046,0.24545918,1.1206801,-1.2087283,0.6668392,0.22195788,-0.4176602,-0.225364,-1.9294562,-2.5057933,0.008880559,-0.39405063,1.3293049,-0.9155401,-0.31502014,-1.5371542,0.9545571,-1.8833755,-0.35207617,0.1524577,-0.18045361,0.20996316,-2.6110992,1.230649,-1.242633,0.32027808,1.3006203,1.9502902,-0.58263063,1.1107919,0.53290766,-1.1958133,1.5752444,-0.9222393,-0.5438819,0.41631776,1.0775622,-0.4395741,-0.4613889,0.16323604,0.94389725,0.99225986,0.14929137,-1.1029313,-0.41850987,0.42366424,1.0483662,-0.90166426,2.5953214,0.23799646,0.80620384,-2.0625248,-0.4963958,2.0559118,-0.2917968,0.1993603,-1.703284,-2.0649774,-1.1543052,2.4814785,0.90754145,1.3149136,-0.9462166,0.09925904,-0.4129302,-0.9921691,-0.20745072,-0.44200712,-0.43186235,-1.8129283,-0.4490839,-0.28464887,0.44355372,0.35473487,-1.1090405,-0.6544031,1.3506254,-1.7917687,0.20863932,-0.2899942,-0.31077033,0.92104596,-0.57886416,-1.0417048,0.7449789,0.15121886,-1.3183631,1.1336869,0.8692143,0.9921873,-0.50154793
Q16816	0.42792752,-2.30852,0.62895733,-1.2453496,0.5245152,0.35096356,-0.21674767,0.6585515,2.3508728,-0.7662575,-1.4095554,-1.1547834,1.3535125,-1.2581191,-0.9687288,0.986865,-1.2426105,-1.0315655,2.0393426,0.528632,0.17245755,-1.8709831,1.0520943,-1.8323324,-1.0898129,-0.4122836,1.0614522,-0.21773243,-2.691486,2.3837926,1.8469799,-0.8450473,-0.17714457,-1.2626626,-0.63442826,0.58977604,-0.5659884,-2.721476,-2.0736926,-1.4028162,0.9973307,2.7388706,-1.868825,-0.10073846,-0.79055613,-0.8175809,0.521044,-0.8722768,-1.7562774,1.7659782,-2.179407,0.016954385,-0.12548535,1.324717,1.0963482,-1.4109339,-0.54418236,-0.39395308,-0.2128263,-1.1135471,1.0999095,1.1019013,-0.47815064,0.94636005,-1.3649466,-1.6061064,1.3161163,-0.008127402,2.4337406,0.62553924,-0.23219277,-2.3177934,3.2531316,0.7661085,-2.008885,-0.013043579,0.9869819,0.30583274,0.79521686,0.20000784,1.7024089,1.1108555,-3.6450698,-0.25518286,1.271401,-0.7790962,-1.1981435,-2.1561913,-0.853478,2.1508012,1.5911245,-2.2083595,1.1616316,0.72293884,-0.38493636,0.2625195,-0.96180093,-2.0619376,0.99123544,-1.3176384,0.0089710485,-0.30963907,-0.34174022,-0.7345428,0.09649223,-0.8587173,-0.73099416,1.3768376,-0.8961011,-2.0066524,-1.5343045,1.6205462,1.0539324,1.3834829,1.1983182,-2.5348282,2.1026711,-1.5126244,0.9102195,-1.2324659,-0.85885537,1.214426,-4.258203,-1.1706719,-2.1741223,0.5431714,-1.851225,1.2196281,1.1030279,-0.8031818,-0.8661791,1.4395711,1.12629,-1.0247675,2.8180828,1.3916724,1.8917593,0.6627645,-0.8476512,0.9396947,2.138772,1.6360499,1.7783793,-1.011315,-0.32279965,0.83143514,1.0730546,1.4152255,0.6548666,-1.5140481,1.3664557,0.11811517,-1.1669103,-0.19134308,0.864163,0.37617883,-0.014114747,1.8743474,0.8867125,-0.13234042,-1.2754173,1.9436531,0.08722564,-4.216356,1.5882401,0.78771913,0.22250776,-2.0013075,3.0305653,1.032853,-0.619264,-1.4956912,0.899386,1.9796419,0.59167504,0.040302433,-2.1262848,0.2712025,-2.4691103,0.4298959,0.46497843,1.6279733,2.2466574,-1.3534544,0.22844824,0.3213482,-0.92358726,1.5981103,1.1028064,-1.6057501,2.0978494,-0.0035053154,2.8068755,0.4279607,-0.8208636,-1.1587068,1.3041772,0.30990627,-1.7135391,-0.3658788
Q9UKY4	-0.48210078,-0.61320853,2.12775,-1.412015,1.5374634,2.5685277,0.4075048,1.8575283,0.4604113,-0.86881125,-0.35259748,-0.96585286,1.0839998,0.625726,0.81991655,2.145101,-0.6310592,-0.88450825,1.9025259,1.9782164,0.3347011,-1.2053589,0.8269595,0.5745042,-1.162321,-0.4228514,0.11913312,-1.8892597,-1.2996002,1.085012,-0.3748164,1.4661486,2.32447,1.0596513,0.0024624602,-0.18928482,-0.67182934,-3.0402033,-2.1739888,-0.22999617,0.39841568,2.1462295,-3.145756,-0.5067428,0.5867592,-1.1621752,-0.12489032,-0.48103136,-1.3518927,1.7691554,-3.0176423,1.1557592,-1.4074724,2.2973008,0.35524297,-0.32701153,0.41098425,0.0016442911,0.7118775,0.8725013,-0.47092003,-1.1171273,-1.0531435,0.7417307,-1.2120113,-1.4621729,1.8683484,-0.4515602,2.6607478,-0.65284806,1.60605,-1.690502,1.239239,0.5227554,-2.1075327,-1.136939,1.3203346,-0.052590553,-1.9076592,0.13057438,1.9943411,-1.5047541,-2.404703,0.6634357,0.6526034,2.9366477,-1.2608979,-1.8742644,1.5594704,1.8428023,0.14031503,-0.44422624,-0.91055703,0.044508506,-1.0398201,-0.025996199,1.0525671,-1.1642482,-0.020911926,-3.214874,2.394267,-0.25236595,0.8227292,-2.4453583,1.0084527,-0.49505165,-0.6404163,0.24137753,-0.5959673,-0.24848828,-1.6706514,1.0563276,-1.673778,2.8862913,-2.2667902,-3.136529,1.6640877,-1.1811062,2.2431605,-0.31149945,-0.19481711,2.4189641,-1.2186875,-0.71023583,-1.7870083,0.8906969,-0.9241172,1.6243565,0.042857204,-0.31851694,-0.73261833,-0.21668684,1.3178642,-0.36682507,2.8474998,1.4531193,1.6268373,0.32906616,0.044425394,0.988947,1.6542723,-0.6706241,0.5688077,0.33451763,-1.1833173,-0.41860288,1.624946,0.34954852,-1.8697628,1.2415293,-0.4281455,-2.2430515,-1.1411524,-1.5186557,0.12171641,0.69750977,0.890156,1.3081887,-2.1534476,-0.0631732,-1.3998231,-1.4347446,2.6805184,-2.1144152,1.0320585,-2.3530047,0.038425528,-1.7312455,2.5949376,1.5231656,0.5183905,-2.4581091,1.4266152,2.9002507,1.24907,0.7544998,1.241303,0.8500711,-2.7352755,-0.2775434,-0.8338819,-1.4479017,1.8116434,-2.534948,0.061337188,0.8076827,0.54249763,-1.0503362,0.16830379,-2.4683175,1.4759841,-0.67191255,1.9487877,1.6182681,-0.23008026,-1.4061426,-0.10823922,0.88259435,-2.3166575,0.31208992
P42765	0.18233554,-1.9895959,-0.64864993,-1.739911,0.053107012,0.39953965,-0.5387962,0.41568485,0.58510715,0.68656945,-2.0621347,-1.7804914,-2.14701,-1.4685749,-3.6911585,0.338757,-0.3031091,-2.0234973,2.0806153,0.29759505,-0.7446159,-0.57153726,0.16302632,0.43003196,-0.93791264,0.32480177,2.0307987,-2.753031,-1.785794,0.3638635,-0.66632503,-1.8882233,0.52976024,-1.781569,-1.3915015,1.317468,0.8328385,-2.3056128,-1.4961343,0.8170062,0.43772975,3.9004862,-1.2216988,-0.48407578,0.118760616,-1.1639725,-0.14876215,-1.8852437,-0.38470843,0.7244767,-1.7181057,0.67230654,1.0372876,-0.43328422,0.60306126,0.8193195,-1.1100234,-0.40229207,-1.5312924,0.48496816,-0.19166288,0.2978055,-0.8195823,1.6816977,-0.88495255,-0.32810205,2.1216996,0.72513443,-0.14079027,-0.9350172,2.5705054,-0.97096264,3.215194,-0.4211346,-0.0917437,-1.2704047,-0.25957873,-0.21324897,0.15530576,0.48187378,1.4021108,0.7471464,-1.309529,-0.12018659,-0.8543463,-1.2202448,-0.9731485,-0.8670858,0.03096759,-0.3147818,0.6807872,-0.2081015,-0.81339866,-0.13611603,-1.5670575,0.47668448,1.460329,0.941276,0.20135972,-1.6291891,0.21612073,-0.28447253,-0.8453117,0.08974023,-0.14586824,0.48592454,-2.0427294,1.2068524,-0.6474926,-0.3939044,0.58142,0.70555943,0.40630275,1.1709061,2.059406,-2.109727,1.8535566,-1.3368039,-1.4359239,0.78201765,-0.611898,1.1649145,-1.8220507,0.395264,-2.4061782,0.72201467,-1.5307162,0.44808713,1.1194729,1.2202023,0.51640654,-1.2569128,3.1171584,-0.7236334,1.3050097,0.23863168,2.8230212,0.04248794,2.9142506,1.3008269,-0.08262548,1.2597224,0.85832155,-1.5809832,0.29591075,2.2354312,1.6538749,0.3466108,1.590776,1.3096385,3.384793,-0.54641026,-0.6818649,-0.4908609,0.04466081,0.90063614,0.04195906,0.86187464,-0.12521127,0.35153618,-2.0720465,-1.7441543,0.24368228,-3.1761558,-1.0770261,-0.019961424,-0.7101154,-1.3866704,3.3058705,-0.5961917,1.4787693,-1.8020469,0.4522011,0.3029776,-0.0113583375,0.18138003,-2.3924246,1.219841,-2.505584,0.027416715,-0.70721394,0.030603608,0.6343802,-1.6365451,1.2002826,0.46083608,-1.9916346,1.051608,-0.15575424,0.030249827,1.1978323,0.21906227,0.6284364,0.3021005,0.31307966,-1.7967064,1.2722517,2.195758,-0.7707199,-1.9954036
O94907	-1.4375374,0.7338318,-1.029905,-0.06235246,0.78660876,0.64185166,1.1397887,0.5995251,-0.40872222,0.42886263,-0.049276043,0.12543993,-0.47626463,-0.31717646,-1.9229971,1.6134111,0.6405264,-0.62795746,1.078516,-0.43344155,0.32429332,0.25511625,-1.5626714,-0.7395995,-1.920028,-0.018323809,0.87686116,0.3265775,-3.1759384,0.19002087,1.392974,-1.4638335,-0.119823776,0.10534562,0.3594568,-0.48276153,0.31540996,-2.285899,-2.3020813,2.1061053,1.3502179,1.4870745,-1.1770828,0.16925651,1.5527577,-1.6126349,1.0408975,-0.31650856,-2.7981389,0.72764397,-0.082974486,1.3740544,-1.2699703,-0.6608927,0.055217225,0.6367086,-0.99733704,-0.6283025,-0.71306807,0.22300749,0.39820325,0.75427943,-0.23820432,1.2537005,0.0017689822,-0.48905405,0.4787687,1.0379914,-0.17751852,0.10101689,0.96600014,-1.272284,0.5088997,-0.6298113,-0.40528548,-1.9205544,-1.1509078,-0.8751585,0.9841933,1.0823588,-0.042044688,-0.78334653,-2.827151,-0.7140108,-0.5117168,-2.2971768,-0.37107873,-1.7577288,-0.6115621,1.2596447,0.48825997,-0.37598142,0.36653516,2.2422512,-0.08143026,0.20082746,1.4634142,1.2642258,1.8329223,-0.9115165,-0.17142808,0.74478906,-1.2805438,0.4353941,-0.4934257,-0.43443304,-1.4846916,-0.11205663,-1.3057582,0.7664693,-0.951057,1.1520628,-1.0686811,0.27706307,-0.5212923,-0.4978343,-0.6054455,-1.2187573,-1.3710673,0.2225905,-0.13656464,-0.9198651,-1.6558075,-0.3761896,-0.9777026,1.7389289,-1.1591815,-0.035907097,-1.1818831,1.2310982,0.5785831,-1.3177392,2.317572,-0.3095386,2.0219564,0.95864826,2.5963762,-0.5144212,-1.4544333,1.2696087,-0.51661944,1.1382446,-0.48260853,-1.0521684,0.11651226,0.41246483,0.33126086,0.35865846,-0.5901708,-1.5380251,1.139907,-0.023771375,-0.7396704,1.5304772,0.16879457,1.9563383,-0.654177,0.85932964,1.187792,-0.32478058,-1.7574855,0.7297955,1.3023667,-1.5643657,0.2644738,-0.58558494,-1.798214,-0.1639026,1.1674534,-0.3214866,1.3605082,-0.41324562,1.274864,-0.6934052,0.4673574,1.4463584,-0.47343907,-0.068516195,-1.5006099,1.7265064,-0.7397739,0.93871623,0.5748394,-2.2854826,0.88096154,1.4161062,-1.9973756,-0.5694228,2.277614,1.0095042,0.9232375,-0.5699505,-0.17169724,0.20970735,-1.0813999,-1.8003112,0.5492607,0.9178529,-1.2600935,-0.08296839
P02549	-0.96150243,-0.42872846,1.0573092,-1.6498305,0.7367697,2.2522476,0.53878134,1.6946511,0.8812175,-1.6557709,-1.0878416,0.59067047,-1.0191237,-0.5905519,-2.1192918,1.6243751,1.7431058,-1.4731424,1.4467388,1.1921917,1.8824546,0.3730698,0.8212347,0.7828766,-0.9380368,1.0314552,0.7771368,-0.5402698,-1.8263334,-1.4909366,0.6568464,-0.15351442,-0.07407224,0.90230477,-0.3518801,0.73782235,-0.75784343,-3.3011248,-2.189697,0.3589721,0.93505746,3.041665,-2.4893546,-0.39901075,-0.0413481,-1.3198589,1.1436685,0.056359615,-1.3099211,-0.7047298,-0.80123705,1.0607649,-0.77954906,1.194117,-0.38327065,2.0555391,0.48667818,-0.082495205,-0.07969994,1.2050744,-0.104641885,-0.22478399,-3.2678816,1.9559113,-0.2972884,-0.40927964,-0.3362295,-1.8383842,-0.009478011,0.0787415,-0.52638966,-1.4849142,1.0268275,1.0248834,-0.32382745,-0.034066364,-0.8727766,-0.9612901,-0.13177428,0.76041895,0.6021968,-0.38532478,-2.675096,0.72351176,0.80404085,-0.5671387,0.5074887,0.12739708,0.19608541,1.1773945,-1.1574931,-0.79300845,1.1266432,-0.041038264,-0.805184,-0.5485356,1.5270933,-0.08939098,0.803006,-0.56932324,1.2250816,-1.1076292,-2.644807,0.6079305,-0.39962858,-0.6012892,-0.06487827,-0.060430102,-0.67346066,-1.5886176,-0.5919492,0.63800305,-0.1670409,1.4864203,-1.0115635,-1.1849815,0.4163637,-0.54500544,-1.2119384,-0.30666804,-0.4232314,1.022163,0.4095404,-0.38301086,-0.5813442,-0.4035156,-1.1605605,-0.58226085,-1.0619955,0.20007868,0.12159985,-1.862613,2.3335314,-0.8059901,1.0989053,0.79532707,1.5034722,0.25480315,-0.025287256,0.4581047,1.541572,1.0369416,-0.27724096,-0.4258215,-0.71538395,0.7240075,1.336158,-0.89354396,1.588233,-0.018946039,1.9449862,-0.9926456,-1.2159727,0.029695155,-0.21300448,0.6814367,-0.3670948,2.2249842,0.9029441,0.31605205,-0.33891413,0.48074195,2.2863293,-1.3505044,1.1404674,-0.4162161,-1.4314592,-1.3533759,1.583417,1.5446181,1.2535954,-1.47197,0.49231324,-0.16833831,0.6112895,-0.72803134,1.0068599,-0.14039893,-1.5724272,-0.6542277,0.75110865,1.1155375,1.248933,-1.1118275,-0.27672192,3.011052,-1.3839854,-1.2729461,-0.006885265,-1.3090028,0.6327868,-0.7660035,-0.24301903,1.3951957,-0.68119985,-0.56265044,0.9362454,0.15720269,0.74242884,1.6227899
Q9NQ38	-0.71174926,1.0904466,2.3887353,-0.499328,2.0061672,1.3844024,-0.9979042,-0.064203724,0.17423314,-0.29634804,-1.1377997,-0.95671964,0.28083965,-0.38272625,-0.6351702,2.0708313,1.3085662,-1.0443174,0.36305097,1.1024438,1.7611536,-0.8047504,-0.067265205,1.378356,-0.29365334,0.07625333,0.5776865,-0.27202386,-1.7449132,0.09305977,-0.21894114,-0.27002162,-1.0339401,1.8735367,-0.2677241,-0.35457465,-0.5908698,-2.4177063,-2.6201684,1.4030355,0.81649536,2.7762783,-1.449201,0.9014583,0.70274097,-1.3955622,0.96438223,0.9208695,-0.11283989,0.8609385,-0.80094,1.7951617,-1.5183203,0.5574869,-0.03741126,0.80474424,0.45248428,-1.2441958,0.34184813,0.046261806,-1.0781075,0.54714584,-2.5454607,1.6099099,0.18167955,-1.1077434,0.5570756,-0.10575096,1.0296152,-0.8753357,0.61743236,-0.71113575,0.1300466,-0.856054,-1.546286,-0.55910456,0.6357174,-0.10678371,-0.07933105,1.2394844,0.84116286,-1.9444892,-2.511908,1.669119,-0.92846227,-2.128752,0.28884515,-0.57976824,-0.017431233,1.3764113,-0.4156579,0.82243186,-0.26805717,2.4405837,-0.4793486,-0.58907694,0.6948169,0.13583022,1.8508943,-1.8668967,1.6623147,0.84401184,-0.82712793,-0.51020443,-0.2880592,0.50303,-0.67467004,1.1420004,-0.35407278,-1.2939839,-0.6583677,0.77724445,-0.732837,1.3416605,-1.8965356,-4.195302,0.5882041,1.4286,0.6148122,-0.5328644,0.4954392,1.8380405,0.66999805,-0.03715185,-1.2782627,-0.6473222,-1.647175,-1.2891527,-1.0393101,0.08329008,1.6255757,-2.2691467,0.3239739,-1.0500345,0.9457326,1.8881196,3.128555,0.20144597,1.4890025,0.9090514,1.131681,0.34881747,-1.60378,-1.1344173,-1.0942737,-1.2247628,0.4261377,-1.0602406,0.13728657,-0.34939507,0.48959675,-1.3513734,-2.898787,0.94476366,-0.010970504,0.8268855,1.7397034,1.7950822,-1.0167279,-0.67677903,-0.6953264,-0.30100077,2.3384416,-1.8382018,1.4764389,-0.6299307,-1.596375,-1.410485,2.4375,0.1082565,1.0791646,-1.379186,1.7397023,0.6843088,-0.23930632,-0.35424477,1.9021996,-0.47927445,-2.5725691,0.3642142,-0.11878989,-0.1479275,-0.1697789,-2.81163,0.5376452,2.6529148,-2.003309,-2.8844285,2.4667752,0.94321907,0.44011062,-0.094578505,-0.6066374,0.9992222,-1.739881,-0.22836724,0.72706753,1.601137,-1.4096177,0.70596176
P57764	-2.3062282,0.80412275,-0.22902279,-1.3534133,-0.14090627,0.4355814,-0.06726845,0.46616018,0.10155584,-0.3082695,-0.4545886,1.4079825,-1.5117058,0.1632739,-2.7788007,1.8338194,0.6734571,-2.3935037,1.1686541,0.9911596,1.1192876,1.1671937,0.9722084,2.719446,-0.088043846,0.45036313,0.106158786,0.11495571,-2.0245984,-1.6890606,0.51716834,-0.8793273,-0.7848645,-0.12697875,-0.12584434,1.3969835,0.14563128,-2.9542818,-3.0832014,1.1568798,0.5243221,2.0621116,-2.4824953,-0.40086773,-0.6902095,0.25000685,0.5351548,0.7984272,-0.6196346,-0.6965884,-0.063875884,1.0433972,-0.21744582,0.33116785,-0.25110787,2.4603248,-1.313438,0.10846906,0.43512627,0.17602326,0.2634268,-0.38193956,-1.2974962,1.6173948,-0.25569814,-0.5567402,0.46977782,-0.40089113,-1.0329896,-0.5738033,0.13585827,-1.9122225,1.8972769,0.92468905,-0.9240956,-1.9094666,-1.3616091,-0.35312635,1.1165516,1.2442458,-0.59248465,-0.5693244,-2.9394717,0.09225533,-0.7025025,-1.2767735,0.36916462,-0.3555561,-1.5783826,1.342821,-1.3063062,-2.0384512,1.0022892,0.58081776,0.23059542,0.31739688,1.1184552,1.1420846,-1.0426809,-0.25363842,-0.34780124,0.21833728,-1.8532352,-0.09191211,0.15043582,0.28171209,1.104543,0.5212162,-0.9850233,-0.55726045,0.80970454,0.6669203,-1.4700475,0.934487,1.0075523,0.040529326,-0.7092578,-0.97391367,-1.584994,-0.5098402,0.23479664,0.98046094,-1.2156426,-0.4598473,-0.9696879,0.6920256,-0.14220962,-0.8044297,-0.99290276,0.2675776,-0.3152318,-2.158172,1.6930315,-0.5062326,0.9770915,0.3463602,2.819837,-0.23074588,-0.45641762,0.89184606,-1.6410075,1.5381193,-0.39002097,-0.08458384,0.25721762,1.3211846,-0.32642108,-0.29402867,1.2686378,0.68027705,1.1691594,0.11444472,-1.3943661,0.61564714,1.3096062,1.4624597,-0.42280143,2.1875813,1.0276991,0.021101281,-1.0752764,-0.6506674,2.429318,-1.403175,-0.40105727,-1.4925466,-1.2338556,-1.2305329,2.5308683,2.0143049,1.200636,-0.4177177,0.19287811,-0.21704179,-0.3418437,-0.18643948,-0.39701867,-0.5811631,-2.118968,-0.21844524,-0.2657911,1.0877793,0.42799237,-0.2834333,-0.2040225,1.1306643,-2.0390286,-0.62193584,-0.19534616,-0.14868513,1.2507657,-0.004162527,-0.5283872,0.6181819,-0.2356948,-1.0022393,0.9378433,0.89661056,1.886253,0.02985008
P02760	-0.20634797,-0.39142072,1.0489514,-0.8547331,1.1568375,0.42831305,-0.82484907,0.5447046,0.79304063,-0.76608527,-1.1432213,-0.2206031,-0.13358459,-0.20042934,-1.7878163,1.9342414,-0.3852206,-1.7854342,2.03893,1.3591555,0.7672757,-0.8287687,0.67640543,0.8726599,-0.5533012,0.06172454,0.2725682,-0.009606558,-1.4017372,-1.0967255,0.30861148,-0.39610097,-0.9569129,0.3810598,-0.41505697,1.0733197,0.68248355,-1.7960402,-2.0242124,0.36281556,1.2133774,2.9481075,-1.7761288,0.31476223,0.13908097,-0.37954643,1.0125686,0.71848404,-1.5997345,0.48477364,-0.36497137,-0.09533378,-1.7159797,0.25567845,-1.0224822,-0.48356947,-0.52728546,-0.23750466,0.49727604,0.123340495,0.9279929,0.30766466,-1.5798798,1.6069994,-0.51675373,-1.4268016,0.63136005,-0.19386087,0.5601064,0.2861219,-1.2222104,-2.3277967,1.0878555,0.80838984,-0.80215603,-1.452779,-1.7623098,0.88635427,0.5778287,1.7860794,-0.3309851,-0.28432125,-3.3613703,0.6821321,-0.5886926,-0.84710205,-1.0012723,-0.8585612,-0.66688436,2.703005,0.8495274,-1.5754066,0.6051309,0.70214826,-0.55561894,1.5245693,0.247041,1.020013,1.3571541,-1.2176427,1.1768942,-0.625052,-1.4198936,-0.11453271,0.06411037,-0.54836154,0.46469063,0.5915744,0.36907956,-1.1996206,-0.9903617,1.1836162,-1.7897298,1.0219648,-0.2864049,-2.0153544,-0.10227206,-0.18901287,-1.3653082,-0.122105725,0.01657336,1.7511344,-1.4081424,-0.6391574,-0.57487303,0.91431135,-1.094592,-0.61606294,0.01567467,-0.04099799,-0.41772234,-1.6730293,2.781163,-0.6136854,0.70580465,1.0544658,2.0625153,-1.3297106,-0.112149686,0.29744533,-0.34338808,1.9296274,-0.671026,-0.7070744,0.09924789,0.1712336,0.41498867,0.72141075,0.41412207,-0.47196814,1.1904768,0.8537027,-2.1271539,0.16459644,0.72696996,0.06986384,-0.13447292,1.5496662,0.12541924,-0.71757877,-0.31646302,-1.11776,1.0152237,-1.9489635,2.0218565,-0.8674917,-1.2064061,-2.1484375,1.946502,2.182651,0.51679665,-0.6110997,0.39057192,0.40292597,1.2152894,-0.36596206,0.4020445,-0.726905,-1.924112,0.4805871,0.57130826,1.9073055,1.8172991,-0.6329545,1.4556404,1.4709822,-2.156476,-1.2587686,1.0669161,-0.37157717,1.4258821,-0.5758263,0.24135184,1.2831581,0.3082025,-0.89995867,1.3067231,0.009880904,-0.61163795,0.8032619
Q96KB5	-0.74058044,-1.9021492,-1.4863245,-1.7159323,-0.2926667,0.40604714,0.024819545,1.0898417,0.97213656,-0.038892068,-0.8364256,-1.0722485,-1.8269416,-0.3320853,-3.074087,0.38384587,-0.13827142,-0.74958426,2.457653,0.42568547,-0.05226672,0.8463543,-0.6830294,-1.4272685,-3.0215642,-0.103624195,1.5806164,-1.9898295,-3.1115236,0.99118793,0.70649004,-1.5208894,1.2797543,-2.0288825,-0.69361806,-0.0029279045,1.5007174,-2.7957814,-1.8520762,-0.08378897,1.683175,2.198605,-3.0153174,-1.8104147,0.051670108,-0.44867966,0.9985184,-2.1755986,-2.5348134,1.9996545,-1.8740563,-0.77684146,0.3309279,1.6521842,1.2956939,0.661826,0.099724695,0.78695047,-0.34328106,1.0762526,0.46852064,1.8372091,-1.1386244,1.1114492,-0.20920452,-1.3401661,0.58265966,1.85348,-0.4602391,0.46958923,1.7921058,-0.94658315,3.3378286,-1.5117756,0.17121041,0.4221203,-0.74738336,-1.7095076,-1.1189425,-0.55492425,1.1960659,0.64307785,-1.5521872,-1.4345427,0.24634033,-0.74183875,-0.7606275,-1.2087884,0.41261992,0.8944642,1.3517449,-2.1343026,1.1326983,0.1637859,-0.65782213,1.0409546,0.8886317,0.60753745,0.5738369,-0.060544882,0.5126971,0.08073455,-0.8981639,0.45355144,-0.32584673,0.26587242,-0.9054888,-1.201655,-1.7754898,-0.20200814,0.3110891,0.59913987,-0.965089,1.7015532,2.2721372,-1.094081,2.9806745,-2.124625,-2.9802227,1.0381368,-1.6354495,-0.63220984,-2.589735,0.09992464,-1.0250684,0.09614648,0.08172754,2.5288281,0.097008415,0.5049832,-0.32437253,-0.39360133,2.8907032,-0.22010237,2.2910242,0.9768793,3.0386317,0.28642246,-0.9224668,1.4406272,0.15271,0.7490777,1.4988521,-0.039964598,-0.49860322,1.9281361,2.0231864,-0.11075871,0.32009387,-0.9514993,2.75862,0.51548314,0.33721963,-1.3479383,-0.77431726,-0.0011941707,-0.3326203,1.9458107,1.1202427,1.1035936,-0.89273775,-0.52612704,0.48510107,-3.582376,0.27242222,0.8765297,-0.8271376,-0.92505485,2.3233905,-0.14633407,1.4930365,-2.217852,0.101448305,-0.5670371,0.8221609,0.9214508,-2.0593183,0.6795031,-1.4172764,1.072872,0.6113982,1.3801601,1.4482005,-0.94637823,0.15236887,0.77391297,-0.7302923,1.6628709,-0.6049641,-0.02397431,0.7721415,0.38681838,0.6891637,0.26329985,0.299145,-1.7345402,1.4020512,1.0739617,-1.700196,-1.1857076
Q6UXV4	-2.2514796,1.0068585,2.2905223,-2.838436,0.5174345,1.6621248,-0.4181961,1.0026861,-1.261792,0.25935856,-0.0910665,-0.33490703,-2.0842233,0.43677372,-1.6940253,2.5356817,0.10556187,-2.9071193,0.53064555,0.56776124,2.1151998,-0.8193392,1.8047781,2.7354715,1.1339194,0.6551526,-0.7178247,-2.006103,-2.3712697,-2.4679968,-1.1853476,-0.82492363,-2.5255795,2.0062776,1.0202819,1.7263532,-0.29597265,-4.7657433,-2.668559,0.4376315,-0.18241929,3.4363573,0.2268724,-1.5852273,1.27143,-2.2196445,-0.22287323,-0.27983537,-0.23294193,-2.0797231,0.2633862,1.7520703,-2.3798463,0.3784859,-1.6064879,1.5756721,-0.2579352,-2.0414567,-0.20974047,1.781147,-1.2701846,-1.6199206,-2.4490156,1.4827183,0.7607447,-0.4836045,-0.053723376,-0.1373946,-0.21152794,0.825235,1.1212682,0.70208335,1.8697225,1.550265,-1.8817413,-1.755303,0.37861562,0.26912874,0.5983755,1.7292194,-0.21800584,-2.8232877,-1.2547168,0.21179998,-1.5852828,-0.39269805,0.31791353,0.71129143,-1.0793228,0.70485896,-2.5390449,-0.4806307,-1.045858,1.3394723,-1.2474679,-0.3038366,4.8742185,3.3155484,1.7545857,-1.395639,-1.7805907,-0.858157,-1.064511,-0.75310206,-0.60719055,0.66069263,-0.64773875,-0.69113845,-0.29253498,-0.8064437,0.30680624,1.703815,-0.36224312,0.7752492,-2.7329118,-1.669484,-1.5585289,-2.1796052,-2.0753686,-0.0060817352,0.35521346,1.2587825,0.38757807,-0.95467335,-0.14661899,1.1156839,-0.996939,-2.3029869,-0.96380764,1.4114078,1.0231653,-3.1941657,1.6367557,-1.6897937,-0.38961387,0.38641837,2.9302733,-0.9911087,2.711116,0.4266195,-0.070922635,0.97938204,-1.4019988,-1.7915236,-0.57382506,0.67222226,0.9134802,-2.5727725,-0.85360026,0.14466794,0.20913205,-0.90108496,-2.4006581,-0.09337551,1.2601877,1.9328343,0.70081264,2.209514,-0.28732952,0.3406823,-0.28194344,-2.9607513,2.978651,-1.7840656,1.8078272,-1.7264501,-0.96690947,-1.3084375,1.4438789,1.214598,2.2006567,-2.0568016,1.381894,-2.1286833,-0.4674855,-1.6409645,1.910644,1.1942843,-2.9979806,-1.0333871,0.114329,-0.6590863,1.0749812,-1.0163947,-0.10290574,2.2723582,-2.5577614,-1.8322943,0.07775011,-0.21130118,1.1906115,-1.965753,0.38611203,1.1567732,0.3267127,-2.75248,0.398189,1.4007989,0.32187134,-0.75298065
Q9H9Y2	-0.61176443,0.25100946,0.8182483,-2.2993839,-0.7083473,-1.2147385,-0.5832612,0.56425637,1.2503586,-0.60185146,-1.5437664,-0.05856119,-1.1195568,-0.18567441,-2.5088868,-0.67731494,-0.7928274,-2.3200834,1.8904876,1.1115977,2.6127503,0.87208295,1.1996654,3.2790663,1.3783531,0.32373637,-0.1595461,-0.38273737,-2.1855392,-1.6456347,-1.8831519,-0.50035584,-0.5107208,0.81768495,-0.0722837,1.2378006,0.39160654,-3.685249,-1.0466958,0.13284452,0.98377156,3.8417182,-1.7991397,-0.7343627,-0.66264904,0.3525408,1.1198205,-0.3644536,1.7602103,0.4727359,-1.7279651,-1.2929351,-0.7408561,2.800288,-1.2521478,2.3299987,-0.9976063,-1.6359825,0.8602165,-0.18805484,-2.2127783,-1.558808,-1.4802713,1.1409363,-0.21407627,-0.20555393,-0.61371934,0.201245,-0.7114254,0.83262193,0.3897612,-0.026691597,2.5674574,-0.33817506,-0.92331237,-0.9078193,1.3414214,0.093814075,0.7115138,-2.182028,1.9562604,-0.6970435,-2.051648,1.9120345,-0.20285799,-0.9816947,-0.6309546,0.36064503,-0.52281773,3.1746876,-0.00029023318,-1.7277274,-0.27646896,-0.7632383,-1.4115071,-0.7537295,1.949719,0.16852883,0.8842295,-1.605769,0.10198298,1.7557552,-0.9581246,0.62000155,-0.16292241,0.7227199,0.19712906,-0.62084293,-1.5582713,-1.5919236,0.10032814,0.68644243,0.4682173,2.6690176,1.8726981,-2.78837,0.52410626,0.10606982,0.25370473,-0.18258944,-0.4248364,1.566501,-0.71775526,-1.2031007,1.2094318,-1.4108047,0.019218737,-1.5432892,0.14562519,-0.22356932,0.31649873,-1.3941178,0.60588235,-1.6265607,1.2886266,2.8362675,0.9983544,-0.089123055,1.4291363,2.0323293,-1.0781426,0.045659136,0.90115863,1.2407825,-1.9154413,-0.36996543,0.8440213,-0.9876668,0.78472865,1.083355,0.27340966,-0.1693782,-2.0496066,-0.4958195,1.1662617,0.2766556,0.44137034,2.1553824,-0.7207093,-0.8010905,-0.7781477,-1.7385876,1.9577656,-2.6800575,2.2676756,-1.462651,0.21860424,-1.6093054,4.237987,1.3336264,1.5604131,-2.0074155,-1.6044374,0.06294831,-0.26438087,-1.379321,0.8978451,-0.65194106,-1.7833837,0.06932056,0.64879394,-1.1910696,-1.2736701,-1.5630084,-0.20740785,1.248274,-0.97530615,-0.9779223,-0.15504062,0.6408023,1.2195346,-0.2761185,-0.46924955,0.52176785,-0.8318185,-0.93358874,0.5935977,2.1076176,0.45127726,-0.7080108
P46531	-0.55590016,0.40595382,-1.0664028,0.021929322,0.5378726,0.47541517,0.3459771,0.26730752,-0.9094951,0.3801123,-0.35121998,-0.32825735,-0.7541833,-0.20316584,-1.3444251,1.0180675,1.001535,-0.58535546,-0.59239066,-0.3757023,-0.28691763,0.45244032,-0.5674701,-0.08829228,-0.83832145,0.43331236,0.5105921,0.37690774,-2.453755,0.96633387,0.4346814,-1.2604952,-0.7130701,0.17715006,-0.05250599,0.0146863805,0.30495358,-1.8109225,-1.7851982,1.1116928,1.1996998,0.5414283,-1.774794,0.39668927,0.5846175,-0.23358174,0.8553116,0.6853133,-1.6663451,1.3334094,-0.14458467,1.1183386,-1.2416075,-0.112311505,0.5208797,0.58376616,-0.5742105,-0.6148043,-0.32910463,-0.15543842,-0.2626417,0.21287094,-0.2132911,0.924402,0.20747183,-0.2610898,0.18797284,0.62733203,0.14036761,0.020446446,-0.10981233,-1.0721924,0.48150048,-0.8482961,-0.7024547,-1.0496376,-0.3222316,-1.014578,1.1174355,0.6376632,0.0060448335,-0.4797501,-1.961217,-0.7129186,-0.4406652,-2.430227,0.3485515,-0.74166405,-0.8329493,0.9874143,0.25776485,-0.6764516,1.2413982,1.6144385,0.12915052,-0.048200335,0.36617592,0.45789057,1.440385,-0.42339167,0.01749664,1.1226691,-0.9620816,-0.1458434,-0.33798447,0.4824451,-0.48756674,1.0846542,-0.7985637,-0.057177145,-0.74699575,0.647889,-0.61951023,0.4345169,0.27908748,-0.9226733,-0.056368683,0.6280686,-1.4690405,-0.4227778,-0.3974055,-0.32198253,-0.760238,0.14017254,-0.74359185,0.6456595,0.10632954,0.054816354,-0.89284384,0.33316797,0.3965849,-1.6527648,0.68635374,-0.41823745,1.2252346,0.468988,1.8943297,0.5998559,-0.37894905,0.6490421,-0.28150132,0.71668226,0.14728682,-0.4851283,0.41277567,0.4456899,0.44780836,-0.048473824,-0.38454363,-1.3516841,-0.13758731,0.063629046,-0.47923136,0.7714724,-0.31115067,0.99393916,0.00903986,0.88912666,0.9326053,0.22346435,-1.3833886,0.98554665,0.39296222,-0.12281205,0.4095362,-0.27405262,-1.074105,-0.20688762,1.0546538,-0.4885578,0.63600016,-0.46244404,0.35760322,0.064471096,0.21240655,1.5233611,-0.4402918,-0.2090769,-1.0269204,0.8338019,-0.46913797,0.8787122,0.20685826,-1.6256099,0.3302725,0.56007963,-1.4330404,-0.28391215,1.0706584,0.8613481,-0.33996952,-0.5121594,-0.43349832,-0.08807964,-0.3220596,-0.0880988,0.67989665,0.014853807,-0.6037388,0.8528883
Q969H0	-0.6244405,0.30784363,-0.25078827,-0.75565255,0.9271159,1.1588111,-0.83701587,-0.071760625,0.51965964,-0.32442838,-0.25232604,-0.33747655,-0.7083373,-0.7159188,-1.7251562,1.9913218,-0.5126552,-0.87825054,0.19881088,-0.025247024,0.25269362,-2.8130458e-05,0.8579995,-0.37259358,-0.9531376,0.82628345,0.21109843,-1.554806,-2.6561399,0.9677301,-0.37312916,-1.7603886,-2.0739207,-0.19735388,-0.13475105,0.56474185,0.31739756,-1.9326661,-2.3114998,-0.6004799,0.8745521,1.033468,-1.3072386,-0.2360691,0.47451672,-0.76359975,0.6114536,0.8545894,-1.956901,1.0983686,0.29608804,1.2303965,-1.0105764,0.4140868,0.41354513,0.01936293,-0.86072165,0.23627317,-0.85164076,-0.25488538,-0.051144432,0.8010086,-1.0807198,1.1583141,-0.06831916,-0.12092841,0.9910258,0.66768926,0.7169867,0.7817941,0.08442912,-0.5656658,1.4176513,-0.0943214,-1.1156455,-0.34502414,-0.6007516,-0.80683607,0.7124158,0.89779365,-0.06886932,-0.7471277,-2.6422946,-0.005335231,-0.004554578,-2.5444384,-0.6477159,-1.4453202,-1.1816418,0.8797424,0.07698009,-0.9717197,2.0647876,2.1636071,-0.43754867,0.7022067,0.8277203,1.3822798,1.9818997,-1.3207196,-1.1181372,0.07698095,-1.0560663,0.07166465,0.7643828,-0.14835416,-0.655756,0.12931184,0.4029547,-0.15040296,0.6432717,0.9711537,-0.93989295,0.77532697,0.595063,-1.4876322,-0.29406354,0.14176767,-2.1798534,-0.78059626,-0.3212923,0.31374842,-2.0579383,-0.10024107,-1.354004,0.09006105,0.072548516,0.45920247,-0.19838698,0.28230038,0.5777748,-1.7994031,1.5856826,0.24433817,0.85360163,-0.34118462,3.3435297,0.293934,-1.2262414,0.09340992,1.3063296,0.14389382,0.25441584,-0.9325267,0.31304666,0.98516524,0.5758236,-0.41785845,0.92695737,-1.4496492,0.55291,-0.021618145,-0.888672,0.9248945,-0.4579496,0.53671205,1.1970972,2.0412714,1.7075218,0.8722024,-0.5249776,0.021386394,0.7037439,-1.8278387,0.53081346,1.0321963,-1.4623322,-1.02072,2.7936265,-0.038030453,0.74285936,-0.92500615,0.14796951,-0.5953346,-1.363586,0.9145517,-0.1579906,0.07531225,-1.673433,0.4485137,0.96009,0.63114053,1.7500975,-0.25285572,-0.27709207,1.1045009,-0.8616918,-0.18893869,1.2239431,0.19427676,0.1230407,-0.7507264,-0.07080151,0.25285113,-0.3052586,-1.029844,0.8810831,0.3748577,-0.6555005,0.0833414
Q9NP61	-1.0675231,0.79841036,1.2071273,-1.3044702,-0.2959925,2.1888955,2.183396,1.295453,1.3180611,-1.3635072,0.63028145,-0.0062139193,0.26621613,-1.6441287,0.6474235,1.6341739,-0.2859282,-0.43467292,0.06179393,1.2161418,0.6704014,1.1789184,0.09215906,0.5485518,0.10628514,-0.3415617,0.63540006,-0.76810056,-2.665198,-2.199569,0.14911056,0.41644925,0.16094546,1.3243736,-0.2954643,0.20261201,-0.482652,-2.0685956,-1.4221857,0.8828375,1.6460619,3.3624682,-1.6695241,-1.2457876,0.74171597,-0.6924322,0.93944293,0.11657293,-2.248968,0.2802414,-2.8619049,0.5504788,-1.5334332,0.93542403,0.22750558,1.9061575,0.305736,0.23265137,-0.36497554,0.14056282,-0.6061108,-0.64277625,-0.5943402,1.2190489,-0.9236543,-0.8948748,1.4164348,-1.4744173,0.50398463,-0.72254354,1.9179046,-2.4104757,1.5535645,1.1670058,-0.8208007,-1.8132561,0.42658535,0.13280612,0.33357882,-0.10892177,2.4634697,-1.1988475,-2.383809,1.1492352,0.085029386,1.1167119,0.41918144,-2.182157,2.3285034,0.24163437,0.08204227,-1.333082,0.2776161,0.26943016,-1.4535792,0.16885272,1.6736941,0.68217087,1.2084254,-2.7370317,1.5062755,-0.038320538,-0.088134184,0.4573545,0.245729,-0.8394244,-0.42411312,-0.6295134,-0.7376744,-0.17827335,0.7285802,1.2438258,-0.5940846,3.7421703,-2.0120006,-1.0171843,0.9860375,-2.222715,1.3391563,-0.62611926,-0.6336117,1.1313236,0.23696885,-0.85512,-0.2710944,-0.36187923,-0.17060877,1.0045345,-0.05013505,0.3934111,-1.0585783,-2.062198,1.1597692,-1.8668208,3.3573086,0.73125184,0.7088874,0.18663527,-0.75080967,0.72275406,-0.072941355,-0.9640486,-0.76339644,0.57893044,0.39076555,-1.1768781,0.04805283,-0.47758672,0.279909,-0.36334246,0.5242512,-1.6408279,-0.5972017,0.094268374,0.16862069,1.5670234,-1.3679746,2.8407636,0.60704225,0.45630342,-1.0842078,-0.21734223,2.726707,-2.1679757,0.18837285,-2.23988,-0.156855,-0.9985136,3.5076816,0.7232874,1.384642,-2.2953994,1.8181157,0.506518,-0.68141806,0.33365268,1.2468792,1.3601378,-1.0650625,-0.46669063,0.7651047,-1.0704726,0.7498754,-1.8713955,-0.53698915,1.3553711,-0.48565328,0.38952643,2.1942735,-1.4722724,0.08982498,-1.781876,-0.48597178,1.3339787,-0.4049897,-0.82512057,-0.20898902,0.83544,-0.47306183,0.3610638
P35499	-2.2529974,-0.4909138,0.7183344,-2.4237206,0.9184299,2.815614,1.2167828,3.02381,-1.7210133,-0.71778375,1.4542074,-0.88583463,0.15833221,1.3795404,-0.8183323,1.3445454,-1.2064888,-2.9342623,1.364559,0.60683,-0.3748218,-0.4976088,1.4306284,0.23133644,-0.973501,0.0679983,-0.03884617,-1.5143006,-2.647716,1.6604505,0.29536828,1.1178,0.4121176,1.3161681,0.5925457,0.840186,-0.80129695,-4.896095,-2.2448995,0.23985185,-1.0762823,0.30956164,-2.1792943,-2.4672618,0.0162941,-1.9926208,-1.5909424,-0.700913,-2.7028208,0.7171439,-1.255898,0.29941374,-2.9176753,2.4735608,0.5533349,-0.62516373,1.6216605,-0.8932834,1.2392528,0.094214596,-0.23726389,-2.6555243,-1.4266651,1.4225602,0.8728288,-2.2312148,1.500068,1.5117273,1.5127332,1.3522853,0.44824046,-1.6190603,1.3104889,0.036108322,-3.0160646,-2.2224047,2.1840496,-0.86900526,0.52333504,-0.71919626,-0.69232893,-1.7828354,-1.3983296,-1.2906132,0.36740875,3.0729227,-1.0802469,-0.5748715,-0.7184382,0.9267281,-1.241098,-1.8118749,2.2578511,1.1596547,-1.212756,-1.0391642,2.9960694,-0.5096375,-0.5836826,-2.1432223,-0.498693,0.6366854,0.74970275,-3.3168094,0.6728717,0.7756389,0.609908,-0.76568705,-0.44941673,0.08740148,-1.124634,1.5296333,-0.7861111,1.6193534,-1.6293479,-0.9673552,-1.2873827,-2.8454976,0.36550778,-0.72711194,-0.66086876,0.1391417,-2.1816015,-1.5073012,-0.4833556,2.5043602,-0.12129486,0.7935067,-0.6942715,-0.73212904,-0.39391962,-0.3315471,0.66665983,-0.66148263,-0.020867039,0.8662559,1.5151563,0.51421434,-0.25217918,1.1710823,1.9630151,0.43857616,-0.15057272,-1.4034731,-0.58299065,0.41514397,2.324207,-0.99480057,-3.7101843,1.1859604,-0.580403,-1.5229546,-0.5694235,-1.9615742,1.1389797,1.5385278,-0.39379632,0.20757118,0.27017048,0.6335432,-0.84921086,-1.4886037,2.0952172,-0.9050569,2.0882766,-1.4667584,1.9074054,-2.338219,1.0279787,2.7368133,1.546673,-1.2053363,0.77564824,1.090313,2.9854517,0.36258847,1.1078383,0.3392804,-3.5533595,-0.7281062,-0.16018815,-1.05117,2.113016,-1.0728587,0.8439236,1.0189878,0.66134435,-0.37325856,0.12550102,-2.666275,1.1349331,-2.7568371,3.3347855,0.6096193,2.0725827,-2.9527543,-1.4020988,-0.37433866,-2.9729161,0.8841516
P07550	-0.94873375,-0.2562487,-0.9817193,-0.8309911,0.8155653,1.8841814,1.172041,0.60467273,0.19531347,-0.57437867,-0.026231222,-0.19974715,0.41512576,-1.1280104,-1.721093,1.5409214,-0.23484217,-0.99365985,0.8235013,0.14920461,-0.96835506,0.48787466,-0.21337804,-1.3505999,-1.6250725,0.06802259,-0.16474405,-0.69624,-2.9673111,-0.18865372,1.3462487,-0.30295804,-0.15707728,-0.47398838,0.10773099,-0.16573094,-0.16350602,-1.8668685,-2.2066708,0.7423124,0.79491085,1.7221045,-1.2406741,-0.7266097,0.59479535,-0.70354104,0.65858793,0.3161192,-3.0189407,0.67005295,-0.56401,1.3106766,-1.4293083,0.12666322,0.08145268,-0.16978271,-0.6213327,0.74033386,-0.45185804,0.085246496,0.15698582,0.9227281,-0.32710418,1.4171157,-0.33493188,-0.8565457,0.6151283,-0.28862742,0.9279455,0.7988243,0.09050107,-1.6142117,0.85931313,0.04186858,-0.64577925,-2.2556925,-0.8043924,-0.13519846,0.87369853,1.6070037,-0.59227926,-0.47933313,-2.2818582,-0.5867274,0.3839507,-0.7478994,0.088058874,-1.0656948,-0.056888893,1.181246,0.5032646,-0.98036015,1.1189722,0.8005528,-0.96760315,1.1135813,1.4272395,1.180447,1.5521008,-1.3509202,0.06832217,-0.45582572,-0.5307889,-0.49337387,0.085112326,-0.5430443,0.005145906,0.6839874,-0.30090532,-0.3256244,-0.7849757,1.6184382,-1.4538804,1.2032082,-1.1520485,-0.27696085,-0.4405796,-1.4569558,-1.9831574,-0.7028687,-0.55821145,-0.18917274,-1.7572799,0.21085526,-0.41042677,1.8272592,-0.1196011,0.92667496,-0.53161806,0.72700804,-0.37501124,-1.8457817,2.6106522,-0.79989,1.290557,0.084971346,2.2285337,-0.57229596,-0.9300201,0.5003817,0.1515737,1.241735,-0.47202936,-0.64786625,0.4017152,0.37517592,0.7053369,0.26071703,-0.46490204,-0.7312958,0.8218979,0.6937814,-0.46082374,1.6364932,-0.41600072,1.1699126,-1.0960317,0.87975305,1.9118531,0.6154423,-0.43754938,0.28323245,0.63741696,-0.95137304,0.18190177,-0.8860874,-1.1915779,-0.7266902,1.0534759,0.62350315,0.37932095,-0.36527625,0.10768775,-0.21480556,0.29191187,0.92446953,-0.013270627,0.45580816,-1.8704518,0.65099126,0.535378,0.67941326,2.1294143,-1.1805106,0.9190315,1.2106764,-0.81117725,0.5025472,1.8413273,-0.8966017,1.2175882,-0.98771703,-0.14509097,1.1003306,0.063528635,-1.6933162,0.6512923,0.08037332,-1.5979849,0.24365045
Q9UJX6	-0.48258132,-0.45867977,0.3841286,-1.5714506,0.47653848,0.61055714,-0.6094991,1.4407653,-0.11478989,-0.56796753,-0.15682502,-1.551591,-2.5651357,0.39441186,-2.683093,1.6583062,-0.18469669,-2.28399,0.6219012,0.7318718,0.9413558,0.63217586,0.82671577,0.8034158,-1.6764872,0.3224217,0.97113585,-1.8902736,-2.5686789,1.7089585,-1.0303001,-1.5421075,-0.9339931,-0.049952157,-0.14127752,1.3907452,0.9040724,-3.8228092,-2.7565026,-0.97353154,0.7187317,0.7620703,-3.0879068,-1.1599964,-0.26203525,-0.20880894,1.2492801,-0.24917503,-1.7316064,1.28717,-0.28783527,-0.34280092,-1.1401926,2.0119636,0.5513876,1.2190909,0.2750057,-0.030072862,0.0044077868,0.66679555,-1.0964993,0.8555596,-1.8855399,1.8433082,0.5089588,-1.0964379,0.112410754,2.155711,-0.18204369,1.255864,0.7815889,-0.45303085,2.4368205,-1.9775968,-0.50711864,0.7201043,-0.61331654,-1.9463221,0.031439543,-0.14002347,-0.23758276,-0.28141743,-1.7577051,0.07557461,-0.81590605,-1.5000892,-0.79923123,-0.8898263,-1.235408,1.8377095,-0.59967256,-1.478908,2.5765295,1.389465,-0.84301656,0.09843529,1.2849602,0.69346017,1.5467371,-1.0341524,-0.40157375,0.37747702,-2.7329237,-0.9721358,0.063468315,1.0035388,-0.49179408,-0.30065906,-0.021587478,-1.6132743,-0.024825893,0.367622,-0.8153523,1.3925253,2.0573483,-2.3733816,0.5909596,0.59944457,-2.8611546,-0.17143631,-0.7405917,0.21082123,-1.2503333,-0.19325809,-0.14992033,-0.09501589,1.128872,0.5786891,-1.49244,-0.2142331,0.45200542,-1.499041,1.8113847,0.42216814,0.49594736,0.18965498,3.3855202,0.85504794,-1.6558709,1.269005,1.2525083,0.33118606,0.94939,-0.28120935,-0.6865698,1.6996404,2.0168955,-1.0297817,0.080263205,-0.54083633,1.0717264,0.2994402,-0.8704539,-1.0364937,-1.1854242,-0.120507225,1.2115548,2.1293428,0.9361309,0.82298756,-0.013399257,-1.2798725,1.0567237,-2.582697,1.7260507,0.59881574,-0.7319392,-2.0033693,2.4754648,0.73193985,1.6026591,-1.9970218,-0.49163356,-0.9807458,0.7698854,1.2168934,0.16759583,-0.6920775,-1.4669265,0.4420828,0.9532302,0.5770945,1.8805603,0.04184238,0.4020421,1.3010316,-0.03337219,-1.0161002,-0.32142332,-0.176717,0.08817367,-0.2622366,0.21170086,0.4455149,1.0035064,-1.1966053,1.3776803,0.94741464,-0.5065534,0.8367556
O15117	-1.3392261,-1.3533916,0.9026082,-2.547316,1.0312557,1.7759119,0.4961174,1.7515663,1.4202679,-2.1543114,-0.73092973,0.66965437,-0.50825816,-1.0109837,-2.265814,0.6600777,-0.6718976,-1.7889656,1.5038803,1.5874048,1.3119814,0.67838603,1.6034988,0.61902946,-0.76567936,-0.09226557,-1.0213891,-0.4988522,-3.313747,-0.2882688,0.048105832,0.5531731,0.017249208,0.14104119,-0.31716648,0.6050171,-0.36978784,-3.351104,-1.7150217,-0.44379643,0.13244921,2.0254977,-2.6779358,-0.98134196,-0.7678988,-0.3253891,0.16555464,0.5930402,-1.9201044,0.7327297,-0.6437608,0.45052153,-1.6444768,1.7201437,-0.46012315,0.8893947,-0.2179535,1.4892541,0.54195124,0.105480544,0.53670996,-0.24120887,-1.5036523,1.6908631,-0.8511575,-1.3174506,0.043363314,-0.75543,1.2367355,0.0688401,-0.9450227,-1.296455,1.8283306,1.3691977,-1.2627819,-0.12574728,-0.7155521,-0.50184935,0.27820382,-0.20395562,-0.3346368,-1.2629614,-2.5800803,0.18715964,1.2760645,0.747225,-0.40433106,-0.041159127,-0.4233719,1.877545,-0.71884567,-2.9219055,1.6404945,-0.5013024,-1.1149378,-0.2628543,1.1282213,0.18195708,-0.10030163,-0.65732896,0.40248844,-0.5788919,-1.6508753,-0.25062436,1.2928673,-0.14183313,0.6863285,-0.029169865,0.30864915,-0.6227422,-0.44037881,1.4786694,-1.1837392,0.7583041,-0.48050892,-1.0252126,-0.23700444,-0.96427983,-0.883585,-1.2318009,-0.5080265,0.1910938,-1.640233,-1.1367927,-0.17014427,1.0137616,0.06786035,0.58885217,-0.8898211,-0.38405377,-0.83962035,-1.6060379,1.4367291,0.1422008,0.878856,-0.03103515,1.9892229,-0.26563552,-1.8480551,0.2260293,0.8329553,0.72338176,0.61533964,-0.026039626,-0.8851069,0.43944004,1.3034315,-0.34979695,0.27365768,0.14129828,0.55506957,-0.40866098,-1.2229263,-0.18588223,0.17942435,0.32210743,-0.8309657,1.8158197,1.3615707,0.57487065,0.74808323,-0.5108702,2.7168527,-1.2197418,1.042368,-1.0215266,-0.80828744,-2.0902967,2.1594012,2.8715398,0.38584068,-1.2816576,-0.76006794,0.30798215,1.0509629,-1.1287975,0.53975546,-0.022122892,-2.0671363,0.09725727,0.642945,0.09444182,2.1679661,0.6286077,0.042397663,1.909915,0.13313273,0.05835005,-1.1944975,-1.9370027,0.49821177,-0.707745,1.0011477,1.5516552,-0.01654357,-1.4122194,0.32490253,-0.67413515,0.06033686,0.75696933
Q99633	-0.40251866,0.0827081,0.6825153,-1.5083482,-0.52986944,-0.18920211,0.38301843,1.4439925,0.19560993,-1.2648783,-0.7701745,-0.8975955,-0.07843138,-0.098044686,-2.4196641,0.6455867,-1.3472054,-3.118427,0.8545669,0.49567857,1.6485311,0.7018692,1.6321905,2.5083904,1.1604619,0.34689197,0.12297952,-0.7537646,-2.3322423,1.2936097,-1.5482392,-0.5182061,-1.1752329,0.6501878,0.6272472,2.6903322,1.1919407,-4.0943584,-0.35934162,-1.6217858,0.43262324,0.28743166,-2.0016043,-0.7138663,-0.37775007,0.38211566,0.32009742,0.10977316,0.7529508,2.0372024,-1.22845,-0.5698946,-1.715191,3.216024,-0.3668238,-0.4552276,-1.4733214,-0.8364631,0.93435353,-0.90575576,-1.1656011,-2.2553892,-0.7295122,-0.0013329373,-0.18805888,-0.030569319,1.245722,1.4584657,0.1928275,2.2059946,-0.6049596,-1.2202567,1.5753341,-0.29386553,-1.983617,0.0030549853,1.8076735,-1.328464,1.4998285,-2.3396811,0.5332367,-0.25891557,-3.1344905,1.4887325,-0.37939358,0.448332,-0.7243448,-1.4609989,-1.5331578,2.6896517,0.8397142,-1.3149347,1.5401062,-0.31092316,-0.61096585,0.19055375,1.4557271,-0.07251717,2.002985,-2.7355556,-1.786374,1.206791,-0.65700924,-0.25513664,0.88794184,1.4581347,-0.5943184,-0.29596058,-1.00806,-1.2065902,0.60835916,0.5146144,0.7728389,1.5243664,0.22343494,-1.7455202,-0.66717607,-0.41630474,0.74212545,-0.43133822,-0.9246014,0.2034048,-2.813324,-2.6645525,1.5605587,0.2587874,0.62139183,-0.55813956,-0.3580993,0.44395655,-0.2200265,0.30618948,-0.1894809,-0.40651694,1.0288055,0.45892224,0.532824,1.0935286,-0.599017,1.7332443,0.1659399,-2.4272094,1.4319247,-0.16076317,-0.94910496,0.5054874,2.5229836,0.46859655,-1.3395535,-0.63632876,-0.97948354,0.5877964,-1.0843138,-1.6005467,-0.6370153,0.8374482,-0.4356632,2.0233371,-0.8911674,0.24879941,0.33963734,-0.36002952,0.19763349,-2.6770508,1.9828467,-0.9299599,0.9083533,-1.942978,3.3571405,0.9318342,0.34670478,-2.6487474,-1.226655,1.2629124,1.6428819,0.96406734,-0.36693534,-1.7302479,-1.3704939,-0.30608976,0.08125779,-0.82266796,0.1759519,0.01413157,0.40979666,0.34704313,1.1793292,-0.106452145,-0.84074056,-0.7015512,0.62118137,-0.09764206,1.0089794,-0.6016492,0.5150586,-0.8586604,-0.26690423,1.1173658,-1.0240953,0.1378298
P48449	-1.1869309,-1.7067405,1.0508983,-2.0674393,0.72090954,2.0787187,-0.10500661,0.5587929,0.5922839,-1.3295529,-0.5255213,-0.85668534,0.61016893,0.117764935,-0.5915876,1.8181885,-2.0357087,-1.4896538,3.697423,1.3636782,-1.0376906,-1.983357,1.6892837,1.4306965,-0.4570277,0.19188029,-0.38180107,-4.8927116,-1.1734346,0.018038044,-3.4199438,0.29695407,-0.4310425,0.49585012,0.83181643,1.4050479,0.005115182,-2.9930549,-1.9868006,-1.7865674,0.5398519,1.8635396,-1.6281669,-1.5601859,0.884468,-1.2836763,-0.7819735,-0.4135417,-0.8777924,1.556757,-1.3091967,1.5487171,-1.4704729,1.4125019,-0.038649723,-2.2669282,-0.08484355,-0.62085664,-0.072133124,0.6416787,-0.44072574,-1.0047811,-1.6931247,1.2005911,-0.5164822,-1.3360299,2.9739442,-0.005055733,2.7619536,0.6163363,0.09426606,-0.5476424,1.117902,1.0644611,-2.512693,-0.9023908,1.0709122,-0.46210924,-1.5290918,1.089405,1.1498138,-0.6795337,-1.3389083,0.051057376,-0.5699528,1.2388461,-2.1008341,-1.895842,0.6922393,1.6689844,0.055112567,-0.7021996,0.45874965,0.19214255,-1.269587,2.6255784,2.1349113,1.7063161,2.0035725,-2.5015123,0.3440106,-0.66135365,0.7019775,-0.88179445,0.06351129,-0.61981106,-1.3908895,-1.2246419,1.7556033,0.9121946,0.46207005,2.164067,-2.145929,2.028629,-0.5364106,-1.9692527,-0.17572545,-1.8479338,-1.6197518,-0.028648676,-1.4104602,2.0973175,-2.3132772,-0.45975968,-1.5309057,-0.7151994,-0.9919597,2.1475935,2.404587,0.5792296,-1.8278722,-1.4937787,1.9390284,0.081474066,-0.04313507,0.4408387,3.5462637,-1.0591967,0.53974503,-0.8058313,1.6030234,-1.31787,-0.4205872,-0.18047896,0.18861301,0.5231316,2.0066938,-0.42697424,-1.4956733,0.19253275,0.9195087,-1.7131147,-0.6553544,-0.63454616,-0.23710553,0.57115054,1.1999143,1.6845547,-1.1886963,1.3200401,-0.047358792,-2.7637017,1.3376049,-2.0508869,1.968389,0.25455496,-0.3562925,-1.2214152,2.6164765,1.1959713,1.4872162,-1.2128613,0.8160765,2.3070114,-0.45197377,0.20103197,1.390985,2.4552443,-2.5242326,-1.5549613,1.3363394,-1.1933045,2.5148745,-0.5394113,0.4410306,1.593006,-0.7701857,-1.3207271,-0.7265595,-2.8232923,0.94006854,-0.2295507,1.3573904,1.2246429,-0.29856527,-2.0827324,0.06438287,-0.4916557,-2.3033826,0.41740742
Q8IUR0	-1.3273392,0.41503483,2.520322,-1.6190487,0.26372808,2.034782,0.5896294,0.9713039,-0.14203694,-0.8480872,0.7573813,0.1222255,0.5284467,-0.28006515,0.104718305,1.5660026,-0.13397127,-0.24164695,0.8769093,1.0558649,1.4903926,0.67335963,1.5818434,1.8777431,1.7291847,0.6877478,-0.9163504,-1.612218,-2.4664536,-3.5315442,-1.9217294,0.6806352,-1.3229008,1.9138166,0.29821965,0.8623716,-1.4301656,-4.15561,-1.8770127,-0.052666597,1.7099358,3.29714,-1.1302565,-1.6882267,0.68836623,-1.1227773,0.24544795,-0.2940971,-0.24087538,-0.7287996,-1.8179891,0.9378859,-2.016326,1.6529807,-0.88762677,2.2227142,0.7526749,-1.7855471,-0.08211218,1.7410952,-2.1644595,-1.8038406,-1.9856954,0.62354136,-0.39931056,-0.7401688,1.1375209,-1.371608,0.5600731,-0.07928863,0.9742508,-0.11184438,1.6336164,1.6704278,-2.067244,0.18013357,1.0862861,-0.19025348,-1.3555143,-0.5876805,1.4883806,-2.6452265,-0.9699102,1.876348,-0.23343818,-0.44267225,1.3588613,-0.29889527,1.5238194,0.58913475,-1.0931524,-1.0210358,-0.29438487,0.5780445,-0.8112548,-0.5503581,3.3427982,1.8960203,1.8163075,-2.1542575,0.38126284,0.1653807,-0.2367211,0.4839976,-0.51791704,-0.0889703,-0.18954138,-0.7496534,0.274111,-0.6588608,1.3052962,0.99268395,-1.1628101,3.1337023,-2.8510923,-2.6109579,-0.05896688,-1.4951326,-0.58517206,-0.43833858,-0.5461042,1.3234283,0.93762213,-0.94045615,0.071460575,-1.6910026,-0.16822906,-0.8423495,0.183033,1.4732754,0.74888957,-2.967085,0.016624313,-1.8556046,2.644341,0.9618832,2.339646,-0.0544799,1.2734153,-0.38271692,0.29206467,-1.1272609,-1.5301937,0.035680838,-0.5370183,-1.6827673,0.14789367,-3.0711095,-0.7775137,0.05515225,-0.04768472,-2.079504,-1.9448004,0.29209226,-0.3923904,1.7481402,0.58540887,2.9401639,-0.010529213,0.21574348,-0.32454845,-2.625801,3.8776846,-1.4782957,1.6722679,-1.8669804,-0.56725025,0.24231346,3.3494022,0.49910617,2.1991796,-1.3794217,1.5263867,0.16179858,-1.8291111,-1.671746,2.665711,2.9837303,-1.8665992,-0.8301704,1.4087578,-3.0137022,1.04733,-1.2338841,-0.7387808,3.1939695,-0.18698543,-0.78875875,0.8470182,-0.68246037,-0.2637875,-2.441971,-0.6017894,1.9079267,-1.6742904,-0.8730849,0.61430293,0.018692972,-1.5018843,0.37026834
O00327	-1.4327242,1.374301,-1.4292755,-0.16106237,-2.0481975,-0.5899457,0.8131258,-0.05710082,0.8762941,-0.7696368,0.15082173,0.044501275,-0.23116729,-0.9472605,-1.2905607,0.8144639,-0.49084163,-0.6178863,-0.83814305,-0.96196437,0.13225564,0.44514498,0.63111436,-0.67813003,0.013439296,0.23976848,0.49617398,-0.5650056,-3.3755546,-0.4285222,0.07054688,-2.0344703,-2.0773253,-0.6893016,-0.46995622,-0.04736694,1.2966129,-1.1157207,-0.6593969,-0.8710556,1.6579806,0.5705368,-3.0878136,-1.0777787,0.9600843,0.9457354,0.6022223,0.96490455,-2.4618495,1.1731613,-0.68321437,-0.2286264,-1.3305011,0.39417163,1.4172616,1.5042871,-1.1633203,-0.010969288,0.32917267,0.40191486,-0.026872424,0.119851016,0.53954214,0.9769105,0.37361553,-0.49764392,0.61339533,-0.35778362,-0.2436247,0.83136684,-0.4037664,-2.11802,1.9639138,0.49058613,-0.75658655,-1.099009,0.15886334,-0.19795585,1.4885579,0.35975558,0.96474296,0.16580741,-2.454097,-0.40633458,0.38575166,-1.5361667,-0.23312466,-1.8083082,-0.26236835,0.75180715,0.5472894,-2.4088821,1.8305942,1.3908157,-0.085418545,1.0704856,0.32867128,2.2059987,1.228308,-0.5160459,-1.0219113,0.790332,-0.6532256,-0.46522048,-0.13499188,-0.044711392,0.29785597,-1.0161521,-0.3251241,0.45732608,0.78619885,1.4184147,-0.44143075,0.89753896,1.6859856,0.31723985,-0.37223518,-1.0258632,-1.646069,-1.030595,-1.6356937,0.55361265,-2.7293253,-0.56880784,-0.59651023,-0.58841276,0.6801513,0.97998077,-0.20001651,-0.82258636,-1.003007,-1.643176,-0.053834956,-1.2530165,1.8975267,0.6304968,1.1347111,1.1552536,-1.4962447,0.6346526,-0.029072428,-0.027411498,0.36742905,-0.015799925,1.7929654,-0.45988235,0.07350406,-0.1750692,-0.17556587,-2.7460117,-0.9678887,0.0126229515,0.25408983,-0.7213528,-0.26115507,-0.23124945,-0.42467555,2.3600972,2.2879312,0.6705581,-2.1125185,1.2243288,0.7204629,-0.6347208,0.830692,0.2663882,-0.66115654,-0.75459826,2.301787,0.6202393,0.48036194,-1.6885785,-0.9300655,-0.776342,-0.8194285,1.9810706,-0.40898922,0.4894365,-1.046539,0.3864853,-0.19469848,1.0278261,0.7505089,-1.715392,-1.0521666,-0.6999269,-0.910166,0.8668332,0.67067134,0.296128,-0.61331826,-0.9788898,-0.1751678,0.5515031,0.37626544,-1.1600316,0.29869354,0.327745,-1.6804416,0.30094147
O60671	-0.17093588,-1.0871054,-0.12271608,-1.2692853,-0.5888732,-0.21551087,-0.58448625,0.5104601,1.3754302,-1.2307469,-1.2396243,0.47924465,-0.5377922,-0.44158146,-1.1642551,-0.6120408,0.13122077,-1.7854992,1.3643563,-0.3159405,-0.7055307,-0.34708902,-0.8302474,0.45507368,-0.27645472,0.13594577,-0.21423166,-1.7927517,-3.3376079,0.23676568,-1.3204918,-0.80851597,-0.48518464,0.43489128,-0.042319685,-1.1851805,0.9299582,-2.054549,-0.9721115,-0.65811706,0.48121673,2.3776484,-3.5675478,-0.7437093,-0.24909492,0.6761447,-0.20034799,-0.18173842,0.79496294,1.9610063,-1.0101258,1.2404243,-1.2432836,2.0085905,1.7789077,1.0930991,-1.6503168,-0.18428978,1.3570539,0.5290248,-1.2603782,-0.5005686,-1.1652966,2.1175673,0.34382054,-0.5190029,1.0796959,-0.76492804,1.0664245,1.0228527,-0.88922614,-0.82069284,1.0804619,0.54508775,-2.2312875,-2.5306156,0.22268155,-0.6550563,-0.059660476,-1.0095283,0.8128784,-0.59527826,-3.0485392,0.8124659,-0.58438116,-1.084132,-1.3018131,-1.4635284,0.5473311,2.0465446,0.67548364,-0.69331294,-0.07721052,0.32049888,-0.29267898,0.24841508,0.790707,-0.533121,0.7454505,-0.7156631,0.5830838,1.6690209,0.09610486,-0.008725039,1.1263493,0.21794838,-0.6009914,-0.43624508,-0.9593176,0.21535408,0.2821933,1.9551727,-0.4339178,2.015653,0.94645494,-1.8069985,-0.28722024,-0.35133234,-0.39794278,-1.3488376,-1.5409852,1.4700102,-2.0335853,0.058254,-1.4520361,0.033016004,-1.1544591,1.2158264,0.51684576,-1.3356586,-0.4264358,-2.1080384,0.4911299,-1.1367913,1.6576947,2.189906,1.3817328,1.1476989,-0.05126519,0.67900765,2.1113749,-0.23454665,0.9070967,1.1868701,0.030923625,-0.9822491,0.76217484,-0.51236826,-1.1429982,0.20155436,-0.68191737,0.14136387,-0.62250566,0.16389816,-0.5660055,-0.08951983,0.62980247,1.5479913,0.17167889,1.0520353,-0.49259686,-0.81279385,2.809127,-0.96166277,1.0369589,0.46302363,-1.8783572,-2.5602648,3.8426776,0.9897104,0.76890886,-1.4675138,-0.90734106,1.3466859,-0.31170303,0.753813,0.94785887,-0.6989996,-1.5875226,0.49005032,0.7828267,-0.98753554,0.17674506,-3.1362894,-0.18964103,-0.22638994,-1.2046119,0.18780752,0.17625141,-1.0724576,-0.574943,-0.5844909,-0.8489168,1.8980757,-1.5221077,-1.3745177,-0.53386635,0.92916006,-1.1609318,0.22982727
P00966	-2.153291,0.40173045,-1.0849226,-1.3093041,0.27047712,0.959954,-0.26742932,0.5383401,0.47471607,-0.32311454,-0.79803294,0.13664128,0.009445106,-0.4828405,-2.8167753,1.5928425,-0.07267867,-2.0613158,0.725295,-0.8830363,0.42034063,-1.2016227,1.8706682,0.70124257,0.35627627,1.3674376,0.44936332,-0.26483133,-1.6797777,0.63333535,0.51224345,-1.5444273,-2.0137622,-0.45865616,-0.028394653,1.139602,-0.1440909,-2.7606874,-2.7162995,1.3987238,0.09797855,1.0894548,-0.5925476,0.5952543,0.6498835,-1.0237895,-0.8378724,0.9211164,-1.8181856,-0.6032703,-0.41461304,1.6295514,-0.63049763,0.03244369,-0.80708784,0.13812058,-2.0209997,-0.14886725,-0.30398703,-0.45094717,1.7592343,-0.65807486,-0.48431233,0.73168254,1.4800005,0.09225668,0.6990567,-0.24066763,0.8406836,1.2499819,-0.62300754,-1.1389838,1.4348072,0.7873521,-2.3385618,-1.5045974,0.95318496,-0.5523796,2.7418613,1.0842388,-0.62361765,-0.6512927,-2.2575002,-1.3552107,0.49964702,-2.6667783,-0.31292555,0.061450433,-2.6957688,0.46681237,0.25468922,-1.5133283,2.2253032,1.5335523,1.1472241,0.7572763,0.8214858,1.1661843,1.2677782,0.1273578,-2.3354838,0.35188392,-1.1690797,0.53917277,-0.65582466,-0.08069637,-0.2309978,1.1172941,-0.9933278,-0.55796015,0.42033392,1.1188593,0.075839914,-0.5487308,0.6258649,-0.6981004,-1.8540916,-0.82575226,-1.3884077,-1.0154576,-0.32350293,-0.40195546,-3.1515322,-0.9029383,-1.4909137,1.2765166,-1.405782,-0.32703426,0.42739195,0.4507498,0.34445018,-1.1047243,0.42978138,-0.8175145,-0.7572054,0.2890355,2.1978498,0.26844576,1.0173889,0.45410022,0.08767607,-0.019657342,-0.46963772,-1.5981869,0.5290298,0.5508384,0.3520469,0.21732844,0.26479793,-0.86301523,0.49097854,-0.35563576,-0.44491947,1.353014,0.33848882,1.5445228,-0.05272463,1.2707263,1.4359727,0.64561,-1.8526328,1.4995693,-0.36419928,-0.25657728,1.0381163,0.7096633,-0.70233375,-0.71749455,1.4743545,0.039202128,1.5581036,0.691398,0.1727054,0.26681802,-1.3309896,0.1836534,-0.7081661,-0.22199652,-3.3247015,-0.025050988,-0.42320544,0.62086755,0.5722372,-0.2507489,-0.40339693,1.1140766,-0.8035119,0.32047442,0.104530714,0.01316598,0.6218346,-0.113698035,0.5002783,0.063329056,-0.54412675,-1.4847522,0.6457955,0.57816416,0.37579933,-0.2228042
P35998	-1.5707401,0.08703293,-0.6602783,-0.74959815,0.429215,1.6385571,1.1584572,0.68861943,-0.20270026,-0.47856998,-0.13119684,0.1510998,-1.4714729,0.39522675,-2.7792568,2.5215986,0.0349175,-2.3402596,1.1468925,0.08272111,0.8750568,0.6477565,0.66764194,0.18494436,-1.1126539,0.4550596,0.6296271,-1.2647139,-2.2907817,1.4644779,-0.46424803,-1.9057341,-1.758971,-0.48445144,-0.26026398,1.3060781,1.4340838,-3.1089537,-2.0622175,-0.5261924,2.0712657,-0.06329286,-2.2413907,-0.59141374,0.26406687,-0.61570555,1.233842,0.3275227,-1.5347311,0.45563716,-1.1618682,0.6465224,-1.168341,1.7361463,0.48616454,0.38728508,-0.14668193,0.17386112,-0.20841397,0.13838033,0.60392594,0.80356616,-1.6879975,0.47994968,0.6176668,0.17209646,0.2956759,2.2141738,-0.47621563,1.130843,0.8350348,-1.4327087,2.2255821,-0.409767,-0.632786,1.4646127,-0.30267522,-3.0866108,0.19972607,-0.07599525,0.3046697,-1.0810333,-2.102074,-0.6094988,-0.9308475,-1.8898374,-0.6648183,-1.1616551,-0.9373682,0.54708165,-0.2633593,-1.542592,2.9415271,1.6319505,1.1040918,0.31559047,1.889365,1.5531682,1.1414695,-1.6070403,-0.79060936,0.22575532,-0.80684406,0.31436318,0.1680545,0.30815667,-0.37277222,-0.689398,-0.62907904,-0.66427255,1.5804367,0.36521703,-1.557387,0.72826236,1.2741288,-1.1028335,-0.016364573,-1.2972969,-2.6823,0.85574615,-0.27861708,-0.9084447,-2.710911,-0.9760466,0.12497259,0.004676242,0.121616684,0.5859075,-0.8070288,1.2174656,0.64898556,-1.375845,0.8861231,0.32642457,0.6938821,-0.36621803,3.3874328,0.29658994,-2.132264,0.8675224,0.13290465,-1.2399114,0.3349577,-0.53837097,-0.36124712,2.4338112,1.204963,-0.94739556,0.70362234,-1.8590082,0.8694271,0.46988624,-1.1454554,-0.522704,-0.545593,0.9749297,0.68963164,2.711983,0.80411106,1.1459237,-1.0295789,-0.74362403,0.7733279,-1.9733993,0.8315609,0.9094871,-1.2500011,-0.16815129,2.8992736,0.16591747,1.9418797,-1.3980021,0.91192645,-1.6453638,-0.9843861,0.7946559,-0.33954307,-0.24315217,-1.9859318,0.2104749,0.72695786,1.2677852,1.4228435,0.46980113,-0.5210778,1.8102363,0.33865452,-0.5081102,0.0074743433,0.731802,0.5016909,0.29684415,0.040933967,-0.86577517,0.1094449,-0.38705543,0.768858,0.5733405,-0.65040153,-0.07428474
P49720	-1.1060038,-0.0010765267,-0.43182382,-1.0182633,0.37214276,1.1032835,0.92719,0.98952323,-0.17691408,-0.4420679,-0.10578768,-0.4831018,-1.2773305,0.2831257,-2.9247725,2.1267931,-0.40364525,-2.1057405,0.76157343,-0.12876484,1.2054087,0.89845324,0.84178454,-0.72800165,-1.129986,0.16773197,0.51750606,-1.1920725,-3.1871266,1.8519622,-0.044360187,-1.943474,-1.6965468,-0.79246306,-0.7612113,1.2267623,1.4837927,-3.232489,-1.7878411,-0.5448413,2.0635784,-0.03560574,-2.0879934,-1.076961,0.003460799,-0.59910285,0.84624916,-0.0016581477,-1.7648885,1.1387277,-1.2061524,-0.09919752,-1.2435333,1.9479998,1.0605228,0.9683465,-0.25923148,0.5689679,-0.48077673,0.032196086,0.6934086,0.390953,-1.3409833,0.69445056,0.8537812,0.19880952,0.38279223,2.8206153,-0.6461313,1.2847068,0.9961139,-1.3088441,2.6867516,-0.9533961,-0.4839111,1.7668661,-0.27172965,-2.7865846,0.6632434,-0.5045905,-0.21018797,-1.0150604,-2.2519298,-0.46324492,-0.67308146,-1.7379185,-0.54395986,-1.3268119,-1.5222349,0.56898844,0.07257414,-1.957568,3.0558975,1.8712227,0.105818436,0.15939404,1.8707131,2.065488,1.2315701,-1.6448044,-1.359255,0.47700113,-1.0886135,0.22568867,0.5032772,0.675782,-0.4372158,-0.7082325,-0.47184405,-0.78529376,1.7297649,0.44434485,-1.0343963,0.6750108,1.5185751,-1.3142744,0.0337601,-1.2482475,-2.4521341,0.42191857,-0.63366336,-1.1087451,-2.882327,-1.4663215,0.32945436,-0.11795309,0.76127267,0.8138468,-1.2429228,1.075992,0.6439248,-1.5608119,0.9211018,0.39001352,0.65428716,-0.6871191,3.0599947,0.5898349,-2.3629606,1.3709688,0.31792063,-1.3041375,0.7523967,-0.866897,-0.34398574,2.3678787,1.6707276,-1.3820949,0.3843948,-1.7832156,0.42700258,0.45007038,-0.7498475,-0.97231764,-0.8020552,0.99314785,0.4510501,2.6664007,1.2755328,1.604032,-0.85741407,-1.1729875,0.7418336,-2.032341,0.8032374,0.7353256,-0.76607186,-0.62654597,2.8155563,0.33149675,1.7320508,-1.9753355,0.3390234,-1.903756,-0.463582,0.8802432,-0.87959576,-0.2717741,-1.8857342,0.54339844,0.41241893,0.8039619,1.6132697,0.62895054,-0.35338187,1.7425684,0.7958825,-0.19714671,0.003383074,0.8327888,0.1641374,-0.18845327,0.5544221,-0.46579167,0.83416873,-0.83159363,0.90582913,0.71589816,-1.4258415,-0.508403
P35249	-0.4741697,-0.40179235,-0.9731446,-1.0746882,-1.371119,-0.5538962,-0.9430824,1.1396468,0.23872712,-0.5799179,-1.2383201,1.2716742,-1.3119036,0.21774139,-2.5664039,-0.3624327,0.34170434,-1.9065633,1.4756421,-0.3792245,0.6366856,-0.017964177,0.10566298,0.2098871,-0.4411178,0.9745127,-0.15079227,-1.4465832,-3.689504,0.19099084,-0.6214974,-1.6910164,-0.58170515,0.2979908,0.25955686,-0.85389656,1.4007483,-3.6781516,-1.9049736,-1.1102555,0.51655793,2.3727763,-3.0898037,-0.7851188,-0.26313478,0.50649375,0.72213316,-0.12224889,0.5275117,1.0933706,-0.62254125,0.64657444,-1.4856117,2.7945046,1.8575139,1.1331649,-2.5946007,-0.9305653,2.0181549,1.1623898,-0.52184814,0.23687246,-1.6059834,1.5223861,0.53990495,-0.45628142,-0.8262656,-0.64710474,-0.29973263,1.5034008,-0.6013602,-0.0036229952,2.3082097,-0.023844287,-1.7209209,-1.7229213,0.4376778,-1.3749288,0.44977823,-1.5291992,0.55045927,-1.0159363,-2.7581434,-0.4468618,-0.479645,-1.6631263,-1.087217,-0.3786998,-0.46786565,2.4557555,0.27187347,-1.7282038,0.28491953,0.56121784,0.37111458,-0.29529738,1.9706042,-0.27126828,0.6455622,0.8045386,-0.42779997,1.1030943,0.11869422,0.34541795,0.6774262,0.14620338,-0.6176822,-1.0998158,-1.4993149,0.07676002,-0.2387495,2.0027437,-0.057087976,1.3121235,1.8948565,-1.1917531,-0.14702612,-1.3712399,-1.5912849,-1.4731954,-1.0851042,1.0033637,-2.2607098,-0.19973005,-1.8633817,0.6743132,-1.1612647,0.3137797,0.5856311,-1.1075116,0.13965583,-0.390948,0.103752695,-1.1777949,1.8054147,2.3949304,1.9664617,0.7929452,-0.36609894,0.6651777,1.4233451,0.670032,0.97782034,1.4820896,-0.3505873,0.064345464,0.48222044,-0.7746071,-1.1803744,-0.48254234,-0.44287384,0.83930314,-0.48482478,0.10429828,0.36060882,-0.2067634,0.7844586,2.1085122,1.1266195,0.93530416,-1.4046577,0.064431325,2.6106772,-1.6398972,2.3972223,1.0599648,-1.2291628,-1.8839346,2.6085324,0.4790001,1.4975141,-1.257534,-1.157685,-0.10933803,-1.1477789,0.82355434,0.88902247,-0.13957945,-2.0780373,1.0439547,0.63701195,-0.10586201,0.22546498,-2.5486598,-0.9222221,-0.22572972,-1.5077258,1.1424739,-0.66512877,0.16461316,-0.16300233,-0.7339676,-0.9271794,1.1253549,-1.3481244,-2.2257354,-0.6555512,0.64719963,0.078157485,-0.5992927
P12004	-0.9453236,0.44172418,-1.5290082,-0.86708146,-0.7161029,-0.4161554,-0.91005456,0.2920715,0.5926685,-0.44048023,-0.54489,1.4799696,-1.0245757,0.645597,-2.1108341,1.249009,-0.049642038,-1.5290087,0.42246097,-0.33611423,-0.047590345,-0.004227382,0.8186915,-0.23998804,-0.42052013,1.1886892,-0.17474574,-0.9088727,-2.8439436,-0.22055034,-0.5509743,-1.9658093,-1.6906868,0.032709144,-0.22457021,-0.17988306,1.1903846,-2.061278,-2.515353,-0.85686684,0.64926237,0.98189545,-3.0621088,-0.5734206,0.28454807,0.25051045,0.20727533,1.1102189,-1.0276122,0.7146443,0.46520016,0.8271572,-1.023234,1.5471512,1.0535138,1.1072874,-1.6683525,-0.80844396,1.1309797,0.84911954,0.040195487,0.40038335,-0.6581069,1.145587,0.50754845,-0.36092618,0.02917217,0.12438662,0.11600764,1.6665812,-1.1995573,-1.1046954,1.4246775,1.0218693,-1.9592261,-1.6125067,-0.37379935,-0.49554738,0.82896894,0.31000945,-0.3578303,-0.56763935,-3.2634068,-0.8567792,-0.16132194,-2.3007908,-1.1342586,-1.1746577,-2.0015726,1.8959839,0.71281826,-1.8258016,1.8017364,1.2797741,0.9928319,0.8603249,0.66277605,1.2937908,0.7878435,0.38544375,-1.1747868,0.64088887,-0.5585278,-0.055793297,0.44464374,0.09230819,0.42834982,-0.87509936,-1.0092734,-0.22522679,-0.3394074,1.8335668,-1.0887496,0.53960055,1.8142004,-0.3988159,-0.95403135,-0.30676743,-2.4988127,-1.3751358,-0.72801995,0.89028317,-2.8754873,-0.12449609,-1.6774148,0.5470818,-0.582396,0.45737284,0.08144013,-0.9785416,-0.05341979,-1.4236543,0.45638958,-0.78662646,1.2536594,1.4581984,1.8688424,0.6536079,-0.8869806,-0.13745436,0.61878085,1.3648161,0.69768995,0.3966634,1.1103876,0.80356973,-0.40441293,-0.39345112,-0.5011553,-1.6696529,-0.6923578,0.88170666,-0.51819754,-0.13048123,0.12522914,-0.17381977,1.3276591,1.8265108,1.7132227,0.6066358,-1.4408907,0.4760349,0.8978223,-0.6923367,1.22801,0.9233403,-1.5366559,-1.4827412,2.8776069,0.9586367,0.84657717,-0.8318446,-1.045952,-0.34750932,-1.2942135,1.6001168,-0.09111216,-1.129153,-1.803665,0.5223056,0.36146113,1.1272302,0.84539425,-1.671843,-0.7146324,-0.19820298,-1.5499334,0.14687885,-0.0782549,-0.18027413,-0.2516544,-0.5669801,0.064823225,1.3510377,-0.15278703,-1.1550758,0.5542041,0.115204096,0.13438626,-0.03854034
O75943	-0.19572484,-1.1595482,-0.90416205,-0.22484018,-0.8828544,0.28002903,-0.21282253,1.2878205,1.0444529,-0.6098949,-0.58154523,1.1013777,-0.61863655,0.45863608,-1.0939833,0.53839165,-0.26053903,-1.6981072,2.0747428,-0.019425273,-0.9138344,0.3895876,-0.7665061,-0.33964485,-0.8969639,0.12743291,-0.4995135,-1.6696291,-2.7504187,0.66861457,-0.9982761,-1.0473442,0.1381132,0.24715534,0.6272595,-0.39238548,1.2268244,-2.676911,-1.9495294,-1.1356945,1.205573,1.8558259,-3.9797642,-1.4088249,-0.19243681,0.6591082,0.5538062,-0.026941417,-0.06453098,1.898216,-1.4674655,0.5058418,-1.3139596,3.0674527,1.6817408,-0.4034784,-0.58251745,-0.9069819,2.0771868,0.41909644,-0.5121578,0.7478784,-0.8632431,1.0651125,-0.16035867,-0.5380185,0.6554795,0.33774292,0.5259967,1.3041943,-0.94075125,-1.3228368,1.1192183,0.5499532,-2.306843,-1.4858179,0.38653457,-1.213453,-1.351178,-0.83242774,1.315992,-0.29555747,-2.6365795,-0.08284007,-0.43227363,-0.50833845,-1.1454787,-2.1193693,0.46713233,2.535422,1.181851,-1.882115,1.2238249,0.1846407,0.8463045,0.8860109,0.8672268,-0.4635748,0.5119961,-0.9874726,1.3062221,1.4961724,1.0201162,-0.3122182,0.07486357,0.03003719,0.14902975,-1.423392,-1.2738417,-0.38740614,-0.5928288,1.6107609,-1.2275475,2.4449039,1.4220093,-1.1090707,0.6230399,-1.4176563,-1.3255808,-0.59277844,-1.6816261,0.79845136,-2.8454857,0.09858822,-0.72876775,0.39025372,-0.1562141,1.7156514,0.58749235,-0.9042174,-0.27678254,-0.8324751,0.7003241,-1.1911312,2.3487122,2.0750258,1.6081035,0.3472788,-1.1986388,0.3231845,1.4275087,0.707597,1.3049542,1.2822924,-0.4207286,-0.0003160687,0.84535694,-0.13128516,-1.7045002,-0.6309309,-0.7727049,1.013116,-0.8153525,-0.71691066,-0.09771187,-0.21668725,0.54801,1.3966576,0.3144266,0.852313,-0.4405052,-0.18537323,2.3179166,-1.8594314,1.7951705,0.69325525,-1.5257632,-2.1961577,3.013455,0.9734159,0.8368363,-1.3635712,-0.47353172,1.4786698,0.3737353,1.4250374,0.81691694,-0.13772175,-1.4957267,0.30993664,1.3112272,0.22048704,0.905771,-2.394027,-0.33671537,0.07243194,-0.63657326,0.46711162,-0.04207604,-1.3210832,-0.10267134,0.11059724,-0.14364392,1.1753246,-1.2585107,-1.1824604,0.28319576,0.113703616,-1.3916721,0.47160342
P82650	-0.83275324,0.36424273,1.1543876,-2.5365267,-0.17907606,-0.12990576,0.2789088,0.4760181,0.1342823,0.34340698,-1.12186,0.4198564,-1.1226443,0.003347822,-1.8478087,0.5218102,-0.2847927,-1.5007373,0.757658,0.023157442,2.9367259,0.46285492,2.08821,2.1982944,1.4135867,-0.12440069,0.043637697,-0.5175722,-1.9090497,-2.8816786,-1.3200331,-0.89615035,-0.60429054,0.6356282,-1.0090988,0.48328897,0.36756614,-3.1770973,-1.2317624,1.7956489,2.4149878,4.5409994,-0.5869135,-1.7155722,-0.1881039,-0.6786481,-0.16980822,-0.9697555,1.1886103,-1.0408596,-2.139069,-0.7598283,-0.86837393,0.805071,-0.98996323,3.1631339,-0.26557902,-1.2439991,0.0018308836,0.9740052,-0.5698599,-2.2855246,-1.4319019,0.030351497,0.01159507,0.1341479,-0.1334861,0.41826624,-0.88126147,-0.693079,2.4203975,-0.14452115,3.5973003,0.7022505,-0.56389844,-0.057701956,0.42134562,0.30423638,0.17216861,-1.5560759,1.7074335,-2.0599267,-1.0600052,0.42706448,-1.3465092,-0.73765993,0.18336092,1.785768,0.39017823,0.80721897,-0.33988762,-1.3460323,-1.4163392,-0.41951495,-0.6497631,-0.7978984,2.8486822,2.0077763,-0.3549057,-1.8146999,-0.4710063,0.066082306,-0.41662404,1.6253324,0.18115602,0.86615896,-0.0009050071,-1.2607116,-1.3029879,-0.8295317,1.556148,0.86557966,-0.09946825,2.0605977,0.39201474,-2.6211157,0.8885897,-1.4528149,-0.47711173,0.80571616,-0.058053788,1.0913891,0.49556997,-1.5171007,0.17040977,-1.5446188,-0.71801144,-1.3612183,0.24429382,1.4855366,1.2881868,-2.2954438,0.7048516,-1.600119,1.4554073,1.4174879,1.6742079,-0.0059856814,2.837188,1.1080409,-1.9912721,0.09388614,0.49001426,0.13753901,-1.0394825,-0.048809096,0.34161904,-2.9792264,0.86622465,1.1610893,0.25950047,-1.0967014,-1.8868707,-2.351542,1.5472016,1.8931533,0.28721395,2.5530338,-0.62525696,0.066258,-1.5728996,-3.3895028,3.1337285,-1.7526348,1.3636979,-1.8865314,0.24387875,-0.8867241,3.2498116,0.3732973,2.1750512,-2.5133123,0.2567734,-0.57407653,-1.6835365,-1.6998792,-0.16692106,1.1004144,-2.1838567,-0.5349205,-0.2605447,-2.12074,-0.7454189,-0.49176586,-0.88040125,1.5934631,-1.2805208,-0.5506456,-0.7211808,1.2128546,0.3276648,-1.2063624,-0.47784746,1.2514054,-0.49845368,-1.7383214,1.250386,1.9791718,0.24651387,-2.260265
P51398	-0.9576804,0.22394814,0.19936433,-2.3059223,-0.38451293,0.17005081,0.955614,0.9718329,0.23411517,0.4703985,-0.63181347,-0.108903065,-2.2307858,-0.33153084,-2.3781903,0.60969347,0.38429537,-2.1482797,0.52733094,0.347857,2.0425012,1.3292013,1.3333706,2.1393209,0.11535332,-0.6293099,0.55336255,-0.55434525,-2.0055964,-0.8497584,-0.13941143,-0.87314296,0.40953586,-0.17883608,-1.0095129,0.4169308,0.47042993,-3.47104,-1.2997663,1.5392401,0.93285763,3.0248609,-1.3935379,-1.9181194,-0.87840956,-0.529772,0.030553626,-1.0275233,0.13720968,-0.49708,-1.8744109,-0.053905573,-0.36087334,0.71413016,-0.11543494,3.0608437,0.14986095,0.08982372,0.26238927,0.5096017,-0.32109937,-1.4360237,-1.4361845,0.41189632,0.013031292,-0.09644594,0.24004956,0.50707275,-1.4486029,-0.5901344,2.7714016,-1.05261,3.4221895,-0.32460773,-0.10199276,-1.0157069,0.6837413,-0.76038414,0.10033464,-1.312263,1.2690331,-1.0843278,-0.8639172,-0.4032141,-1.0335884,0.47760147,0.5575264,1.6860269,0.6712838,0.57636076,-0.51018053,-1.4057201,-0.62902313,-0.67649436,-0.44688672,-1.4655944,2.120985,0.8353648,-1.4496335,-2.0315785,-0.44549274,-0.15547925,-0.7262154,0.698059,0.69485646,1.0299838,0.17554788,-0.6084441,-2.0839736,-0.783112,0.98136383,0.2024983,0.37000594,1.6447695,1.1056399,-1.171705,1.2641631,-1.9213727,-0.36664537,0.5115439,-0.122187644,0.44575322,-0.48507136,-0.6076545,-0.18340456,0.19486839,-0.08192266,-0.7737537,-1.0043877,0.94341594,0.52690905,-1.5473881,1.5824795,-1.332011,1.3296587,0.95308816,2.2484336,1.0974416,1.9446676,2.161307,-1.479811,0.51437086,0.47870648,-0.048751447,-0.7240338,1.2366087,0.6965994,-1.6709583,1.5953008,2.3323061,0.8705854,-0.5344685,-1.376406,-1.866703,1.011358,1.4823908,-0.49180564,2.3687973,0.04614124,0.48068762,-1.7539517,-2.464595,2.2376099,-1.5021143,-0.13369499,-2.033238,0.5090511,-1.1455503,2.5855162,0.60727143,1.776956,-2.52517,0.101421095,-0.6311383,-0.49880046,-0.8101184,-1.1323668,-0.071639515,-1.8273038,-0.29391876,-0.9484126,-1.273941,-0.33513322,-0.4163545,-1.1934723,0.5364781,-0.5182199,0.44435588,-1.1893005,0.4709909,1.1374485,-0.6628397,-0.5484406,0.19487984,0.8565403,-1.8668824,0.727588,1.9074315,0.49215317,-1.6455878
Q9Y399	-0.995855,1.0985184,1.1109731,-2.8198395,-0.1483392,-0.19078062,0.096714154,0.40206456,0.21288325,0.696138,-1.0188719,0.25959796,-0.85246277,0.3686647,-1.2275505,0.43133196,-0.25655574,-1.1723139,0.8001859,-0.13844809,3.2922127,0.26909846,2.0655665,2.149119,1.2212343,0.25701624,0.04403509,-0.66048557,-1.8569785,-2.8531885,-1.6875607,-0.6994021,-0.6988351,1.1340464,-0.53928703,0.19597064,0.25770837,-3.5391264,-1.4747314,2.4262426,1.9044552,4.6487246,0.45099503,-1.524516,0.82868683,-1.4306043,-0.24166012,-1.0173172,1.1056283,-1.1228551,-1.5495441,-0.79951084,-1.0956862,0.82122624,-1.6450412,3.1213288,-0.39419553,-1.8392645,-0.37341547,1.2481214,-1.1209669,-2.330993,-1.1894652,-0.45505494,0.7253656,0.23060608,-0.11237341,0.49594662,-1.3763028,-0.2707439,2.568456,0.7012785,3.4346929,0.21232633,-0.86238843,-0.32160807,1.0248507,-0.11174938,0.2653064,-1.676932,1.8517004,-2.6499743,-0.8283293,0.4798896,-1.2136574,-1.089318,0.0027525516,1.5372914,-0.17853035,0.9844689,-0.19576032,-0.89065886,-1.7797587,0.31786638,-0.86533403,-1.0313447,3.2623277,2.4024765,0.3720243,-1.5402268,-0.96078974,0.8543629,-0.46004403,1.8271685,-0.3099215,0.7974777,-0.7334417,-1.6543736,-1.6122947,-0.58299553,1.221434,0.8517744,0.22306246,1.9810922,0.14033544,-2.6450877,0.42908287,-1.243946,-0.0736657,0.82630664,0.016226497,0.77739453,0.56191945,-1.6048788,0.16472688,-1.4613956,-0.82612723,-1.3736081,-0.0003965678,1.8500739,2.00536,-2.2160668,0.52118367,-1.7594048,1.5280104,1.8948467,1.5588832,0.064625025,3.4557292,1.4692519,-1.8771334,-0.13746917,0.04658594,0.094654664,-1.175634,-0.63910234,0.3561546,-2.929673,0.3837951,0.83181876,-0.08702468,-1.4233601,-1.7141446,-1.7156271,1.8213551,1.6845008,0.73842365,1.8694155,-0.559299,-0.28756392,-1.7957247,-3.4343026,3.1008875,-1.9660274,1.4071343,-1.7329236,0.45540294,-0.47453293,3.1768425,-0.392971,2.8784428,-2.0419512,0.47873485,-1.2126602,-2.2159557,-1.5754263,0.2647465,1.3842107,-2.5720778,0.016638601,-0.4109681,-2.6178308,-1.2625438,-1.3448277,-1.14448,1.7487941,-1.3742473,-0.91330886,-0.2948749,1.7312986,0.26921707,-1.219988,-0.43981794,1.4998945,-1.1660746,-1.9523559,0.80604833,2.5471828,0.10915048,-2.082037
Q16186	0.26919606,-0.29410678,0.27169,-1.5421219,-0.5831643,-0.047382213,0.044995707,0.50615746,0.019763837,-0.1504412,0.79872286,-0.936458,-1.703993,0.56640774,-1.5757456,0.8906288,-0.93624717,-1.6325381,0.10797871,0.7363424,-0.064494126,1.3421456,0.37420326,0.15968691,-0.45064646,-0.5988796,-0.9182434,-1.473324,-4.0583353,0.008736267,-0.6106061,-1.494192,-0.6678523,-0.5723747,-0.11926021,1.3039443,0.7782085,-3.7663841,-1.5117984,-2.0767403,-0.39662364,1.9682847,-1.135334,-1.2926393,-0.7303515,0.5227414,0.6338122,-1.1610129,-1.4474164,1.0895482,0.77404016,-0.99764204,-0.40697017,1.230363,0.6592456,1.788398,0.11736002,-0.002323357,-0.39300707,0.39686507,-2.4479673,0.9513289,-0.44410938,1.9579057,-0.6199293,-0.61973304,-0.05739193,1.3683603,0.30097842,1.6389062,0.3787819,0.13515185,2.8559368,-1.1141685,-0.09711263,-1.1944729,-1.5870845,-0.7343303,0.024414295,-0.6759965,-0.69209564,-0.18927568,-1.1227833,0.39657736,-0.3571723,-1.0172483,-0.78661346,-1.549814,-1.0731567,2.6253839,-0.18362854,-2.2678754,1.3023989,0.68563765,-2.6744606,0.29755688,2.058144,1.2619166,1.128981,-1.2060268,-1.3157316,0.044108093,-1.7397845,-0.7186195,0.99108404,0.49594268,-0.17369102,-0.20504698,-0.032328367,-0.9278259,-0.24015924,1.1340711,-1.097309,3.4188404,1.4432269,-1.5058389,0.60825497,-0.066811666,-2.4313257,-0.9054245,-0.52980983,0.2722974,-1.1133206,-0.075809434,-0.07173792,0.24038474,3.0423577,1.1000228,-0.83541745,-0.43728042,0.19514401,-2.8078682,2.3142538,0.0651188,1.535168,-0.89004457,2.4970646,0.43547606,-1.8258209,0.897972,-0.56595486,0.5970084,1.2269201,-0.069558285,0.5520624,1.0054148,1.7011324,-1.9461128,0.06578256,-1.2502235,0.10504955,1.110706,-0.05554659,0.50609505,-0.3261137,0.760982,1.3847336,0.99012864,1.4005336,0.722516,1.0794624,-2.0784273,0.114296325,-2.0523615,0.9573916,-0.54620093,-0.74637747,-1.0406201,2.4900985,1.7314698,0.59147286,-1.6861793,-1.6046154,-0.8340787,0.82255065,0.7465039,0.19044633,1.3029436,-0.7729722,0.8075031,1.237058,-0.72893023,2.087192,-0.11864959,0.6285715,0.9675186,-0.67840546,0.6502395,-0.07676833,-0.2362894,0.20461491,-1.381344,0.67990106,0.7505715,1.1066767,-1.5534555,1.4536207,0.84522724,-0.4259955,-0.26276568
O43920	-1.8569946,0.9629681,0.45885974,-2.1813962,-0.119044475,0.6748856,0.8786156,0.47951278,-0.84521675,1.4907644,0.2424536,-0.6733049,-1.3913995,0.3608447,-2.0047202,1.6002704,-0.7179889,-2.3886526,-0.028591871,-0.33544856,1.1117551,0.22010632,1.5151353,1.3196675,0.38820165,0.28066576,0.4904973,-1.4865714,-2.6573715,-1.0340631,-0.34683815,-1.7430371,-1.3370161,-0.3572138,-0.27485925,1.4211674,0.7245091,-3.9070795,-1.7288307,0.31394392,0.96705616,1.8262782,-0.6367406,-2.5546339,0.72884595,-0.783568,-0.22382726,-1.0766112,-1.3466439,-0.2658339,-1.1199174,-0.226967,-1.1367126,1.3199601,-0.47560316,2.314567,0.3646662,-1.2994604,-0.6002021,1.4107682,-0.604764,-1.457359,-0.5978611,0.111591764,0.38613617,-0.36675298,1.2865939,2.0518558,-0.72387826,0.82823074,2.8274457,-0.40313625,3.5091302,0.362711,-1.2259111,-0.20967387,0.9710428,-0.52038884,-0.005606072,-0.92160994,0.96551764,-1.314267,-0.8729336,-0.52588105,-1.5560273,-0.8178621,0.3289672,0.343378,-0.49116522,-0.16228245,0.16758811,-1.7015188,0.46224734,1.0772855,-0.42259124,-0.15833558,3.3814816,2.872125,0.6193941,-1.6786443,-1.9950588,-0.20350921,0.10868466,-0.32230794,-0.7873703,1.3767017,-0.13372244,-1.4553823,-1.6273352,-0.92661303,1.3397585,0.76852244,-0.74835205,1.4459901,-0.029129434,-0.8173205,0.6197503,-2.5632455,-1.7919216,0.75091165,-0.3196293,0.22578984,-1.6253567,-1.5238738,0.677631,-0.35296285,0.6096623,-0.07838361,-0.0644259,2.2079196,1.1061022,-2.3801498,1.1030027,-1.5945152,1.299809,0.4075386,2.1990483,0.032184597,1.5312235,1.2818924,-1.904349,-0.029751025,0.31795567,-1.6812037,-0.30674586,1.1532297,1.2522753,-2.6867337,-0.40559527,-0.5000662,0.32496417,-0.3280826,-1.410419,-2.3869593,0.47352797,1.79535,0.10353173,2.3851345,0.29363176,1.3002774,-1.2168764,-2.4979742,0.82419777,-2.12266,0.31857812,-1.3276092,0.22443375,-0.01737708,2.8619978,0.61786664,2.2944992,-2.7720244,0.6874203,-1.7629316,-0.7029104,-0.6047569,-1.0144557,1.6502359,-2.0669012,-1.1371307,-0.37085453,-1.1308806,0.57122254,-0.0892208,-0.5545191,1.3728174,-0.5861026,0.22475971,-0.86953384,0.7707001,0.9526477,-1.1933734,0.6944677,0.29101816,1.2697483,-2.0019825,0.9752997,1.39894,-1.096852,-1.6687188
O43677	-1.400034,0.845151,0.21412553,-1.9854403,-0.14673911,0.81604236,1.249658,0.53034264,-0.7449683,1.0121845,0.30449024,-0.8694885,-1.2954571,0.2732546,-1.6499383,1.8274946,-0.8917993,-2.4713724,-0.5603517,-0.61446726,0.9578819,0.50434196,1.4028236,1.2926303,0.54278797,0.27416217,0.61953133,-1.3101736,-2.6065736,-0.5402505,-0.525922,-1.7507507,-1.2871004,-0.15803817,-0.25005504,1.7575536,0.96942127,-3.5652914,-1.6734884,0.35565922,0.76024085,1.3091273,-0.6598933,-2.1230578,0.7046442,-0.642314,-0.39798775,-0.81224036,-1.7035139,0.24896842,-1.1598257,-0.08520336,-1.3727807,1.0178936,-0.39914343,1.833158,0.113145605,-0.9892803,-0.78170574,0.7789379,-0.64927465,-1.5021342,-0.29865015,-0.2760593,0.22648881,-0.2113305,2.0535667,2.2058804,-0.52199143,1.0385784,2.2617962,-1.0790178,3.208398,0.41452682,-1.3609997,-0.51571965,0.928919,-0.509702,0.2492849,-1.0341212,0.77147067,-1.0793229,-1.186535,-0.11080182,-1.7257823,-0.6659649,0.09538894,-0.6063751,-0.84689593,0.0844382,0.586196,-1.5101914,0.7802687,1.0842569,-0.4393099,0.07623813,2.556232,2.6020908,0.72610223,-1.9540354,-2.1208174,-0.060101833,-0.11541641,-0.3615877,-0.51658046,1.4518956,-0.20297015,-1.0391788,-1.4485699,-0.77192783,1.2399124,0.7871362,-0.66684085,1.5884031,-0.016912885,-0.8220314,0.31388372,-1.9634563,-1.3470672,0.50414973,-0.51105064,0.3016151,-1.6406447,-1.7065489,0.47126484,-0.13795902,0.85586184,0.26430058,-0.07869428,2.1057096,0.7328417,-2.1122797,1.0050781,-1.4090232,1.6160756,0.10070748,1.7835222,0.5434644,0.955278,1.0077527,-1.8274693,-0.42268333,0.7041616,-1.7310556,0.1592537,0.93432665,1.3018346,-2.1885881,-0.55582845,-1.0939164,-0.1566477,-0.15249047,-0.98781586,-2.1584458,-0.022168873,1.8116515,0.0151556535,2.255709,0.1622034,1.2287726,-1.0462768,-1.8240836,0.6535055,-2.2533448,0.06270466,-1.1936617,0.3937507,-0.54401815,3.021486,0.41051197,1.7232157,-2.883527,0.60007316,-0.97537935,-0.3046197,0.48866332,-1.2630394,1.1886203,-1.6350076,-1.0209892,-0.31700277,-1.0159233,0.6835125,-0.024865212,-0.32075113,0.7843897,-0.50107753,0.022175007,-0.6316918,0.3860158,0.4514817,-1.0785779,0.8142585,0.19253008,1.2447284,-1.8885529,0.7594273,1.5097392,-0.95015156,-1.2576592
O95178	-1.9969772,1.074406,0.08737664,-2.5678566,-0.55071485,0.9953935,1.4089798,0.8066751,-1.4620204,1.1032543,0.63697463,-1.1393372,-1.8405293,0.8352314,-1.9582137,1.882149,-1.0895137,-2.5079036,-0.026673684,-0.4592705,0.8333422,0.76424944,1.9630462,1.6654862,0.5472926,0.4749603,0.36181116,-1.9327937,-2.7497203,-1.2107522,-0.7973872,-1.4143268,-1.3210769,-0.25558448,-0.18710217,2.1820738,0.9351306,-3.936256,-1.7942936,-0.16000079,0.71847546,1.409169,-0.96206707,-3.1906598,0.6572555,-0.6471825,-0.76183444,-0.8780175,-2.044194,0.113223724,-1.1639396,-0.6933497,-1.2095556,1.4637958,-0.8060687,2.3613694,0.58680844,-1.5681561,-0.5500033,1.3652612,-0.93275756,-2.1264825,-0.38139126,0.010700752,0.31318447,-0.47568306,1.8768392,2.3442013,-0.8906689,1.2551908,2.538374,-0.8559655,3.8397238,0.31868532,-1.1048377,-0.42571652,1.300998,-0.62979996,0.06254873,-1.0516874,0.633152,-1.1386478,-0.86554474,-0.48883554,-1.4952075,0.073062435,0.10327663,-0.040862963,-0.69433,-0.12324524,-0.19759978,-1.8813118,0.92905253,0.7366548,-0.8516526,0.40462473,3.5690806,3.3495584,0.7106242,-1.821091,-2.5124712,-0.098156594,0.0891281,-1.0076144,-0.54326916,1.6680259,0.24129114,-1.6132257,-1.3610857,-0.70076793,1.4865487,0.81557393,-1.172168,1.9120166,0.23393518,-0.5392005,0.26265743,-2.7384708,-2.1100893,0.5259187,-0.7528154,0.3455689,-1.669532,-1.8343868,0.902636,-0.36916414,1.5874275,0.52690977,-0.005444162,1.8899455,0.6174386,-2.3729992,1.2993058,-1.5155054,1.1533641,0.18843648,2.0498018,0.26014262,1.3745221,1.2111366,-1.9403194,-0.13811526,0.72994596,-1.4182243,0.25827345,1.3345585,1.5326427,-2.6329877,-0.8776699,-0.47606993,-0.0427025,-0.4085,-0.8268961,-3.091796,0.3599778,1.7546741,0.11126547,2.143055,0.49319375,1.3577812,-1.2984543,-3.0083323,0.6568703,-2.173136,0.31879908,-1.4013642,0.89506876,-0.31085926,2.9673347,0.8694901,2.297842,-3.1464868,0.26919025,-1.7473019,-0.014922703,0.12173959,-1.0415366,1.7735771,-2.1786482,-1.4349602,-0.450754,-1.132085,0.75775635,0.15120526,-0.4116339,0.684136,-0.40856248,0.07595695,-1.1598742,0.18317518,0.72745997,-1.6157875,1.2725896,0.2781705,2.1758263,-2.181657,0.53677243,1.3429332,-0.81687933,-1.5112989
O60508	-0.64938647,1.1354651,0.7994361,-1.9752257,-1.6558592,-1.2801453,-0.8488142,0.81324446,1.5305206,-0.8570164,-0.8059288,-0.48798466,-1.653158,0.15844777,-2.1383948,0.50874484,-0.7960197,-2.6054156,0.8122054,1.1124908,2.1916845,0.33748803,1.7126535,2.8435373,1.1733005,0.5109117,0.2815959,-1.6171845,-3.0786011,-0.19260347,-2.622204,-1.6666455,-2.2878973,0.45795244,0.11751576,2.2086372,1.634387,-3.9762003,-1.0635357,-2.237785,0.3270553,1.8396817,-1.9278115,-1.2564828,-0.6858623,0.74580306,0.48498875,0.065935165,1.1359066,0.72613883,-0.38708815,-1.228529,-0.6927355,2.7006369,-0.03426374,1.6963804,-1.2268478,-1.2424666,1.0567206,0.187356,-1.5405252,-0.67821157,-1.35202,0.92358106,-0.08462675,-0.27706328,0.45261484,0.37103614,-0.82799464,1.8825128,-0.05285909,-0.54804564,2.7644,-0.62102234,-1.1152589,0.20314136,1.0459594,-1.2144301,1.1086327,-1.5920361,1.064133,-0.28527242,-2.6911645,1.7138398,-0.856744,-0.59225976,-0.8661974,-0.9114757,-1.0582192,2.6641712,0.2573339,-1.4708023,0.854441,-0.23478286,-1.0966142,0.01721292,2.1323893,1.3128244,1.8567395,-2.1915421,-1.5997183,0.74447376,-1.4907798,0.3108512,0.051337224,1.1450565,-0.5475608,-1.1382111,-0.81628984,-1.2434586,1.1356306,0.7808466,1.0748819,1.899886,2.091546,-2.0176072,0.5393876,-0.21778224,-0.16387227,-1.0367506,-1.1369009,1.0853456,-2.570561,-1.3779429,1.0400187,-1.2854791,1.049839,-0.77328396,-0.6067879,-0.49647513,0.17844628,-0.6097175,0.36246598,-0.8260857,1.1702327,1.334187,1.5642706,0.99545056,0.068857506,1.9334569,0.363175,-0.8224286,1.1198423,0.685213,-0.601146,0.76903725,1.746881,-0.33653644,0.637851,0.21958064,-0.3616966,0.20223849,-1.3770677,-1.6597518,0.8732323,-0.0689632,1.0139214,2.7152977,0.17549397,0.8532728,0.06125968,-1.260912,0.61367005,-3.4332218,2.0900211,0.072625846,0.21327174,-2.233669,4.149269,1.188416,1.2946548,-3.2056649,-1.4380558,-0.5707262,-0.32134238,0.1038002,0.53112215,-0.7769797,-1.4801646,-0.33410108,0.14054611,-0.42983633,0.049607627,-0.59770906,-0.47118184,0.27492064,0.06769683,0.17251994,-1.192932,0.5298884,0.3144951,0.107426405,-0.11067821,0.34863967,0.5635,-0.7771543,0.289841,1.5963095,0.7706005,-0.6161447
P41223	-0.116391815,-0.32524496,-0.22086784,-1.3982993,-1.3158339,-0.76339763,0.51760364,0.79405034,1.1362461,-1.733719,-0.543731,-0.6259916,-0.6953531,-0.37006032,-1.8671061,1.0434507,-1.4369054,-2.0378509,0.16188897,0.38742068,0.56929666,0.9150417,1.0105685,0.9340801,0.38117188,-0.65447515,0.4051384,-1.1557313,-4.1930504,0.81540793,-1.029249,-1.310349,-0.7888128,-0.2843496,-0.081111684,2.1983826,2.0672312,-3.162669,-0.5421692,-2.640151,0.66846,0.7659016,-3.2929854,-1.4722978,-0.6357157,0.9504264,0.70111495,-0.121257246,-0.8428305,2.2842634,-0.5770259,-0.5522823,-1.387261,2.1621635,1.1575128,0.21919064,-1.2496234,0.13904028,0.7846285,-0.26115787,-1.1230038,-0.7765411,-0.15914929,0.7311168,-0.9240718,-0.6135581,1.4290575,0.5901556,0.23573394,1.7259958,-0.86217076,-2.100635,2.4061565,0.16988613,-1.2105592,-0.5120207,0.04306227,-1.310833,0.87897825,-1.5763997,0.21249478,0.78067976,-3.4252672,1.1188207,-0.13400812,0.23507531,-1.1528406,-2.555397,-0.7997569,2.881929,1.3759767,-2.3081727,1.7018479,-0.14692777,-1.1906267,0.79651624,0.72702056,0.2779768,1.4520754,-2.3392982,-1.1696712,0.2792323,-1.2300137,0.06531875,1.1732997,1.1530771,-0.43382105,-1.2247064,-0.64612263,-0.39116207,0.6111907,1.5609872,0.16203357,2.1428492,1.2465727,-0.87545735,0.35144657,-0.5327849,-0.57360744,-0.8629547,-1.4617306,0.58446383,-3.551734,-1.8874767,0.2819902,-0.0038143,1.2260321,1.0792418,-0.10501517,-0.29759207,-1.9257133,-0.5297271,1.1750821,-0.26927018,2.6147304,0.26996207,1.2336627,1.6979688,-2.389876,1.1114485,0.21477415,-1.1536244,1.9801128,0.51596993,0.6723303,0.8601268,1.8515466,0.3080241,-0.5342642,-1.7428492,-0.75787675,1.0455501,-0.10144293,-1.7072744,-0.86544317,0.2664874,-0.31404185,2.432787,0.9843887,0.9301853,0.069675565,-0.41351104,0.66516703,-2.7692387,1.3000104,-0.3641729,0.17589253,-2.0315704,3.9557927,1.742072,0.020398669,-3.465263,-1.6263708,0.893768,1.218116,1.8157939,-0.9143208,-1.1302929,-0.23379657,0.00075179903,0.3469817,0.106272936,1.3709993,-0.46092996,0.0096760625,-0.7208891,0.30387604,1.0542163,-1.0120066,-1.0301098,-0.0801095,-0.6601312,0.9424849,0.53171253,0.87760913,-1.0755303,0.50455445,0.76896286,-0.8978383,-0.033385158
P14927	-2.2916718,0.99491996,0.5267966,-2.9691985,0.35623938,1.5383141,0.13735673,1.4869653,-1.8682336,1.174136,0.70906353,-0.04348038,-1.5941769,1.2956594,-2.0151784,1.4530466,-0.7724619,-2.9438028,-0.05906981,-0.024210012,2.4310055,0.21203381,2.0438197,1.5574847,0.70567286,0.5176387,-0.7965939,-1.3850827,-2.910552,-1.5281806,-0.5858253,-1.2682474,-1.4970328,1.3254248,-0.4134327,1.0821157,0.06173966,-4.399015,-2.3323166,1.2519796,0.12682393,2.6242757,0.38515788,-3.031331,0.22056608,-1.387979,-1.16311,-1.2248052,-0.61409634,-0.4066711,-0.65675676,-0.3437893,-1.3696831,1.6515999,-1.2530371,2.5718582,0.2039071,-2.3814874,-0.42522314,1.6214054,-0.5031988,-2.7620325,-1.3387223,0.5225513,1.3140054,-0.009555424,-0.049827166,2.0499587,-0.5173895,0.6971303,1.6758158,0.8129746,2.9262066,-0.08169512,-1.5607866,-1.0065838,1.4351345,-0.19628589,0.5321693,-0.9283367,-0.60952115,-3.007204,-0.4646291,-0.84688765,-1.4563591,-0.08323778,0.5803549,1.225583,-1.1367115,0.717912,-1.2093472,-1.5799843,0.38327006,0.6822868,-0.6875434,-0.55898577,4.4854145,3.4606588,0.80741787,-1.1758244,-2.7243407,0.17731638,0.28744975,-0.14699687,-0.13723673,1.7522731,-0.22674805,-1.2182565,-1.4681476,-0.6858203,1.5044186,1.5272799,-0.46328664,1.5263317,-0.9278243,-1.0822415,-0.9100911,-2.7980952,-1.6624396,0.0051176664,-0.34543636,-0.16972072,0.06799517,-1.8441397,1.038045,-0.57186985,0.56644017,-0.70608103,-0.3274683,1.4865676,1.5720305,-3.0336447,0.7242569,-1.7961359,-0.0803887,0.8849737,2.1999116,-0.6353966,2.331463,0.97656775,-1.6323233,0.6171595,-0.049908046,-1.9340733,-0.5844771,0.6215949,1.3026904,-3.8153121,-1.7379166,0.94499946,-0.5399699,-1.2127417,-1.2070699,-2.235293,1.1339207,2.8034086,0.40742004,1.9048636,0.19200158,1.5351692,-0.9804929,-3.089054,1.6261864,-1.2010156,1.279964,-1.9519141,0.58666044,-0.53779584,2.0522482,1.431765,2.5428793,-2.181121,0.48138043,-1.5017638,-0.6329056,-0.8811291,-0.22037032,1.0808948,-2.800288,-1.3766118,-0.6424341,-2.0103958,0.4057464,0.09414677,-0.4174143,1.9857124,-0.9165094,-0.66890043,-1.1317519,0.08317095,0.4445087,-1.6066146,1.3151035,1.2286295,1.6104031,-2.5037162,0.85531825,1.9585764,-0.5150208,-2.037862
O14957	-0.70894444,0.43064797,0.3423381,-2.3918855,0.36819723,1.6104039,1.7631516,1.0777032,-1.6889454,0.41244677,0.5347505,-1.0798457,-0.77439845,-0.22590703,-1.0553577,1.2296842,-1.0853888,-3.082911,-0.82734036,-0.15566307,1.2006704,1.26562,1.7956696,1.6398,0.8207258,0.016810033,0.06938239,-0.92891693,-2.3785129,-0.7751793,-0.054367073,-0.77845836,-0.8810689,0.3927478,-0.54597455,2.2402804,0.22671203,-3.601101,-1.6582582,0.76858413,-0.03029256,2.0224617,-0.23413537,-2.3977807,-0.46508354,-0.793783,-0.47453806,-1.1597077,-1.4222317,-0.030463401,-1.2478005,-1.0991936,-1.5128493,0.8652499,-0.42684716,1.4711035,0.5607442,-1.4875007,-1.0686545,0.18198097,-1.0046335,-2.6395476,-0.34352615,0.2992403,-0.05442829,-0.18543318,1.9696416,1.9220839,0.115745954,0.096403114,1.8060707,-1.1467847,3.2236671,-0.11335163,-1.4119216,-1.182336,1.4762405,0.17803246,1.4337599,-0.9907406,0.12691465,-1.0492128,-0.5532539,-0.36255753,-1.5634719,0.5910756,0.6296633,-0.2640829,-0.21833843,0.5087433,-0.29460853,-1.7344486,1.0836786,0.2805063,-1.3119587,-0.3317237,2.712148,1.7162175,0.0879633,-2.2010713,-2.0617385,-0.47526696,0.3317703,-0.7537084,0.34204614,1.4340966,-0.111899406,0.17536046,-0.88046545,-0.9544893,0.8494333,0.92830473,-0.22046982,2.5972502,-0.32325867,-0.9177967,-0.2015616,-2.282952,-0.38420692,-0.10661958,-0.50206393,0.5405518,-0.53174734,-1.7480733,0.56759775,-0.39475566,1.3508264,0.3960903,0.09395151,1.8267812,1.1219437,-2.0134115,0.4979822,-1.823532,0.76758564,-0.05191181,1.1444118,0.2953307,1.8634713,0.26481616,-1.9692091,0.07894014,0.15481003,-1.7327267,0.48626366,0.56727743,1.516646,-2.6493576,-1.0705311,0.6455679,-0.39304855,-0.7444991,-0.84307003,-2.487122,0.4732866,2.5006096,-0.42196405,2.1393895,0.10554814,1.2834103,-0.6283778,-1.9611528,0.5806256,-1.9671762,0.3541076,-2.6575449,1.7315128,-1.2021457,2.6096835,0.9489276,1.5200819,-2.6692102,0.7810531,-0.0787225,0.47853583,0.63562846,-1.0360453,1.1431793,-1.3204969,-1.4314713,-0.36372954,-2.029127,1.187173,0.37636337,0.13923976,1.0391959,-0.10583943,0.24078946,-0.99936134,-0.75852334,0.14681719,-1.8783534,1.7052209,0.45174167,2.2237525,-1.7650414,0.84216166,1.7300305,-0.27504852,-0.6499099
O14949	-1.2227036,0.81562674,1.2896316,-1.6346524,1.630354,2.172616,0.36958376,1.2004702,-3.1898484,1.6616253,1.0441064,-0.5984205,-0.30259103,0.83740646,0.08758048,1.4380168,0.17436002,-2.2793596,-0.9681989,-0.35016292,1.6363537,0.23560232,0.9058513,1.5396211,0.912076,-0.19845322,-0.6764942,-0.43347076,-2.813311,-0.46576098,-0.10896171,-0.5421131,-0.13310686,2.3742287,0.32224104,-0.08499137,-1.3342404,-4.9206977,-2.5356724,2.9946918,0.0110649485,2.57319,-0.5279602,-2.040274,0.27530774,-1.6438005,-1.1132199,-1.3977723,-0.48962668,0.0836133,-0.9148263,0.81681556,-2.167707,0.87061816,-0.41664824,1.9304368,1.0577294,-2.2263682,-0.37291852,1.3600858,-1.6986712,-3.2194908,-1.4664884,0.97016954,1.9041011,0.10259676,0.4013772,1.5421746,0.988744,-0.6945262,2.1144485,0.81040585,1.3881539,-1.1345974,-2.9054506,-1.806452,1.5057701,-0.6634522,0.24482463,-0.9197026,0.025373828,-3.7704604,-0.048965402,-0.53144646,-1.084166,-1.105204,1.3409781,1.0218244,0.3331218,0.8399772,-0.74993277,-0.6064201,-0.41550782,1.3326815,-0.4650989,-1.7626486,2.9905872,1.0796801,0.32615268,-1.4114659,-1.0627371,0.9120784,0.6855164,-0.71285874,-0.15922177,1.7834648,-0.26105365,0.18480857,-1.4283214,-0.3260063,-0.104652815,1.0505027,-0.7298978,2.3988938,-2.2141953,-2.5974648,-0.9368152,-0.6332112,-0.34818172,-0.14191066,-0.21800406,0.68836015,1.4199287,-0.85389984,-0.45380816,-0.74231553,0.092182346,-0.83299285,-0.54151666,1.0817813,2.3857589,-3.2330287,-0.34175265,-1.597584,0.58481264,1.1203889,2.7902231,0.6644493,3.2712126,0.12081962,-1.0699772,-0.34732604,-0.7926522,-2.1113043,-0.20983297,-1.1933146,1.3662068,-4.1949625,-3.2881162,0.8777609,-1.2375078,-2.2008524,-1.670079,-1.2722589,0.3305575,3.370888,1.2495356,1.2577821,-0.59828585,0.5412158,-0.88171214,-2.3554926,2.6812603,0.42539713,0.9860552,-3.0210185,0.11400519,-0.24292767,1.7238033,0.25159284,2.195908,-1.5885888,1.1511171,1.0502564,0.71702456,0.3757598,0.7314046,1.3328453,-2.484711,-0.6031683,-1.0544523,-3.5255582,-0.08422051,-1.8893886,-0.2858286,2.8518782,-0.87807137,-1.7737783,-0.24482757,-0.035040792,-0.67197216,-2.5831075,0.95957094,1.1277777,0.07762875,-2.1241179,0.77372,2.1153703,-2.2019832,-0.3362987
O43929	-0.30281407,-1.4490063,0.046984147,-0.7518298,-0.9058007,-0.681167,-0.55525255,1.3796781,0.89355505,-0.94867826,-1.1319085,0.6524134,-0.1300004,0.5808399,-1.6034452,0.4039839,-0.26597208,-1.774418,2.179815,0.3932769,0.3171064,-0.5730951,0.6571627,0.98891217,0.11508936,-0.12071038,-0.34830365,-0.59686756,-2.3058465,0.4528606,-0.9769012,-0.6133121,0.362548,0.30437195,0.9245198,-0.22682248,0.1474234,-3.797824,-1.8480378,-0.9918312,1.2024028,2.258974,-3.0993593,-0.13890861,-0.7350855,0.82107997,0.45954558,-0.6732021,1.031168,1.0229087,-1.65219,0.27385253,-1.1701396,2.8116868,0.9278715,0.09684281,-1.502593,-0.048525784,2.0776803,0.33617076,-0.49389213,-0.36649618,-1.3078214,1.0072474,0.24094541,-0.8015988,-0.5156254,-0.2704014,0.70768803,1.5848408,-0.9528347,-0.7479461,2.2832882,0.55821085,-2.4494336,-1.4358698,0.6954652,-0.8317697,-0.04384627,-1.2262702,1.4337829,-0.35173854,-2.2068503,0.3327727,-0.1876404,-0.84032106,-1.527351,-0.5227211,-0.5271162,3.0889938,0.6763928,-2.0136716,0.34069785,-0.13521077,0.26619723,0.086780354,0.64071304,-1.5836961,0.41915536,-0.47684768,0.34891954,1.1673216,-0.60095656,-0.22918466,0.22766776,-0.19407421,0.05352258,-0.6566635,-1.5847127,-1.1327081,-0.785999,1.3598834,-0.22746062,1.9264964,1.330264,-2.1051314,0.25083,-0.44425407,-0.48016945,-0.6004328,-0.71154004,1.2047076,-2.7662017,-0.39161533,-0.9122308,0.77133703,-0.8199284,0.25048357,0.38622952,-1.2721665,-1.2248363,-0.2205422,0.211539,-0.43108124,1.5520298,2.6645203,1.2652421,0.70895404,-0.6503267,0.9801996,1.1586245,-0.30185425,1.6266465,1.6445416,-1.7963866,0.037135012,0.6034458,0.2176505,-0.7827111,-0.26735932,-0.3825105,1.2463212,-0.8841135,0.074493006,0.4336291,0.060624946,0.41193417,1.9786899,-0.2868739,-0.044337537,-0.98636925,-0.33271676,2.6261258,-1.4472883,2.8320518,0.15815851,-1.1529202,-1.7809174,2.5808182,1.4014826,0.51786757,-0.61452246,-1.0821298,1.6321007,0.0194672,-0.20409697,0.94358516,-0.39310366,-1.7865783,0.43022567,0.95358986,-0.19464773,0.24578968,-1.9991193,-0.12280677,0.42467567,-0.55202913,0.5844776,-0.72418416,-0.855943,0.40974858,0.25001508,-0.31671453,0.8082934,-2.1871266,-1.439382,0.32107762,-0.07946496,-0.6610289,0.089957565
Q7L590	-0.45652354,-1.0455792,-0.45160124,-1.2275883,-0.713925,-0.7365127,-1.0825807,0.9661091,0.76540536,-0.8287593,-1.199145,1.1454605,-1.2827364,-0.021158582,-2.2119575,-0.13753986,-0.18489963,-1.7150701,1.3361374,0.50490296,0.6130824,0.08786879,0.30979857,0.92795336,-0.20585138,0.115483016,-0.43953127,-1.1643238,-3.21332,-0.5259712,-1.0471148,-1.122548,0.034302767,0.5623698,0.35412475,-0.43299192,0.5222063,-3.3880885,-2.339246,-0.7751182,0.95742756,3.2547941,-3.5209157,-0.5547815,-0.9692014,1.0515263,1.020972,-0.38105258,0.68074274,1.1796287,-0.48805967,0.32529283,-1.0416759,2.4258144,0.8458581,1.1331073,-1.7441365,-0.1621309,1.5691981,0.76884955,-1.0003731,0.09826664,-1.3778062,1.8678455,-0.2235394,-0.77201337,-1.0652285,-0.5624375,0.53777707,1.1079916,-0.93114686,0.02220894,2.1722214,0.038463295,-1.82175,-1.7452555,-0.35678628,-0.3000604,0.2523098,-0.9154743,0.67393583,-0.42622545,-2.5621586,0.24898304,-0.4607904,-1.4754312,-1.1871799,-0.12739085,-0.5102592,3.47367,0.2587038,-2.0347035,0.13856441,-0.014652145,-0.71610636,-0.034092244,1.1196325,-0.55527467,0.7030175,0.062534876,0.57508594,0.6632513,-1.0813013,0.11361595,0.24144793,0.0615848,0.07203573,-0.7505148,-1.1010599,-0.8955996,-0.84657824,1.9063505,-0.17765385,2.2913487,1.210965,-1.977388,0.42355,-0.20960632,-1.6088622,-1.2406569,-0.9840756,1.3102865,-1.5340376,0.007460004,-1.0526158,0.18140507,-0.29855263,0.024327485,0.28411037,-1.2630781,-1.1037169,-1.2366751,0.8423998,-0.77463657,1.2742364,2.3216856,1.5319018,0.09067048,-0.5700084,0.706142,0.72229236,1.0463697,1.5286523,1.7872893,-1.0798682,0.15851331,0.49020258,-0.3323186,-0.5443829,0.14636962,-0.16765676,1.1301229,-0.70703787,-0.0123703815,0.66023695,0.04261204,0.4510678,2.0042114,0.5837257,0.68501645,-0.42493728,-0.4859973,2.7959676,-1.7501132,2.1782138,-0.1964185,-1.4234399,-2.1390138,2.8098612,1.5527803,0.6621833,-1.3441452,-1.4827518,0.49335933,-0.33653668,-0.2080935,0.9032723,-0.37038806,-1.4029886,0.48593172,0.7759583,-0.36098823,0.3404932,-1.8794549,0.24327658,0.36365426,-1.6578618,0.68892545,-0.7109952,-0.67789024,0.066723354,-0.33086058,-0.756436,1.6910408,-1.3156565,-1.6833687,0.79273367,0.10517692,0.4731198,-0.058357306
Q13415	-0.09537791,-1.3113924,-0.43427056,-0.28342265,-1.5815754,-0.46682212,-0.4054861,1.5625082,0.4768936,-0.6310077,-0.9200148,0.53994113,-0.35115004,0.43179592,-1.8853261,0.7902213,-0.08832798,-1.6623038,2.3528633,0.62428796,0.107618526,-0.08167364,0.14506504,0.54297835,0.018619232,-0.20954028,-0.010154214,-0.8867719,-2.5400712,0.44233286,-0.7954548,-1.0750368,0.3498512,0.31337714,0.8760471,0.034518257,0.47888213,-3.702384,-1.7973157,-0.89875466,1.3173482,2.4238205,-3.4163132,-0.43231234,-0.31098604,0.753853,0.95422095,-0.85700494,0.34353667,1.0729477,-1.6631668,-0.000825401,-0.902573,2.6940837,1.0102724,0.10202881,-1.3825738,-0.39912695,1.9197932,0.52427626,-0.21662587,0.47872594,-1.0568001,1.1866828,-0.44119588,-0.66458094,-0.3733118,-0.19749364,-0.054130014,1.3539792,-0.66945523,-0.8780549,2.1825426,0.27635968,-1.892772,-1.1646479,0.23980568,-1.1936704,-0.5482537,-1.05452,2.0267847,-0.017473066,-1.9561154,0.09793328,-0.5878602,-1.0261447,-1.2027845,-1.3089652,-0.12338604,2.6350763,0.9963244,-2.0204537,0.6087248,-0.64764005,0.49903154,0.35423246,0.9076703,-1.1992326,0.52966267,-0.3988711,0.9660653,1.2207493,-0.35170028,0.22031209,-0.2224701,0.06934363,-0.27830335,-0.9542611,-1.7563648,-1.0585834,-0.5962359,1.4445697,-0.6927392,2.331949,1.5414892,-1.6787714,1.1061063,-1.0704335,-0.75855964,-0.7034565,-0.8350359,0.53592426,-2.077038,-0.21451232,-1.071296,0.55445665,-0.3849487,0.79414856,0.5283324,-1.0344442,-0.8087999,-0.30114964,0.6900495,-0.4761212,2.305832,2.0012953,1.2926515,0.2787605,-1.2413585,0.8143734,0.87519,0.273895,1.6992644,1.4795166,-1.1144844,0.2894273,0.71328527,0.0776096,-0.8063686,-0.8748964,-0.20772837,1.3315207,-0.5543278,0.2290399,0.43264994,0.29200694,0.112232015,2.001176,0.22127004,0.00077485957,-0.78168344,0.1559847,2.5607395,-2.1988316,2.2964933,0.21060318,-1.3826619,-1.7232436,2.835245,1.1270233,0.77027124,-1.197641,-0.5427807,1.6454605,0.09319602,0.22756839,0.54437417,0.016044203,-1.3555968,0.529688,0.6906784,0.1623009,0.48972592,-2.0073056,-0.069887005,0.4464162,-0.9616455,0.75330186,-0.4551677,-0.874786,0.26501286,0.27623338,-0.37727648,0.688049,-1.9679487,-1.1586838,0.49893215,-0.031297106,-0.4003192,0.007484392
P25205	-0.112908825,-1.357827,-0.012291726,-0.54655623,-1.2161844,-0.19706309,-0.41158873,0.92588073,0.8217955,-0.34292096,-0.66146016,1.0147245,-0.67780554,0.43985546,-0.74423826,0.7880534,-0.5590341,-1.231199,2.1192482,0.6542463,0.003353622,-0.60003173,0.10359191,0.93473995,-0.11995475,-0.56068957,-0.62468344,-1.0725478,-3.0589342,0.34938937,-1.4565281,-0.667456,-0.08683137,0.74438465,0.92871284,-0.47351676,0.8216355,-3.7350135,-1.957557,-1.2370311,0.97245586,2.4615667,-3.9955485,-0.47607085,-0.64831537,0.7168658,0.8437899,-0.38635793,0.31866738,1.3788716,-1.4546814,0.487047,-1.1359016,2.465122,0.73433924,-0.045096386,-0.7717471,-0.6960818,1.9392053,-0.11692785,-0.90583,0.6083267,-1.2561939,1.330783,-0.35923773,-0.7676315,-0.513573,-0.4710066,1.1007215,1.0993099,-1.1910225,-0.67280453,1.844276,0.2745883,-2.4215488,-1.0669763,0.48112905,-1.1213105,-0.50539416,-0.7777046,1.5614365,-0.6637618,-2.0861633,0.35785508,-0.47444433,-1.0384239,-1.3634671,-0.8859525,0.22644216,3.5529978,0.54501194,-2.0583355,0.52514017,-0.43067566,0.5387544,0.90134794,0.69391704,-0.85958946,0.45972428,-0.5033877,0.9244434,1.2863153,0.23225877,-0.32809824,-0.03131678,-0.23034598,0.25905284,-0.42596963,-0.98101246,-0.8940536,-0.7470085,1.7579565,-1.143574,2.475207,1.2588485,-2.267116,0.81306,-0.5727909,-1.0637116,-1.0456345,-0.98851466,1.0205706,-2.66101,0.07252954,-1.3137772,0.069289,-0.18623526,0.79857266,0.8559963,-1.029559,-0.85852236,-0.5126564,0.39820153,-0.36366618,2.2713284,2.2470915,2.4539912,0.20066048,-1.0168865,0.017187798,1.286359,0.3777725,1.1216282,2.1810465,-0.6777169,-0.25279433,0.5005724,-0.096707456,-1.048157,-0.54412955,-0.8763434,1.144912,-1.0533581,0.37110707,0.46270442,0.2955622,1.3966388,2.0638392,-0.018454604,-0.0880242,-0.50578177,-0.10188681,2.7632718,-1.5909288,2.4947174,0.49366066,-0.9758779,-1.3252807,3.167228,1.2219313,0.94660527,-1.1704737,-0.5235057,1.1852562,-0.5212749,0.1750366,1.5313281,-0.13212137,-1.7381653,0.45719984,0.9796542,-0.2708331,0.4714194,-2.3120594,-0.22545597,0.35051814,-1.1503334,0.1355139,-0.3896833,-0.97232974,0.21170609,0.22336783,-0.57374334,0.96466744,-2.2894213,-0.8060489,0.29452628,-0.12382544,-0.19592232,0.012732922
P49023	-1.3718858,-0.38036686,0.051715046,-1.6472895,0.5371465,1.4069576,0.8315983,1.3817823,0.35868958,-0.7966274,0.27139387,0.53782356,-0.7399512,-0.5129757,-2.2126255,1.6522278,-0.23945016,-2.1000278,0.5634735,1.409327,0.55726874,0.8581641,1.9936172,0.65013486,-0.30571148,-0.13231088,-0.25094113,0.962588,-2.256727,-0.07506931,0.5332199,-0.2658123,-0.35393098,0.1631711,0.67995113,1.3663741,-0.26990163,-3.6258495,-2.3478436,0.528692,-0.42757207,2.0447664,-1.8621448,-1.0322468,-0.3607146,-0.60008866,0.6340921,0.31065947,-1.8768076,0.077959105,0.62929386,-0.10527123,-1.0074762,1.2124327,-0.6739981,0.58905846,0.71189106,-0.386894,0.6678897,-0.6307715,0.06336543,0.14766198,-0.9708177,1.2911248,-1.6571687,-1.4888908,-1.1113703,0.410267,-0.045521278,0.7745133,-1.7230097,-1.0729604,1.5792086,0.6102055,-0.81749237,-0.64364487,0.262624,-0.34511098,0.6918812,0.16139185,0.57278025,-0.12718111,-1.8510672,-0.48899177,0.29236874,0.33824095,0.11517339,0.28514788,-1.7322438,2.3598554,-0.8820307,-3.072163,2.6679327,-0.25129592,-1.468437,-0.047095418,1.6667112,0.092524365,0.18292384,-0.85644776,-0.19046257,-0.40248457,-1.7034509,-1.1319295,-0.27403057,0.55918705,0.4053495,-0.48183373,-0.61656207,-1.9972113,-1.5275668,0.8696024,-0.12568384,1.1193353,-0.104252234,-0.24390614,0.42991948,-1.0645328,-0.21793574,-0.64290816,-0.20963903,-0.5685017,-1.2014587,-0.967464,0.8092948,1.0679015,1.0693048,-0.26844642,-1.28686,-0.3888684,-0.7064481,-0.9619773,1.2290537,-0.30062526,0.8932839,0.21468534,1.3007281,-0.45397946,-1.9934514,1.1773363,-0.030994935,2.4143114,0.9185258,-0.595368,-0.750623,1.4292787,1.2224035,0.27948985,0.5160791,-0.42018327,0.49751037,0.46833616,-0.9598035,-0.18488051,1.5239813,1.3886837,-1.2855738,1.9565954,1.2805603,0.34562436,0.26202092,0.7796329,1.0443213,-1.8752464,1.1322331,-1.9189041,0.5359403,-1.6288198,1.3323846,2.5153692,0.044232126,-1.516165,0.18266422,-0.18893303,0.9738087,-0.8846179,-0.5465878,-0.32976037,-1.1856755,-0.46738786,0.41148108,0.89664793,1.5315808,0.8175944,0.06227333,1.9203656,-0.4815507,0.4303248,-0.30734155,-1.83303,1.576814,-0.07176147,1.0590782,0.13853355,0.6896228,-0.8283506,1.190221,-0.66414136,1.3495811,0.8597395
O43524	-1.283365,1.0720953,-1.5945339,-0.48905757,-1.0049253,-0.15604234,0.75637674,-0.3126831,0.64836764,-0.03919076,-0.19471237,0.47861624,-1.0572287,-1.2709396,-1.4745389,0.562383,0.34657228,-0.5196925,-0.63563037,-1.3427125,-0.27608296,1.0172304,-0.089470275,-0.25380173,-0.5430643,0.2457051,0.64582056,-0.23834093,-3.74789,0.070395656,0.5898859,-1.8575581,-1.3356763,-0.66158426,-0.60308015,-0.0014233787,1.3193725,-1.6599203,-1.3714652,0.6168887,1.2982808,1.4596329,-2.072614,-0.087012045,0.373417,-0.21264318,0.42387554,0.13672993,-2.1802223,0.24096514,-0.6336258,0.87197995,-1.086424,-0.25411043,1.157117,2.3403263,-1.3977573,0.6031876,-1.0458199,-0.24918368,0.12519479,-0.2995362,-0.48569235,0.65424997,0.7044447,-0.071490824,0.7876913,-0.38220006,-0.055470034,0.18935283,0.63542557,-1.9583124,1.9145517,-0.21733554,-0.36614138,-1.6525978,-0.43952298,-0.87236416,1.807918,-0.06303351,0.099526346,-0.31901953,-2.4217389,-0.10285161,0.14549565,-2.4113708,-0.4074813,-1.0233198,-0.52279246,0.23332408,0.3956694,-1.4853922,1.1104046,1.8203895,-0.41468388,0.2600898,0.5326048,1.5255313,0.47789752,-0.42662612,-1.1387725,0.8062952,-0.78727835,0.5343367,0.16661996,-0.19415967,-0.048476662,0.2755503,-0.85191596,0.91041964,0.89185756,0.55721897,-0.589425,0.60585165,1.5266005,-0.3051447,-0.45067525,-0.4586789,-1.3957636,-0.69639474,-0.75937015,0.57996637,-2.765863,-0.039267655,-1.5687765,-0.24341477,0.24841121,0.21472245,-0.51178414,0.3606678,0.08361996,-1.8017241,0.9461109,-0.5443062,1.7553583,0.284298,2.0675387,1.2618334,-0.45151874,0.58749723,-0.36263677,-0.38607568,-0.024597645,0.0041899,1.36521,0.18444951,-0.1703992,-0.47105405,0.92397434,-1.3895183,0.04882743,-0.15540163,-0.12776193,0.8229744,-0.028498502,0.9242584,0.34635234,1.9339074,2.0157447,1.1212192,-2.7101552,0.5003185,0.8952269,-0.20080958,-0.29984197,0.36259827,-1.0701443,-0.31032702,2.6033428,-0.29946697,1.4107176,-1.0705817,-0.17565948,-1.1710485,-1.5381693,1.3889374,-0.4822207,0.21861328,-1.4547845,0.95577806,0.09487259,0.26421255,0.3278383,-1.7853996,-0.6407001,0.27913988,-0.9903661,1.2827249,1.354369,1.1540369,-0.67236626,-1.0401037,-0.43153045,-0.13432913,-0.054782152,-1.5580554,0.3926426,1.0452563,-0.5407582,-0.60484767
Q9UJX5	-0.46753627,-0.9651096,0.46860492,-1.4828336,0.122234516,0.47499117,-0.7123233,1.2754133,-0.15799884,-0.52847713,-0.10601281,-1.1555946,-1.9612538,0.7653935,-2.470899,1.6562278,-0.59640414,-2.6036837,0.6345042,0.896085,0.5144324,0.445325,1.4693,0.5936515,-0.5978731,0.22057073,0.45408133,-1.9636312,-2.4688337,1.3389916,-0.9054799,-1.721397,-1.2601286,-0.37054932,-0.28779724,1.945557,0.971001,-3.883731,-2.5870676,-1.7071893,0.7475798,1.253854,-2.9604874,-1.2595423,-0.66764444,0.527394,1.1746737,-0.42617315,-0.89032215,1.2594326,-0.53124195,-0.651199,-0.6006622,2.6348078,0.7071891,0.8412701,0.30275455,-0.17447595,0.53725773,0.59676653,-0.7597865,0.773145,-1.5611588,1.7888011,-0.112912916,-0.79820615,-0.02008186,1.8626927,0.05232134,1.5744225,0.20809262,-0.20481423,3.1886678,-1.136958,-1.0106069,1.1182619,-0.36570615,-1.6105431,-0.085041225,-0.3740669,0.24057259,-0.2043197,-1.4341007,-0.20515047,-1.0207571,-1.4861758,-0.4634326,-0.8903791,-1.2898206,1.6238984,-0.28305462,-2.197311,2.8804774,0.77105385,-0.3761718,0.23000056,1.5536718,0.7413381,1.287521,-1.0042019,-0.7743834,0.070575945,-1.6870447,-0.62867254,-0.056588553,1.0452552,-0.10865086,-0.4537202,-0.06273125,-2.2011526,0.42347988,0.45116353,-0.45366532,2.02068,1.8573775,-2.0812058,1.3268615,-0.09300277,-2.6938248,-0.19054085,-1.0489278,0.049507573,-1.6346164,-0.57217765,0.16034123,-0.43782952,1.5203257,0.9594215,-0.5179658,-0.36061865,0.5248999,-1.8052652,1.2281926,-0.01872476,0.46153826,-0.328141,2.675275,0.374821,-1.2924479,1.0018502,0.6078259,0.17334287,1.4098188,-0.78528595,-0.5425715,2.0011313,2.083451,-1.4428787,0.013356919,-0.8186652,0.5471541,0.755719,-0.85868275,-1.3501087,-0.75195384,0.3796693,1.0340369,2.6381743,1.0596945,1.2844187,0.376549,-1.3234365,0.35828203,-2.5954218,1.7905847,0.41349086,-0.58066285,-1.5099764,2.8750362,0.9964459,1.0886819,-2.3212237,-0.6180979,-0.6805763,0.41760176,0.35274395,-0.36452064,0.022960573,-1.3343058,-0.34889072,1.0176957,0.381665,1.9319227,0.7513796,0.09803191,1.3685434,0.18435857,0.2733704,-1.0634536,-0.60382766,0.18938756,-0.16996115,0.5993106,0.03140318,1.1125387,-0.7057789,1.6956099,0.46027833,-0.4333272,0.42199343
P25705	-1.7598137,-0.3738189,-0.30005425,-1.3543334,-1.2201803,0.8805321,0.5309491,1.5144458,-0.67948425,0.44070524,0.09738421,-0.30321833,-1.5081246,0.4151936,-3.4877012,1.5516429,-0.48174915,-2.8484626,2.630615,0.010809145,0.5686526,-0.11102639,1.2533128,2.0988765,0.34712312,-0.10264875,-0.11717249,-1.4419578,-1.2569553,-0.26887193,-0.8909974,-1.7445817,-1.2690837,-0.70573604,0.79122424,1.7079103,0.45158774,-3.74459,-1.5036824,0.9162255,0.8061725,1.4901754,-0.08453286,-0.7960869,0.4485187,-1.342646,0.09895349,-1.0767592,-0.13879445,-1.5936604,-1.3358202,0.3967144,0.049033668,-0.002391703,-0.8094857,-0.06211814,-0.8942866,-0.9391616,0.6194355,0.5072843,0.56798935,-0.11956657,-0.97802114,0.5602205,0.38464648,0.1320375,-0.10849816,0.7913264,-1.4050939,0.8802064,1.4164097,-0.8196125,2.5303166,0.11763907,-0.67407554,-1.3714931,0.5184773,-1.373044,0.90150654,0.38568398,1.0700033,-0.37073207,-0.028254354,-1.4748676,-1.2551122,-0.26988557,-0.69721746,0.14500903,-0.66624486,0.46076646,-1.2332196,-1.6893818,0.7522637,-0.54122335,0.09778387,0.5805513,3.5857089,1.4462821,0.24676506,-0.77008605,-1.4179574,0.011765757,-0.32361767,0.38064045,-0.17273161,0.37161168,-1.2752657,-0.9227853,-0.98077655,0.26274392,1.2137184,0.9915815,-0.86803347,0.7703777,1.1792473,-0.19906797,-0.82704884,-3.40279,-1.650577,0.7186351,0.092500865,-1.3628045,-1.4300677,-0.36116743,-0.49097306,1.735239,-0.6677731,-0.5153835,0.32383132,1.3285376,0.5256924,-0.65057945,1.6465735,-0.8560092,-0.25546142,0.13667116,2.889307,-0.89778507,0.4036961,1.3269821,-0.8751117,0.10840706,-0.8119578,-0.93061596,-0.16207725,2.0635033,1.1672467,-0.43684396,0.34008497,0.04175298,1.29901,0.3105513,-0.9370527,0.5365773,1.6289437,2.1814609,-0.8613945,1.5912455,0.38246062,-0.07281952,-1.1068349,-1.8032473,1.5064499,-2.3600519,1.2963815,-0.2425526,-0.42462116,-0.63725173,1.6464156,0.31775773,2.1470203,-0.7322585,0.8504618,-0.5855047,-0.6888099,-0.51704055,-0.32367024,1.4044262,-2.8867536,-0.064004995,-0.43184254,0.035277903,0.61347586,0.5093584,-0.38697562,1.5141841,-0.86132526,0.5823451,-1.2965587,-0.10778358,1.6799132,-0.16687205,0.39719522,-0.98862547,-0.1604368,-2.2208107,0.5156497,1.3252518,0.122428305,-1.180357
Q16718	-1.7366586,0.7371418,-0.23083262,-2.6882577,-0.03576081,0.98621076,0.72787327,0.74829054,-1.2431556,1.2590176,0.33971924,-0.74092835,-2.0753956,0.4251129,-2.5188587,1.2118641,-0.8767904,-2.6497018,0.006267275,-0.33651805,1.2796036,0.91814995,1.6639317,1.3285424,0.14605294,0.4487727,0.34855163,-1.7178257,-2.7100163,-1.1798056,-0.3430257,-1.5959693,-0.98889124,-0.25378367,-0.7402252,1.6550394,0.89053774,-3.6599095,-1.8196548,0.3559571,0.84904593,2.0358398,-0.689733,-3.2176094,0.21035264,-0.85356784,-0.33727804,-1.2389255,-1.3328958,0.0065264185,-0.92135483,-0.72618794,-0.8575153,1.3801582,-0.3859845,2.1844137,0.22536321,-1.483141,-0.80550385,1.4123816,-0.6966189,-1.8405192,-0.50680315,0.055077545,0.2540154,-0.35504523,1.1475658,2.5048296,-0.9092458,0.53051084,2.7882001,-0.6019323,3.6039407,-0.07460326,-0.78625625,-0.69212794,1.0449258,-0.41047484,0.25703204,-1.0514553,0.2337413,-1.3697267,-1.0594934,-0.6636837,-1.3695484,-0.115133755,0.21126318,0.25992143,-0.5828297,0.049461305,-0.2719543,-1.5949018,0.7066622,0.5462492,-1.1250982,-0.28023246,3.6008563,3.2509944,0.41577733,-1.9718293,-1.9803451,-0.33608544,0.18077356,-0.5924675,-0.14675426,1.6890298,-0.08644717,-1.2978036,-1.3376355,-0.76179713,1.3568898,0.9837763,-0.6366974,1.786865,0.33241642,-0.83704555,0.40374586,-2.786195,-2.102515,0.69693524,-0.67964315,0.16826978,-1.3011675,-1.380568,0.9020497,-0.24070612,0.8811989,-0.021806467,-0.17052111,2.110983,0.8398495,-2.3468587,1.4287213,-1.630484,1.022957,0.36741883,2.0832295,0.035301473,1.635205,1.2012122,-1.9518862,0.5624811,0.7527941,-1.6213186,-0.13294877,1.525207,1.4818368,-2.6664624,-0.382514,0.3495794,0.39509565,-0.41233233,-1.0591289,-2.8704622,0.46806926,1.8858589,-0.01838854,2.0775955,0.341616,1.3531013,-1.1908259,-2.9535058,0.8231251,-2.3404639,0.15063754,-1.7272677,0.657265,-0.7973756,2.8907013,0.8139579,2.127041,-2.988729,0.3125397,-1.8265557,-0.27136868,-0.116763696,-1.3324753,1.324559,-2.010785,-1.063402,-0.4554133,-1.2136898,0.6875542,-0.08393119,-0.15423545,0.93403643,-0.656882,0.24745296,-1.0230435,0.27477822,0.91754735,-1.3977447,1.3233029,0.40740654,2.177664,-2.1823564,1.1592823,1.7864565,-0.8276265,-2.0808887
O14561	-0.11187246,-0.55436575,0.0067327297,-3.036221,0.5709777,-0.08299864,-0.66313976,0.51676804,-0.19556092,1.0688413,-0.6040409,-0.58455527,-1.6761596,0.92237777,-1.9613233,1.2774862,-0.31237108,-3.1728954,0.59615195,0.14784062,0.5440114,-0.7729001,2.5910187,1.8979286,0.109636426,0.82876045,0.29607677,-2.125054,-0.5567945,-0.52483976,-1.2813761,-1.2705686,-0.88285047,-0.40098682,-0.12006184,1.5893455,0.054648202,-3.8678644,-2.3438473,0.1288514,0.23779109,2.7021337,-0.084897086,-2.1623466,-0.16990303,-0.6355155,-1.2442368,-0.67219913,0.5461789,-0.79629743,-0.3404136,0.33852482,-0.06644062,0.8168103,-0.99528486,1.4398545,-0.4932698,-0.7529907,-0.9997568,1.4545733,-1.145406,-1.4813299,-1.016538,0.99307334,0.61904573,-0.003475381,1.0049586,1.0030857,-0.6781832,1.4160563,1.6362182,0.385506,3.3318331,0.25323623,-1.1783048,-1.4203746,-0.009138218,-0.6375785,0.08582196,-0.04389195,0.6466781,-0.83187675,-0.6836722,-1.083639,-2.1224446,-1.1311922,-0.8411533,0.9666866,-1.388046,0.11581759,0.21268737,-0.9613361,-0.2039342,0.2443064,-0.96356696,-0.49410498,3.0293305,1.7195354,0.8776382,-1.2840292,-1.8509455,-0.52863365,-0.7974161,-0.3642882,-0.27898175,0.5277485,-0.057480756,-0.43356103,-1.5654019,-2.379255,0.55900794,0.646809,0.013840633,1.4272766,1.2034225,-0.21299806,0.42603394,-1.1650559,-1.6753469,0.23186085,-0.18548824,0.9440594,-0.75803095,-0.39012516,0.2259911,0.2251121,0.32363358,0.28135222,-0.54987574,1.4348423,0.8243574,-2.4773908,1.8786117,-1.1766492,0.87932223,0.31774288,1.9853675,0.0151848355,3.1603315,1.6054683,-0.83906084,0.5687035,1.2055553,-0.59586823,-0.6583008,2.1304657,1.1191299,-1.9824517,0.77205783,1.6017064,0.7112779,0.42957544,-1.1994699,-0.83427954,1.0962679,1.2212296,0.1847491,0.9623608,0.041740198,1.6031876,-1.1298283,-3.5397658,0.4412158,-1.2706825,0.24558638,-1.100346,-0.45965624,-0.8436335,2.027305,1.006424,2.40431,-1.4472528,0.067726,-1.3364011,-0.7765379,-0.9570631,-1.1638474,0.8805599,-2.287082,-1.184153,-0.027044056,-0.40050295,0.16010061,-0.33214554,-0.92740786,0.5375567,-0.6768018,0.28895733,-2.0978606,-0.41257855,1.0347662,-0.6318181,0.4555457,1.1316994,1.4091533,-1.4350394,0.9733197,1.0726029,0.65035313,-0.89559346
Q6P2Q9	-0.73168105,0.20865399,-0.56046724,-2.2932627,-0.4863037,-0.4594205,0.8691665,0.13794287,1.876891,-2.013176,-1.2872201,-0.35112634,-0.8795243,-1.3046507,-3.1678832,0.20998067,-0.8537343,-3.6179833,1.0870569,0.94767064,0.8992342,1.3573887,1.3968865,2.318946,0.34430885,0.23923954,0.42868575,-0.5319496,-2.8305004,0.48173892,-1.0054871,-0.8396526,-1.5488898,-0.06250352,-0.63872546,2.4712896,2.3205721,-2.890915,-0.89745206,-1.4236687,0.07464693,1.7166148,-2.3914838,-0.32587656,-1.0096916,0.78258306,0.8592625,0.7539022,-0.39347634,1.2668726,-0.6128346,-0.9926078,-0.97662365,1.9739681,-0.24787378,0.31587183,-1.4879804,0.6153225,-0.28648946,-1.1553241,-0.8738139,-0.8072969,-0.8649559,0.94240785,0.09855124,-0.7017594,0.9724485,0.28095838,-0.070978194,1.5733762,-0.7769075,-2.1749198,2.1500523,-0.46491897,-0.82563555,-0.92867786,0.5305317,-1.5391253,2.7103815,-0.724103,-0.3659093,0.19467829,-3.5192342,0.98652256,-0.06409608,-0.4190726,-1.1245673,-1.4407096,-1.2138064,2.5747354,0.79677004,-2.2390177,2.1693287,-0.18064523,-0.9380827,0.7124578,0.6775676,0.87886506,1.4835004,-2.3175688,-1.2723898,0.42981064,-1.2400961,0.3554047,0.8118587,0.32663313,-0.0071406933,0.5303949,-0.67952925,-0.95973074,1.178922,0.75994086,0.08656673,1.6232755,1.8070517,-1.1365554,-0.39024624,-0.107500285,-0.24171211,-0.7315885,-1.3951298,0.68236953,-3.6736758,-1.708892,0.921674,-0.04037241,0.66909933,0.22030322,-0.42175275,0.041604508,-0.7706924,-0.8451335,0.74204075,-0.8560477,0.4459831,0.7311107,1.3387942,0.7787928,-0.54569274,1.3904744,-0.5363529,-1.4707861,0.678681,0.91112775,0.3551456,1.1973702,1.514303,0.9627063,0.9200489,-0.3144096,0.39685383,1.4370813,-1.1041213,-0.34107256,-0.2203239,0.34437984,-0.12741464,1.9526498,0.7511587,0.8106917,0.116690874,-0.5478066,-0.6807631,-2.4036884,0.53359795,-0.74179083,0.71234506,-2.285264,4.1876917,1.5512584,1.206782,-2.4069128,-1.6410089,-0.6679001,0.7629105,0.40824753,-0.5787844,-2.0831714,-1.2213323,0.23913233,0.46689957,0.51240313,0.36551976,0.14664315,0.46378785,0.4402403,0.36734897,1.0344546,-0.5889743,-0.23918445,1.1351469,0.45933238,0.22642231,-0.11376174,1.3048806,-0.27935246,-0.029700171,1.3964925,0.4216973,0.42652318
P62312	-0.5401602,-0.30246645,0.11243136,-2.3216686,-0.46124452,-1.0464357,0.27758616,0.49139836,1.1655794,-1.3140562,-1.6500698,-0.5142228,-1.1255898,-0.397467,-3.3755567,-0.03638062,-0.858974,-3.1561575,0.7141545,0.67927223,1.8201814,0.34651244,1.8702098,2.5430923,1.0938153,0.55754346,0.15011963,-0.51510817,-2.3051353,0.72027344,-1.721514,-1.2484986,-1.6892958,0.08436626,-0.46980834,2.0997863,1.2929896,-3.4205585,-0.6658309,-1.1112759,0.8862288,1.5141315,-2.2796004,-0.15386245,-1.0760545,0.604957,0.51778215,0.60180885,0.6897303,1.1419283,-1.1902459,-0.7915625,-0.8973973,2.6870277,-0.5059495,0.91530836,-1.7016876,-0.078150325,0.16354099,-0.9143747,-1.0704416,-0.9957703,-0.9233305,0.87501806,-0.0695395,-0.19078012,0.16453671,1.2917928,-0.42977214,1.5448673,-0.45461026,-0.7450528,2.5673456,-0.085945725,-1.1213081,0.4035953,1.0412595,-1.1261609,1.9434947,-1.5196596,0.90519965,-0.25149065,-2.6859531,0.87276506,-0.69335026,-1.6311073,-1.1132785,-0.39529783,-2.2301116,2.0190868,0.45997116,-1.9777097,1.8268954,0.018715065,-0.486287,-0.56662554,0.84732103,0.48898628,1.0205197,-1.442598,-1.2787137,1.1312144,-1.473189,0.5556633,0.71336085,0.93001294,-0.007858426,0.0073025743,-0.96482825,-1.9855522,0.9872527,0.5103795,0.2924192,1.0049843,2.1082597,-2.2125347,-0.019116038,0.30216232,-0.2687075,-0.5738832,-0.6709405,0.19803804,-2.4039192,-1.7749391,1.2088972,-0.41017437,0.1181799,-0.6938971,-0.5377131,-0.053533703,-0.15451156,-0.86484796,-0.49770135,-0.28443745,0.5482939,0.9686958,1.1991743,0.46624383,-0.3220809,1.6017616,-0.17629305,-1.1815195,1.681404,0.50376534,-1.2523445,1.3491338,1.4105805,-0.078552075,0.9088072,-0.27867442,0.025459157,1.0389143,-1.4386454,-0.7536626,-0.097897746,-0.10765264,0.08932532,2.1978612,-0.038360093,0.3577468,-0.12900035,-0.94577587,0.6011435,-2.4247737,1.6343262,-0.109548874,0.31475303,-2.0711737,3.908205,1.2592145,1.2780956,-2.1809082,-1.5551,-0.28050798,-0.26391688,-0.61408955,-0.42997795,-1.6918962,-1.5166723,0.06784681,0.64586586,0.02859328,-0.48981738,0.06975428,0.100651756,0.5813532,0.30165708,-0.0070797973,-0.94967633,0.6024144,0.48940754,0.5217243,0.07219927,-0.2113301,0.30885223,0.07782272,0.43889272,1.0177585,0.5532828,-0.056112275
P15927	-1.056677,0.2588636,-1.1856548,-1.1978141,-1.4735968,-0.37768918,-0.8087621,0.3967432,0.17455089,-0.82067394,-0.12784912,1.385968,-1.0626758,0.87905264,-1.5074129,0.9550809,-0.51272666,-1.9684541,1.0391703,-0.19211382,-0.78282756,-0.11493852,0.7995706,0.2216545,-0.16792089,0.9551309,-0.70801896,-1.5442462,-3.1105132,0.17054616,-1.8256525,-1.7073864,-1.669686,0.6080904,0.7998117,-0.22948486,1.3312199,-3.0422385,-2.4124203,-1.6789695,0.6679571,1.1256503,-3.8685164,-0.7369761,0.5958975,0.8555728,0.6154994,0.8744313,-0.40239918,1.0605693,0.05793195,0.7522848,-1.6223915,2.658242,1.4133928,0.9120232,-1.8304666,-1.2482437,1.7694881,0.6097629,-1.0997515,0.2604862,-0.49316826,1.3197818,0.44616583,-0.8982578,0.12823851,0.005828376,0.16665578,1.9936041,-1.2165573,-0.49047518,1.8257191,0.8265108,-2.411045,-1.8038,0.22441459,-0.8547956,0.42329133,-0.4210248,0.95787024,-1.1071513,-2.732549,-0.5257723,-0.5545894,-1.6077586,-1.240994,-1.8192875,-1.3114882,2.2302535,0.18230112,-2.0064905,1.8450117,0.9991703,0.57359254,0.7039625,1.549612,0.69651395,0.9683829,0.13190345,-0.63594127,1.4715587,-0.11736837,-0.6381853,0.12969962,0.36136228,0.054511547,-1.685069,-0.71133536,0.15708776,-0.522309,2.089674,-1.1262109,1.6314639,2.1096122,-0.56919366,-0.5202415,-0.60389054,-2.0842447,-1.4469858,-1.2557468,1.2920185,-2.5611866,-0.014491808,-1.2773247,0.09537167,-0.25232124,0.96372354,0.4199295,-1.4735732,-0.60949695,-1.2800461,-0.21045783,-0.77549773,1.6576009,1.7435371,1.6962276,0.6805141,-1.6006362,0.20875591,1.2894623,0.6055325,1.0603195,1.4732803,0.4033725,0.40770063,0.19093426,-0.24829349,-1.4405649,-1.5209942,-1.2801985,0.9829543,-0.29972288,-0.19872528,0.42904487,-0.22761962,1.2395545,2.1158054,1.1833246,0.5921183,-1.0364366,-0.12827407,1.9717515,-1.1867193,2.0161319,0.8624281,-1.4426664,-1.7970103,3.3239288,1.3483852,1.0446126,-1.4497994,-1.1550914,0.21431783,-1.3368948,1.5951531,1.0000694,-0.3424252,-1.5357089,0.34622857,1.1290848,0.33160344,0.58831704,-2.0915327,-0.83965427,-0.37649217,-1.5103787,0.4090144,-0.2440633,-0.77215266,-0.24289393,-0.4608961,-0.7512366,1.1548986,-0.9671692,-1.58072,-0.08343527,0.22271787,0.069801986,0.23090802
O00311	0.04566941,-1.5980875,0.42033893,-0.0638451,0.10813523,-0.0032561063,-0.5920929,1.241556,0.9483055,-0.75992465,-0.7486374,-0.080782056,-0.28137243,0.1952273,-1.1421661,1.6594197,-0.05405665,-1.1822635,1.7938356,0.93559843,-0.22742216,-0.6278553,-0.38572183,-0.62947756,-0.96677995,-0.3488774,0.84107614,-0.62889224,-1.9553586,2.2032847,-0.12312847,-1.0306922,0.80801207,0.28780538,0.64982116,-0.22196732,0.68448865,-3.1706798,-2.5695682,-0.8129114,1.2162222,2.0626469,-3.9520285,0.35867155,0.13000059,0.3756417,1.1825874,-0.66317075,-0.6917447,2.143445,-1.3387533,0.5591551,-0.88864815,2.5002406,1.743951,-0.6080242,-0.3796924,-0.60222405,1.8568053,-0.1333668,0.13001122,1.346054,-1.263323,1.3549079,-0.36550418,-1.2232581,0.17087843,0.52885497,0.78607583,0.90096694,-0.696425,-1.1278609,1.5161822,-0.20416163,-2.3433802,-0.35281652,0.6943996,-1.0908552,-0.86868584,-0.20794682,1.818854,0.10972694,-2.4945307,0.1587678,-0.14568976,-1.0014516,-0.9208075,-2.0037677,-0.1266739,2.6752236,1.1549573,-1.6161631,1.1577618,0.8956578,0.33392483,0.33981493,-0.41913897,-1.714452,0.8780904,-0.7736292,1.580591,0.47390655,-0.51074445,-0.550131,-0.5979476,-0.08396166,-0.7151128,-0.5409448,-0.9857166,-1.137585,-1.6936458,1.0287734,0.04582692,1.7570767,0.9154317,-2.2706952,1.8899982,-0.09028839,-0.20255162,-0.44108507,-1.1955357,1.1187665,-2.5843291,0.093799405,-1.5794629,0.33042702,-0.742593,0.8609796,-0.028690027,-1.1860908,-0.81888247,0.38220787,0.9163701,0.06268287,1.9958432,1.7572364,1.7991773,0.5971792,-1.9455113,1.1949241,2.0590186,0.6913121,1.5220015,0.44139478,-1.1966217,0.4532805,1.1730865,0.77408445,-0.6689379,-1.2285815,0.38486442,0.7673933,-0.97111976,-0.3656308,-0.43305367,-0.0425711,0.608146,2.3019283,-0.1804198,0.3184058,-0.89721984,1.1365676,1.5971476,-2.528601,2.367019,0.5783338,-1.2105712,-1.8978192,1.9953547,0.8706586,0.20066306,-1.5669228,0.40380698,1.7370806,0.8227409,0.9320554,0.192624,-0.63976794,-1.267683,0.35423437,0.89886177,0.99677217,0.92478365,-2.0833552,0.10318074,0.7836552,-0.660257,0.14842334,0.45693746,-1.2027998,0.5392501,0.7635452,0.2766447,0.5262742,-1.5743077,-1.0327708,1.1786556,0.12508215,-1.1567467,0.49782053
O00303	0.9480719,-0.6148404,-0.056880105,-2.2696493,0.21536843,-0.12136933,1.218107,0.60103965,0.63620317,-0.75194573,-1.047057,-0.8374155,-0.42827922,-1.3219119,-2.3494627,0.8017318,-1.0218279,-1.2980407,1.6454513,1.5280243,1.4718688,2.1494942,1.1506174,1.4617786,0.09339013,0.3623337,-0.40982407,-0.5091047,-2.1255279,-0.39205113,-1.6876197,-0.5331363,-0.14723723,-0.4001141,-1.3049502,2.2563136,0.60637265,-2.528009,-0.4037333,-0.6561232,1.392638,3.2643018,-1.505403,-1.2612433,-1.2738165,-0.47675648,1.1624316,-1.2468879,-0.8910754,1.3088655,-2.3229527,-2.2048392,-1.3005706,1.0134935,-0.9271859,0.74035305,0.9600274,-1.2931564,-1.7098832,-1.318579,-1.3484787,-0.37007907,-1.644615,0.14629868,-2.119476,0.088733524,1.2872175,1.3739331,-0.51891035,0.117963806,0.28558832,-1.7903925,3.1961017,-1.112291,0.33025792,1.379925,0.6985016,-0.58495015,-0.09948982,-1.4909376,1.907153,0.16560096,-1.1488628,1.2790325,-0.87962687,-0.21585414,0.15399249,-1.2364844,0.143144,2.4928346,0.6058348,-2.1070602,0.55376285,-0.53541166,-1.8583734,0.029930152,0.91777563,1.020247,0.23125345,-2.8722312,0.5382528,-0.02691508,-0.51829493,0.8213717,-0.031019963,-0.46026462,-0.24898742,1.4170523,-0.1147847,-1.2559353,1.1066072,0.26021504,-0.6835414,3.1413853,1.8480796,-2.8167531,2.4497566,-0.68789124,0.40644705,0.18974277,-1.2287097,0.35989904,-1.1581682,-0.48898563,0.16605859,-2.0999866,2.0720367,0.8730234,-0.1637249,2.03613,1.5438702,-0.7635758,2.052848,-0.6839145,3.296853,0.3202632,1.9742192,-0.16317455,0.0059915395,-0.0920223,-1.4692346,0.78569555,1.3605963,0.953134,-0.38453823,0.41430697,1.3439202,-1.3293469,1.6414075,0.55948675,1.112793,-0.25734392,-2.239867,-1.1549835,0.4672397,1.2427955,0.561807,3.1499686,-0.26523325,0.22202711,-0.27123776,-1.8639387,0.60906947,-4.409089,0.31676146,-0.9717596,1.873957,-0.4070284,4.3684983,0.3441891,1.4822057,-2.6629004,0.8058817,-0.078479536,-0.17043738,-0.4374066,-1.3207686,0.71620125,-0.7442782,0.40670618,0.33559468,-1.2640957,1.698232,0.8732475,0.6900287,2.1582506,0.44123885,-0.090349376,0.24708511,0.8276417,1.2285019,-0.18902865,0.7200135,0.03209785,0.6535592,0.12056736,1.2350842,0.8722557,-0.34971622,-0.22814275
Q86VP6	-1.6899827,-0.0070918673,0.5101049,-1.4494431,1.2023066,1.8039507,-0.340428,-0.0420035,0.5122203,-0.9951019,0.17384648,1.127543,-1.00482,0.3687578,-1.8359487,2.1762903,-0.20520067,-2.018684,0.20110908,0.64667296,1.4341257,0.59257907,2.0963316,1.4344269,-0.51490325,0.3996308,-0.35207617,-1.2923743,-2.084667,-0.100445054,-0.90962195,-1.1641003,-1.3723341,0.28400517,-0.7075968,0.6187765,0.27985635,-2.5923817,-2.523516,-0.4192375,0.87210304,0.86229897,-2.1118078,-0.63848877,-0.758743,-0.4720464,0.20709947,0.9126042,-0.30164513,0.45044452,0.34983143,1.8326542,-1.1278107,1.5605768,0.54596514,1.1188942,-0.5862766,0.542652,0.2868047,0.8532353,-0.31715852,-0.41385874,-2.1254144,0.67902756,0.027195113,-0.038545217,0.63689643,0.22928944,0.8727859,0.5360711,0.010940357,-0.66606855,1.7447526,1.1094564,-1.5156646,-0.102859184,-0.38415268,-1.4900653,-0.21893327,-0.001251434,-0.5874891,-1.3242894,-2.7701657,0.08839382,-0.5671331,-0.9013051,-0.11712933,-0.10172603,-1.2154257,1.1646924,-1.112446,-1.1160415,1.6157129,1.5336636,0.45065212,-0.5812033,1.717114,1.1184087,0.3752728,-1.7843134,-1.1032064,-0.5006018,-1.0921984,-0.03724065,1.1425788,0.4824219,0.10199141,-0.7026037,0.016208677,-0.46960106,1.148577,0.88952875,-0.8624873,1.1858314,-0.44246423,-1.0298425,-0.8465346,-0.37576115,-1.9370155,0.12088987,-0.3966511,0.8433369,-1.451667,-0.5840609,-0.52231646,-0.61603606,-0.40497476,-0.25837266,-0.5704771,0.68755877,-0.38081384,-1.9839854,0.82867795,0.08465843,0.72072977,-0.17423311,3.3917866,0.9399663,-0.87488395,0.2719566,0.57082635,-0.67072827,0.20647019,-0.63695186,-0.1326399,1.5085257,0.44256938,-1.2740859,0.7605428,-0.3372119,0.17252892,-0.22186919,-1.2445776,-0.81542504,-0.03757717,1.2312589,1.0581445,2.7731671,0.13659275,0.91071564,-0.23629642,-1.4146317,1.8080933,-1.3504397,0.75083494,-0.2428068,-1.5523548,-0.5085881,3.1574943,1.2352395,0.47202447,-1.1390213,0.07706386,-0.43543047,-1.4982027,0.2814396,-0.15007797,-0.54746103,-1.7040598,-0.70646197,0.84271127,0.18831116,1.6183417,0.38328418,-1.0674707,1.6132644,-0.6149067,-0.5260132,-0.5939979,-0.4628146,0.7938493,-0.8315913,0.02535686,0.70023584,0.032158658,-1.0208282,1.0343871,0.52818483,-0.117105134,0.002253095
Q15369	-0.2945314,-0.24828692,0.36268947,-0.9643336,-0.11629778,0.3571769,-0.29187602,0.47232962,0.017246053,-0.28250504,0.042449802,-0.6181512,-1.5584323,1.1860516,-1.4520179,1.5194112,-0.66852,-1.0308511,0.44993493,0.5178005,1.2038267,0.8664874,0.15014635,0.52535075,-0.7175401,-0.85726213,0.20380506,-1.1856432,-3.3996787,1.685653,-1.2604468,-1.703056,0.41953614,-0.028895982,-1.1405348,0.16981174,1.6164111,-2.6298153,-1.5815103,-0.95068115,1.4443225,0.50081265,-3.0924911,-1.0117877,-0.25114074,0.41009888,0.7207062,-0.46872094,-0.35972685,2.6711233,-1.1107569,0.049352784,-0.4652396,1.7972248,1.738427,1.4570228,-0.49594906,0.16416386,0.34822094,0.2549572,-1.0522195,-0.09049868,-0.6700274,0.21369533,-0.3633944,-0.32562825,0.60565263,2.4262676,0.28741765,-0.06184686,1.7664773,-0.7210427,2.1392512,-1.428528,-0.6706063,0.40104803,-0.3099105,-1.9151541,-0.7159534,-1.3556011,0.62919366,-1.100703,-2.5515587,0.0973407,-0.42347395,-0.35875854,-1.1674794,-1.8335608,-0.70601535,2.0071352,0.58379376,-1.5375038,1.075802,0.7229098,-0.34846058,0.28220937,0.85946345,1.0153973,0.382647,-2.3332539,-0.21231551,0.7523116,-0.75870705,-0.21873428,1.3985418,1.3419826,-0.82354474,-1.3142877,-0.73768896,0.21861242,1.1310774,1.1003329,-1.4016155,2.290088,1.1396453,-2.8152418,1.3871365,-0.04887673,-0.80790824,0.36294973,-0.8761452,0.3129125,-1.3901002,-1.0404456,-0.5756588,-0.92724997,0.6089593,1.3555129,-0.35350806,0.19161902,-0.7620644,-1.4141277,0.7333884,0.59434927,2.4638608,0.3156506,3.2056522,1.3265452,-2.474347,1.4899377,-0.22873302,-1.5021685,1.6934159,0.07699979,-0.13787852,1.2822008,1.8557668,-1.1827198,-0.56842554,-1.4698124,-0.47123986,-0.24186683,-0.11033705,-2.1792173,-0.7798944,1.155532,1.8381771,2.0749881,-0.5138754,0.4031861,-0.66661286,-1.6990042,1.5888801,-2.122131,0.63704747,-0.19756013,-0.6156589,-0.8330567,3.904591,0.5211427,0.55819315,-2.9683945,-0.94222575,0.8989241,0.19828688,1.8959084,-0.9015195,-0.5873102,-0.7978605,0.83045065,-0.4658062,-0.8937819,0.78354615,-0.56224066,-0.2519199,0.33548298,-0.52524644,-0.3167951,-0.35177276,0.38202938,0.075498104,-0.14921466,0.01622756,0.33048525,0.18335328,-0.91645575,1.1781129,2.0187423,-1.9689939,-1.4763974
P14222	-2.1902094,-0.14202285,-0.1957743,-1.3976595,-0.031143194,1.6810209,0.3069097,0.30584574,0.6887308,-1.0084817,0.2291173,1.7431554,-0.9550078,-0.12653407,-1.3262246,1.6292709,0.51014704,-1.2220502,0.62972116,1.5844599,0.09697573,1.4511654,0.236847,0.78921026,-0.47820893,0.1430134,-0.5767612,0.18624564,-2.4312158,-2.5183458,0.48535702,-0.5204046,0.13926686,0.5095093,-1.3740116,0.07930337,0.2617656,-1.2784029,-3.2926424,1.2642844,0.93470865,2.6821182,-2.608189,-0.4135213,-0.85078716,0.59674007,0.6455012,0.47486985,-1.2463299,-0.101359025,-0.8874024,0.2896403,0.1575441,0.4725638,0.5077866,2.3515022,-0.8501269,0.41270074,0.33241594,0.43633616,0.24049231,0.6166693,-0.59745944,1.9409858,-0.9395873,-0.77912164,-0.03630029,-0.40882424,0.54405165,-1.2786756,0.005276117,-2.167052,1.4866219,0.8199704,-0.86792773,-2.561977,-1.5758297,0.17108452,1.1826992,1.7478224,-0.21836162,-1.3829712,-3.0365303,-0.9060791,-0.23889777,-0.5551002,-0.17129071,-1.5190148,0.20302065,1.4274942,-0.37386104,-2.4902158,0.95705813,-0.17979169,0.44586694,1.1660771,0.7034757,1.1055846,-0.12652417,-0.41658187,0.92852163,-0.7658074,-0.40598944,-0.17523383,0.9176282,-0.6813393,1.4060429,0.7281532,-0.7313585,-0.21903212,0.31808433,1.8269267,-2.2026756,2.6081247,-0.16384418,-0.8726195,0.3115056,-1.1065748,-1.1145825,-0.8991699,-0.6293744,0.9253273,-0.24093013,0.09103381,-1.3783393,0.2401583,-0.008675931,0.4871131,0.27359632,-0.5627001,-0.6116224,-2.7143068,1.1594073,-0.8165376,1.5663947,1.0550587,2.5304737,-0.87529933,-0.8698054,-0.3557913,-1.1525627,1.4135733,-0.39768592,0.46794382,0.9361449,0.1670182,-0.54082835,-0.6769186,0.14320111,0.0979863,0.9770674,-0.24822234,-0.19434287,0.5358584,0.1889668,2.216634,-0.2759827,2.3784592,1.2379822,0.31052846,-0.94790286,0.048293296,1.8611431,-0.7077978,0.19456829,-1.5798703,-1.387821,-1.0092832,2.7985644,1.898251,0.7304866,-0.81326675,0.44775605,0.5962997,-0.5633013,0.25726926,0.12851846,-0.33344227,-1.8923881,0.080319725,0.23112005,0.36976662,0.9910127,-0.50455815,-0.053338595,1.1697743,-2.0204298,0.5317706,0.7156114,-0.9198281,0.628371,-0.23151855,-0.41837686,2.0699935,-0.56913894,-0.50551003,1.0801277,0.6210617,1.1063958,-0.040799633
Q12834	0.048398647,-0.70176554,0.19354437,-0.11551742,0.086523294,0.7434961,-0.034690447,1.0042965,-0.4476432,-0.5888123,0.14460212,-0.9014957,-1.0918151,-0.09869657,-2.0231988,2.2823017,-0.11281091,-2.47693,0.37657624,0.5804901,-0.31877118,0.5043244,0.6116925,-0.16598402,-0.4467079,0.24777643,0.14969105,-1.6000727,-2.0477479,1.8088952,-0.76336896,-2.0962212,-1.9038486,0.04896837,0.5466048,1.5780448,0.92605126,-3.073751,-2.6231947,-2.0413523,0.6540822,0.766363,-2.621532,-0.61488426,-0.051279522,0.14407238,1.7449797,0.28090817,-1.0788248,1.4991523,0.03469418,-0.08063131,-1.4048305,2.4059093,0.9258411,-0.71203786,0.11674841,-1.0622553,0.59350216,0.0014178177,-0.61374587,1.5455912,-1.2883004,1.8173988,-0.75414354,-0.35048807,0.36922684,1.6922222,0.15672539,1.7588482,-1.0274553,-1.1714134,1.7789643,-0.913663,-1.396336,0.2901647,0.35165182,-1.7708921,0.024407975,0.20068665,0.7465792,0.22191004,-1.7320652,-0.2697995,-1.4597981,-1.8518522,-0.25274488,-1.9949204,-0.911183,2.0077431,0.0035284813,-1.7667805,3.0224776,1.4866388,-0.2497453,0.42269626,1.2554233,0.16902877,2.1921408,-1.4742112,-0.14495552,0.18605737,-0.8267372,-1.1946738,-0.5623954,0.5649785,-0.5238263,0.2870078,0.23853038,-1.8413371,-0.7986613,0.7867644,-0.38181856,1.8715703,1.0102041,-1.7083865,0.55163455,-0.13544038,-2.248421,-0.96430033,-0.99566066,0.1146333,-1.7624253,0.15034352,-0.026598936,0.44584206,1.3116336,0.6385851,-0.7066484,-0.12287086,0.8842833,-0.9891907,1.102349,-0.2816838,0.75528723,-0.048231322,2.4488218,0.07731148,-1.9812196,0.39874554,1.3514625,0.8368665,0.89229494,-0.8366892,-0.43717065,1.3677881,1.5021183,-0.69940853,-0.53014547,-1.5505918,-0.032502614,1.2038157,-1.1363018,-0.20347497,-0.7736883,0.5085961,0.62407434,2.554608,0.8305485,1.1758578,0.5017981,0.26165858,-0.008684848,-2.8739028,2.0236137,0.62113166,-0.89963835,-1.6686879,2.2497041,0.6632652,0.3533072,-2.0233746,0.5641845,-0.353084,0.42999235,0.8769802,0.37862098,0.028354025,-1.0901796,-0.27136746,1.228905,0.9980219,2.2468967,-0.016657237,0.51377445,1.3210571,-0.24115086,-0.18508263,0.0066249482,-0.78412086,0.43227658,-0.0021028204,0.26734516,-0.2053062,0.43286985,-0.5113324,1.086943,-0.1360439,-0.5760258,1.2739005
P67870	-1.5104618,0.13908027,-0.3551849,-0.111411616,-0.13069983,1.1675107,1.2669917,0.9095141,0.1750635,-0.78988713,0.08342384,1.1973544,-0.68333447,-0.73110765,-2.0471737,1.972008,0.33402053,-2.1725297,0.33887473,-0.026568701,-0.18575594,0.6565554,0.18351752,-0.07175943,-0.070428066,0.118662514,-0.18114999,-0.26005295,-2.1390584,-0.29613894,0.85530573,-1.6510321,-0.7291872,-0.006642737,0.33152083,0.23384693,0.62746507,-1.8423942,-2.0637624,-0.4707469,0.8791339,0.8590036,-2.8789847,-0.50147223,0.61591715,0.34986693,0.8107362,0.25776216,-1.4218397,0.3076448,0.14115717,1.243019,-1.210526,1.173973,0.9110094,0.36392698,-0.4644441,-0.58396137,1.1367545,0.5810821,0.41717076,0.8764422,-0.86970335,0.8869008,-0.5663953,-0.68786925,0.17278463,0.03208577,-0.12097017,0.79438156,-0.80147797,-2.0370846,1.0749189,1.5210662,-1.3360616,-1.4378963,-0.19402379,-0.43206775,-0.17602138,0.86919177,0.5103415,-0.15020537,-2.346596,-0.42879412,-0.73240286,-0.834948,0.32098737,-1.4335523,0.06858904,1.568045,-0.09062025,-1.8258889,1.8413709,0.6116133,0.942292,0.018851751,1.1735692,0.2758882,0.1276518,-1.112756,0.04514951,-0.50110537,-0.38733178,-0.12956336,-0.029188322,0.49774757,-0.21963868,-1.0266672,-0.95262897,-0.67332685,-0.7084055,1.5476714,-0.7592615,0.9687396,-0.46664843,0.27083138,-0.24761616,-1.9136231,-1.5748612,-0.4294537,-0.6340092,0.025464775,-1.569928,-0.36140975,-0.5335178,1.0551233,-0.8027507,0.018261844,-0.92226326,0.24437493,-0.34718516,-1.3764378,0.95903695,-1.0233513,1.4503503,0.7307527,1.4301928,0.2687883,-1.9493171,0.34096804,0.18553852,1.3189071,-0.036086213,-0.8340431,0.31088412,0.8338179,0.116855584,-0.057596095,-0.12107916,-1.5567871,0.050404783,1.0371301,-0.98543775,-0.47920996,0.034779783,1.3120815,-0.990665,2.4838564,0.8615676,0.6212355,-0.55658394,0.84197015,1.5544447,-1.8420237,0.83467174,-0.79531723,-1.465584,-1.2688245,1.8164991,1.5200162,-0.062227122,-1.6809664,0.6681369,0.22598548,-0.20107931,1.0731771,-0.36325815,-0.2962679,-0.63410556,-0.407354,0.11311001,1.0316317,1.6704838,-0.5049861,-0.45419854,1.1780975,-0.67936903,0.11455191,-0.12800783,-1.2762668,1.0338539,-0.060697995,-0.14370504,0.30805972,-0.27497932,-1.267409,0.8662925,0.11839119,-0.017562322,0.9053543
O43633	-2.6819005,1.7227482,-0.42543602,-1.7246631,-0.71458405,1.3696111,0.9046117,0.66415524,0.4854622,-0.7248309,1.1649101,1.2747653,0.41430342,0.16657645,-0.5356511,1.957012,-0.74251294,-1.3656818,0.11391492,-0.15910499,0.8368678,0.654984,2.211773,0.53944504,1.0199409,0.7150811,-1.4475545,0.1381989,-2.1214676,-1.8972313,-0.46427852,-0.85766315,-1.6471127,1.6416911,0.33197445,-0.46881714,-0.30915517,-1.9344686,-2.4020836,0.9990767,0.9426251,0.9619395,-1.1478511,-1.0785565,1.4046963,-1.028776,-0.12235255,1.3137743,-1.8300138,-0.58182204,-0.49981192,0.67054075,-1.6991922,1.0233203,-0.6041612,1.0237924,-1.2890159,-1.3518463,0.576828,0.09134762,0.39822677,-0.6923961,0.18520375,-0.026233092,0.83995044,-0.6495704,0.17948763,-0.13799785,0.3118387,1.0281898,-0.51348937,-1.3337525,0.74032754,2.1696136,-2.3979564,-3.1218696,1.79362,0.40405554,1.554635,0.6842227,0.71020734,-2.2252207,-2.8710918,-0.41113243,0.561773,-0.43537095,-0.12554619,-1.6832944,-1.3586612,1.6956644,-0.53772086,-1.7826968,1.4518725,0.92560077,0.53985524,0.41443533,1.7417539,1.9452578,1.1071881,-0.84421074,-1.3195333,0.8017183,0.346168,0.05296319,0.7462671,-0.3478826,0.07000442,-1.7648159,-0.9692904,0.72100806,-0.07953398,2.5804946,-1.502334,1.2814242,-1.0746528,-0.27658933,-2.259749,-2.5024552,-0.06493533,-1.0889333,-0.014197177,-0.020719206,-1.4123716,-1.0120906,-0.40249747,0.65565395,-1.4517848,-0.2985638,-0.23170847,0.2948004,-0.68453246,-1.280424,-0.6014975,-1.4547062,1.8227618,1.8901472,0.7792475,0.19385365,-1.6328454,-0.18316092,0.049879044,0.2768678,-0.6297822,0.31961244,1.017315,-1.2546128,-1.3175546,-0.0701657,-1.2314376,-2.4048495,-1.7705938,-0.50684386,-0.1579739,0.3128601,1.6646584,1.6721362,0.14736399,1.8291996,0.84088874,-0.6093319,-2.1068134,0.26325488,2.6427016,-1.1014848,1.7094404,-0.6714834,-0.21291696,-0.96018666,2.7035065,1.4893153,0.7228976,-0.40565124,0.46105865,-0.06838761,-2.201799,0.8988392,0.8118829,-0.03933681,-2.081178,0.39705712,0.42962474,-0.08174953,0.5855967,-1.2626185,-1.2133807,0.8427467,-1.7993534,-0.95458055,1.4989799,-1.2853191,0.614969,-1.5342553,0.8822453,1.0842129,-1.0639966,-1.7546954,-0.17262137,1.117016,0.025632184,-0.60477453
Q9Y3E7	-2.8017898,1.9220401,-0.16811621,-1.2647976,-0.84422004,1.6167847,0.86835665,0.8559611,0.20785692,-0.7425875,1.0531619,0.7548402,0.5836103,-0.21040908,-0.9590381,2.24687,-0.48593837,-1.5329767,-0.029235337,-0.03323176,1.1324327,0.84436953,1.7827433,0.8801633,1.1463543,0.200508,-0.6233924,0.6068399,-1.9738758,-1.733839,0.18775725,-1.039766,-1.20357,1.546742,0.1803309,-0.4253705,-0.78060865,-1.9143491,-2.4590304,1.769892,0.89763653,1.1933317,-0.75414497,-0.5133434,1.2073745,-1.1619676,0.072290614,1.2633663,-1.6404146,-0.45473334,-0.76721954,1.0091842,-1.2216475,0.69908464,-0.4112113,1.0253853,-1.6839366,-0.92384034,0.73376304,-0.18189085,0.59112585,-0.6775072,0.30833888,0.3707138,0.80515736,-0.45605338,0.20863876,-0.07384083,-0.077880144,0.40338397,0.34861332,-1.7645836,0.90348727,1.645735,-2.1959112,-3.5954726,1.7837278,0.3674693,1.8957913,0.7899486,0.8576192,-1.8598889,-2.9430597,-0.13198335,0.41004825,-0.2189597,0.1676633,-1.9546877,-1.4540701,1.2195778,-0.47375548,-1.4815207,1.1252347,0.83078563,0.38290736,0.22990847,1.6183584,1.4832729,0.7886466,-1.0776862,-0.97800994,0.9594506,0.044694614,0.14397348,0.78115,0.17814119,-0.26432127,-1.3166645,-1.120734,0.61172473,-0.052342232,2.402224,-0.90841043,1.8749183,-1.1404573,-0.47213766,-2.1063485,-2.6138349,0.6385756,-1.1453799,0.3209129,-0.061295662,-0.65741765,-1.0713773,-0.46258858,1.313003,-1.7827231,-0.57720345,-0.28421605,0.11525935,-0.99244964,-1.1893562,-0.35218048,-1.4659939,1.7347468,1.8360329,0.914024,0.41096288,-1.9052745,0.5205238,-0.38195258,0.268154,-0.9043435,-0.23998976,0.7482277,-1.1731353,-1.2870204,0.27598295,-0.9448673,-2.0806875,-1.0777502,-0.668946,0.09723228,0.77172196,1.4489768,2.2204063,-0.65508795,1.6480796,0.70036215,-1.0283284,-1.9956318,0.753692,2.8735178,-1.5310299,1.2608203,-1.2902752,-0.41984642,-1.1166707,2.5744812,1.1276865,0.41597492,-0.47140577,0.80431473,0.68099296,-1.6453402,1.0591199,0.3531614,-0.0145815285,-2.115492,0.35670453,-0.08714977,-0.06412569,0.23383537,-1.3236363,-0.9530038,0.9391727,-2.1193328,-1.0676734,1.8934914,-1.2067745,0.8299444,-1.3269659,0.44924593,0.7360151,-1.2490493,-1.9631674,-0.03359281,1.4411818,-0.079067595,-0.80847263
P62826	-1.0366164,0.26768476,-0.68433404,-0.710796,-1.5114024,0.1434098,0.7096473,0.6320065,0.8648265,-0.98020995,-0.01795347,1.0777634,0.63564974,-0.26797622,-1.3807056,1.9842465,-0.47583914,-1.5267018,1.5555506,0.51060885,-0.24954419,0.8783565,1.3028231,1.2634685,1.0231557,0.7814833,-0.1850931,-0.16953267,-1.1712717,-1.1399896,-1.6736488,-1.3021082,-1.1987439,0.21302037,0.7354173,0.90980434,0.5310434,-1.8812375,-1.6485643,-0.090538934,1.2645065,1.1412612,-2.5953393,-0.5443625,0.80638105,0.3627324,0.5316027,0.52688926,-1.1163847,0.19993986,-1.0180566,0.016261868,-1.0531409,1.6360868,-0.18952715,0.39230567,-1.1041268,-1.1026592,1.2030144,-0.4345654,0.11838145,0.17008072,-0.37914595,0.39350158,-0.7820702,0.025401328,1.3524476,-0.06747132,-0.46222314,1.1107172,-0.9430211,-2.0127609,1.4000885,1.8533521,-1.8549144,-1.017711,0.753353,-0.08518992,0.010923022,-0.19143917,2.6015596,-0.16456306,-2.0264647,0.093932964,-0.7372463,-1.2759733,0.0711361,-2.2589293,-0.008213843,1.5536287,1.1703126,-1.91625,1.6094108,-0.5758262,1.3592376,0.9064987,0.8642029,0.42299685,0.80485576,-1.1713964,-0.08349564,0.6689059,0.06865546,0.97794443,-0.59371656,-0.23293065,0.01430849,-1.3591756,-0.96102786,0.055463135,0.34491545,1.1315962,-1.2422788,1.8019103,0.95512885,-0.179807,0.1839455,-1.8837008,-0.49237314,-0.511457,-0.99118775,0.32077193,-1.4605367,-0.34468699,-0.32917878,-0.67833793,-0.70990866,0.35604274,0.97991693,0.4841052,-0.116174705,-0.7912332,0.33391094,-0.7820904,2.6015959,0.94054115,0.9998738,-0.010813567,-1.7186667,-0.2500381,-0.39802733,0.2852446,0.32508457,0.5928673,0.7938353,-0.14309062,-0.21397655,0.23356561,-0.003815836,-1.5707744,-0.33047745,0.6738971,-0.665013,0.043776028,0.47621438,1.0235708,-0.4406174,2.8471415,0.38833302,-0.37989405,-0.9298347,0.6578777,1.4132671,-2.2255814,1.5001173,-0.21489431,-0.6758815,-1.0588744,3.538805,0.6345055,0.5548892,-1.2650127,0.38431248,1.6509857,-1.6149915,1.0775211,-0.39469418,0.15551274,-0.6767199,-0.46047726,1.0306038,0.047621362,0.6880295,-0.37362102,-0.9378088,1.2988154,-0.6258517,0.04180398,0.29185236,-0.8541926,0.4006037,-0.090776965,-0.9328772,-0.015817625,-1.511644,-0.647857,0.46753642,-0.0027791325,0.51199377,0.35021055
O00267	-1.314433,1.0980594,-1.2860429,-1.1050582,-2.1216695,-0.85876924,-0.33775258,0.7429543,0.05115129,0.9820516,-0.37809253,-0.33732095,-2.2946556,0.017493878,-2.9231892,0.48825744,-0.26370746,-1.6574696,-0.5212541,-0.7283602,1.3210331,0.9457873,0.43999264,1.1197804,-0.85703194,-0.22683316,0.8188813,-0.27940005,-4.286429,0.44127873,-0.23249267,-2.5608752,-0.39314684,-0.79782826,-0.79300123,-0.04443399,1.3925368,-3.3662255,-1.6236749,0.055206396,1.0537165,1.4455247,-2.3934243,-0.9743099,-0.07177137,0.5418451,1.240738,0.21556306,-0.8796903,1.2049496,-0.5877733,-0.1422305,-0.22804104,1.3846475,1.1316552,2.6052573,-2.452838,0.098260194,0.15149735,0.51465017,-0.75755036,-0.12265117,0.36417896,0.7777206,0.26113427,-0.05907349,-0.31993636,1.1198293,-1.1137882,0.4680214,1.9839009,-0.73109305,3.086883,-1.3851367,-0.116761714,-1.6746142,-0.2530038,-1.4726262,1.5671041,-1.1144717,0.5255302,-0.16206855,-2.7977834,-0.69121796,-0.22366403,-1.7124377,-0.6383897,-0.69832104,-1.3101537,1.844447,0.71250993,-1.8083612,0.61873806,0.59797996,-0.49846548,0.038800944,1.7650595,1.2716218,0.8271264,-0.670273,-1.2388405,1.2323109,-1.3652208,0.1547965,0.60660285,1.5061878,-0.4877075,-1.1968229,-2.1372912,0.18453813,0.26647592,1.3177588,-0.5040475,1.6574496,2.1856296,-0.943415,0.45304874,-0.89127904,-1.6973386,-0.489237,-0.29419187,0.14460666,-2.242321,-1.0166807,-0.34034055,0.5445797,0.29749048,-0.10421503,-0.51254725,0.028943967,-0.51950765,-1.2292864,0.8670836,-1.0698113,2.078702,1.4788622,2.411473,1.1406175,-1.1616755,2.3129969,-1.6107173,0.038010664,1.1650211,0.3889954,0.075486705,1.3421171,0.86721814,-0.33719072,-0.36059186,-1.0537142,-0.39552325,0.5780468,0.65120673,-1.0804377,0.1793791,0.6535489,0.026555825,1.5289725,1.0330921,0.1718226,-2.0559611,-0.24211264,1.0808094,-1.7882866,0.62561864,-0.5474502,-0.61472416,-0.85491675,3.3275018,0.15238616,1.1726761,-2.4708467,-2.0943832,-0.5019967,-0.20525765,1.7571448,-1.1248529,-0.5095883,-1.1789598,1.2675085,-1.3995072,0.09357945,-0.40342617,-1.5139391,-0.13122013,-0.7841763,-1.5677899,0.9486853,-0.6450776,1.5751475,0.23286347,-0.58897436,-0.9568059,0.11674036,0.33555856,-1.7323028,0.87419635,2.1920595,-0.15382336,-1.903743
P52434	-0.74390393,0.83429813,0.13123602,-0.41934773,-1.4472978,-0.4913097,-0.5718914,0.5361815,0.043600246,-0.5847426,-0.8228927,0.62754405,-1.7302002,0.42438632,-2.1498723,0.63081753,0.43265423,-1.2785912,0.06265802,0.103696726,1.6543272,1.1918031,0.056755733,2.2697718,0.4651506,0.010375363,0.12265201,-0.13414294,-3.9444838,-0.015785303,-1.8801861,-1.4590311,-0.46422386,0.84535605,-0.81963855,0.052928038,1.7223432,-3.0704014,-1.5502884,-0.5367044,1.2922828,1.4905527,-3.5062404,0.26410335,-0.43970963,1.1145363,1.2709794,1.0664747,0.8873399,1.6638705,-0.99833035,0.3045723,-0.77309996,2.0547073,1.5617635,3.0026531,-1.9457406,-0.20146728,1.5866616,0.45362744,-1.4221308,-0.745944,-0.951939,0.73495275,-0.32088006,-0.16154112,-0.33432516,0.021496935,-0.6570982,-0.35966367,0.82494146,-1.0400221,1.943997,-0.89035124,-0.61233246,-0.41354322,-0.09618599,-1.9821125,0.73640734,-1.5693896,0.8864722,-1.0789553,-3.1698012,0.8008085,-0.8630397,-1.4954453,-0.6145025,-1.2661037,-0.38107252,2.2844484,-0.14238292,-1.3197104,0.48756954,0.64460456,-0.056609254,-0.39961568,1.2244111,0.4901903,0.30457807,-0.9819258,0.094158,1.7545199,-0.9661199,0.27437925,0.95837027,1.4215007,-0.17412102,-0.74601126,-1.2386642,0.2162765,0.7501906,1.1489673,-1.0258044,2.0337684,1.5601739,-2.3947465,0.61227334,0.54903644,-0.5690118,-0.69657564,-0.59044933,1.5384482,-0.81459844,-1.1168308,-1.0237199,-1.2162994,0.30944914,-0.23052563,-0.62339973,-0.56509364,-0.090930104,-1.5353003,-0.43643457,-0.41404885,2.2774084,1.5840276,2.8440528,1.3244241,-1.2444046,1.3836879,-0.44262323,-1.2635224,0.61807543,1.3759991,-0.20432562,0.24747525,0.7248836,-1.2556343,-0.50497395,-0.5507406,-1.2332559,-0.3973265,-0.39055052,-0.8249761,-0.6959977,0.6311754,1.2252831,2.8223205,-0.19068643,0.09165899,-1.1708989,-0.71393085,2.858569,-1.4351327,1.1964022,-0.6948329,-0.9436885,-0.97879225,4.233743,0.3856247,1.6396224,-2.6847894,-1.3107548,0.48140192,-0.82745475,1.4900796,0.78288436,-0.9015024,-0.7293437,0.89041895,-0.90220845,-1.1701114,-0.79396576,-1.693958,-0.8161447,0.12081272,-0.8601168,-0.19094501,-0.63244927,1.1317586,-0.7356165,-0.2543222,-2.1113784,0.42027807,-1.147603,-0.62811315,0.29469758,1.6429812,0.3678774,-0.47135943
P19388	-0.7912177,0.965339,0.2640119,-0.85741466,-1.1863264,-0.35139325,-0.88515186,0.7293137,-0.048426334,-0.24666782,-0.6718296,0.46543556,-2.138385,0.4654076,-2.458541,0.6261358,0.57193196,-1.4564536,-0.011347827,0.37618566,1.8619379,1.2491378,0.048668634,2.178699,0.21240525,-0.13473524,0.32129377,-0.06440475,-3.9363632,0.16658066,-1.6573666,-1.5799195,-0.39604008,0.81201816,-1.2101674,-0.16075926,1.5751954,-3.1297944,-1.5846183,-0.07397244,1.338178,1.7194498,-3.2551365,0.038586505,-0.70777357,0.86797047,1.0329459,0.8550255,0.7382106,1.6187346,-1.0826755,0.19368178,-0.5903139,2.1586804,1.4056036,3.2063332,-1.6941984,-0.06522909,1.326818,0.27466047,-1.1066626,-0.66748637,-1.2103264,1.0369112,-0.1544782,-0.1639334,-0.26017424,0.4912973,-0.8658153,-0.62347,1.3325065,-0.8122952,2.138777,-1.3687098,-0.42083076,-0.33985963,-0.2081321,-1.895389,0.7483497,-1.5152074,0.80883586,-1.4591455,-2.8982887,0.70280504,-0.935635,-1.3973227,-0.6802364,-0.8795627,-0.4025847,1.8703135,-0.1476247,-1.2687813,0.5327828,0.5972458,-0.15278475,-0.82514524,1.3057634,0.66775584,0.21021432,-1.0950786,0.060753353,1.7321838,-1.0056698,0.2923311,1.1843843,1.5505589,-0.19325823,-0.6325458,-1.3332394,0.089949265,0.8417285,0.94570965,-0.8558037,2.1206484,1.6377872,-2.5890527,0.88637745,0.6455326,-0.5189692,-0.59844357,-0.4776406,1.3040868,-0.39770362,-0.89045393,-0.693769,-1.2069758,0.23651297,-0.38990727,-0.9462351,-0.64805996,0.19954333,-1.7191762,-0.25944752,-0.2997998,1.8694127,1.4612167,2.8452134,1.1387593,-0.9204545,1.5674427,-0.47781417,-0.94126916,0.7962075,1.135984,-0.4346366,0.5557307,0.9706363,-1.5951495,-0.2639703,0.123950385,-0.87231225,-0.45317787,-0.44069633,-1.1072508,-0.52843565,0.92216,1.3351182,2.7291074,-0.28574482,0.2569947,-1.0884625,-1.0832276,2.6672068,-1.4183992,1.2310678,-0.7484058,-0.7352404,-1.2376558,4.092822,0.5388587,1.6936197,-2.8052492,-1.1751552,0.4913248,-0.58928406,1.1731501,0.57541966,-1.1250429,-0.98919094,0.9749732,-1.0044112,-1.1057385,-0.7666799,-1.5460382,-0.5072384,0.24331605,-1.0454024,-0.42943394,-0.74262387,1.3883854,-0.71398824,-0.3272957,-2.0566833,0.34680527,-0.6149633,-0.6176455,0.53013283,1.8393332,0.31809288,-0.9379655
P24928	-0.7056736,0.76590824,-0.7260743,-0.6648109,-1.344083,-0.29005465,0.024499184,-0.024368072,0.7279749,-0.5263784,-0.90534127,1.0241516,-1.8117168,-0.023972113,-2.5078976,0.3424631,0.13433866,-1.832295,-0.01956374,0.2619386,1.0721543,1.2703588,0.3814986,1.5497758,-0.08131769,0.09917216,0.5041806,-0.058226563,-3.2468429,0.095831774,-0.79632956,-2.0325449,-0.06880147,-0.20211458,-1.0029032,-0.022129921,1.9939786,-2.6013713,-1.6320364,-0.39937624,1.3897939,1.5391492,-3.4201922,0.12853676,-0.6350929,1.1728345,1.8035827,0.6583312,0.55222654,1.0826507,-0.86394566,-0.07499199,-0.111495845,1.8937432,1.853139,2.4307325,-2.1757817,0.40959913,0.8544501,0.06632128,-0.8488569,0.20975694,-0.28225517,0.63657236,-0.41361645,0.21232764,-0.18881549,0.33739853,-0.677757,-0.15013826,1.0683353,-1.372533,2.286934,-0.2651887,-0.34774324,-0.64017165,-0.50590205,-1.4816904,1.2396238,-1.2742709,1.1464524,-0.61363477,-3.3292894,0.17973958,-0.5009743,-1.4351285,-1.0645697,-1.4698538,-0.48169184,1.9592646,0.36861536,-1.7741209,1.1416456,0.40825337,-0.002584604,-0.40602413,0.9082639,0.13316965,0.1396671,-1.108283,0.05669824,0.77189773,-0.65667534,0.4728591,1.3742607,0.8387847,-0.38485363,-1.1350102,-1.2732884,0.10710254,0.6352803,0.9004926,-0.73129135,2.0992663,2.133156,-1.3405733,0.60652435,-0.14257394,-0.7428067,-0.25524,-0.49167597,1.0575813,-1.7187006,-0.870654,-0.6892555,-0.5148527,-0.17753178,-0.16572957,-0.1150203,-0.24108565,-0.75713146,-1.0667917,-0.3436939,-0.3041388,1.8044016,1.2000492,2.1217976,0.9542034,-1.7822201,1.5239712,-0.79556495,-0.8299196,0.9272178,1.3185941,0.05256625,1.4686501,0.55092293,-0.292108,0.6230549,-0.90832883,-0.5772421,0.70110965,0.27166188,-0.90969205,-0.2806529,0.31093615,0.6372515,2.4009533,0.29757634,0.34344876,-1.4612811,-0.104155235,1.7274386,-1.6597868,0.7096627,-0.67732686,-1.056574,-1.2800599,4.107869,0.786112,1.0130699,-2.3689501,-1.2992635,-0.040440816,-1.13586,1.5646768,-0.17273827,-1.1407263,-0.687438,0.82608,-0.22542144,-0.3368607,-0.5821303,-1.2039119,-0.63630605,-0.12432302,-0.89375526,0.784972,-0.6676564,0.8755245,-0.27130032,0.039403744,-1.4253343,0.2437647,-0.6694801,-0.43081242,0.8971165,1.6548536,1.0021682,-0.8100995
Q9UPY3	-0.72243947,0.005529236,-0.9376094,-0.07292066,-0.71296865,-0.008460997,1.1659075,0.21341917,1.167275,-0.30865785,-1.1061101,-0.08384078,0.0047844937,-1.1605197,-1.7841697,1.5506054,-0.15141661,-1.145624,0.62714016,-0.43283048,0.5929021,0.2243886,0.59802556,0.71535325,-0.44877437,0.5047635,1.765633,0.7461839,-2.240476,0.7054322,0.3508351,-1.5678444,-0.6660014,-1.0558208,-0.33728105,1.044733,0.5367907,-1.672689,-1.3165838,0.27594262,1.910356,1.0180782,-2.2646744,0.52895063,0.27634278,-0.0067555094,0.92656875,0.7876387,-1.3015617,0.91307074,-1.6316675,0.436976,-0.22457972,0.336482,0.48995945,0.25389913,-1.640805,0.1867345,-0.3881619,-0.90345025,0.44849265,0.29268762,0.4034337,0.0003820572,-0.497886,0.13447492,1.3689587,0.32795382,-0.2844838,0.1530626,0.27118573,-2.5640547,1.9949846,0.5313219,-0.491355,-0.13256836,-0.07171505,-1.2285668,1.564736,0.01747431,1.4969308,0.5358074,-3.096839,0.52027357,0.07434135,-2.2905207,-0.40889964,-2.0580251,-0.9173939,0.79358935,1.5163294,-1.1927949,1.5143311,0.42699957,0.6893216,0.33526313,-0.36502445,-0.37981123,0.99737185,-1.2323604,-0.20152745,1.0509493,-1.2232107,1.0597707,-0.33235207,0.29475948,-0.57025445,0.608813,-1.1498199,-0.9507415,0.2698663,0.6826197,-0.032155037,0.6306386,1.6036279,-0.7216218,0.52182585,-0.5730527,-0.1537035,-0.11176695,-0.4826199,0.4993213,-3.072823,-1.4560252,-0.7546963,0.029445473,-0.9333872,-0.09123766,0.38688153,0.95094603,-0.37515178,-0.065619804,0.46110985,-0.549486,2.9064925,0.59743476,1.9062897,0.95870805,-1.2128773,1.3917986,-0.52725357,-0.38787365,0.62433565,-0.07569566,0.37670487,1.1704805,0.38044322,1.4194163,1.2739664,-2.1038182,0.69839346,0.51574284,-0.41411275,0.38662866,-0.12222757,0.45522517,-0.9441104,1.4256163,0.8530853,-0.46966004,-1.760346,1.6572317,0.7430353,-2.3972614,-0.01337876,-0.0012452003,-0.8476186,-0.46926668,3.2255921,-0.6854307,0.81348073,-0.8456816,0.21168555,0.8304078,-0.46473494,1.5940182,-1.9416902,-0.41372982,-1.2226665,0.56032395,-0.10435717,1.4009397,-0.22276203,-1.0464461,-0.042290196,0.33447298,-0.46476552,0.35771057,0.72157764,0.54266334,0.45288336,0.7245726,-0.4787542,-0.59741825,-1.6021327,0.2484027,0.82593936,0.67322826,-0.04949779,0.20880215
P23396	-0.32173675,-0.13323502,-1.7221175,-1.3528965,-0.7390838,-0.0154015105,0.9249199,0.31750405,0.8850922,-0.4218092,-0.9699264,1.0530183,-0.53159547,-1.1850736,-2.204218,0.51845527,-0.54819036,-1.0835596,1.1255981,0.010320599,0.121946186,1.346707,0.7449278,0.5494946,-0.54033583,0.6272066,0.09339693,0.13244505,-1.8238279,-0.61078817,-0.43913493,-1.1820756,-0.45424807,-0.7932016,-0.25112098,0.34559572,0.64995486,-1.6278104,-1.1254171,1.1496203,1.8991184,1.5524918,-2.0410824,-0.63832086,-0.10203122,-0.40886718,0.66117406,0.14279954,-1.3489842,0.16736081,-1.4632232,-0.31291518,-0.54117155,0.48136914,-0.23516189,1.1640308,-1.4028646,0.20640098,-0.40325174,-0.7949149,0.9277546,0.36276647,-0.0017281768,0.4075785,-0.81066084,0.09181538,0.61666185,0.3207079,-0.6431909,-0.04734319,0.05041374,-1.559574,2.0572417,0.87624073,-0.16066967,-0.61681324,-0.36345533,-0.2090358,0.7636068,-0.8442039,1.4647245,0.21023965,-1.6335181,-0.5202254,-0.20199254,-1.768131,-0.2702458,-0.5315818,-0.57278603,0.89767003,0.55701685,-1.6323841,1.0476007,-0.23567745,0.330331,0.4839306,0.49642515,0.6891638,-0.52720535,-0.16342402,-0.14295453,0.7376329,-0.767627,1.5252239,0.6327654,-0.32634985,-0.33998635,-0.63367575,-0.6643334,0.27130666,0.7538573,0.7357533,-1.120934,1.195434,2.5091798,0.037301905,0.12887546,-1.6819348,-1.2841711,0.25556976,-0.471125,-0.24441728,-1.5855324,-0.2706312,-0.89053094,-0.041506566,-0.21682617,0.8671398,0.55555314,0.92168355,0.30572513,-0.5576895,0.91375643,0.27109534,2.0189137,-0.1864371,1.2231811,-0.2603779,-1.5082649,-0.06879571,-1.0585183,0.76779073,0.7900916,1.2940578,0.3404918,0.67197394,-0.28359866,0.25345397,1.3354533,-0.46038753,0.40190968,0.2574809,-0.35889974,0.09061146,0.97744,0.4076386,-0.6148355,1.886777,1.0988631,0.32885826,-1.5615243,-0.12076878,1.7214895,-1.5934664,0.15577535,0.019653821,-0.4599442,-0.707724,2.695901,-0.07146922,1.1345048,-0.5733414,-0.10725671,-0.04643381,-1.7705879,0.6271748,-1.4459873,0.3187294,-0.9006888,0.6034097,1.0487504,0.19622102,0.40428188,0.15349051,-0.75689083,0.7843347,-0.56187177,0.5372334,0.026763339,0.22676796,-0.090718664,-0.38435048,-0.53609055,-0.582906,-0.54134697,-0.8802584,0.60972404,0.23770629,1.4890585,-0.53759766
P46783	-1.0567877,0.8284134,-0.28004423,-2.160007,-0.7599817,-0.16935998,1.0404161,0.20808454,1.0840567,0.0023329523,-0.58449763,0.74427164,-0.82659477,0.24381502,-1.628942,0.89022106,-1.2240357,-1.1155875,1.0133618,0.38050306,2.1611738,1.2379873,1.3022029,2.1262996,0.20844726,0.11190666,0.1595671,0.38545373,-2.611096,-1.368561,-1.6331244,-0.6456648,0.14197092,0.035430368,-0.65981764,0.83196783,0.73773086,-2.7411537,-1.1542114,1.268087,2.2808578,2.064334,-2.0360825,-1.3619419,-0.35378265,-0.17043665,0.3062893,-0.12985086,-0.5906014,0.49014685,-2.7785933,-1.0523484,-0.95199674,1.8295339,-1.2761571,2.899005,-0.2875516,-0.3038271,-0.07215283,-0.16523233,-0.78212523,-1.3558917,-0.25978127,-0.41951776,0.18700452,-0.028653212,0.7327229,1.4679568,-0.6650445,-0.058857214,1.4228497,-1.2403541,2.8380444,0.19689742,-0.5859769,0.38229463,0.29821336,-0.5527053,-0.015834011,-2.008921,1.6716956,-1.281395,-2.0122159,0.683616,-0.05297049,-1.1070093,-0.2818286,0.18400495,-0.60146344,1.7421155,0.6601966,-1.8553437,0.796334,-0.22245541,0.01506942,0.0651652,1.2015375,1.8688953,-0.15436499,-1.491444,-0.40194476,1.6321929,-1.000029,1.3594065,0.20091532,0.68064255,0.74895304,-1.6772381,-1.6458237,-0.716101,1.4529418,0.5239658,-1.2013223,2.1568913,1.7522053,-1.597298,0.52550143,-0.90045774,-0.42731115,1.1519688,-0.57901585,0.3978631,-1.5873833,-1.8138816,0.9857157,-1.8182856,0.3889867,0.08034217,-0.174946,1.0675914,0.18371414,-1.5145055,0.10507275,-0.7433793,2.9332626,1.2032115,1.6356609,0.21127595,-0.24261801,0.92984134,-2.2757564,-0.6028533,0.9880857,1.3683536,-0.7213834,0.043444525,0.30461836,-1.1487446,0.6988393,-0.30834958,-0.14093329,-0.5263848,-0.96370953,-1.6483355,0.6603673,0.8979933,0.11002195,2.2751133,-0.16558255,-0.35578844,-1.9036218,-1.9339916,2.4602952,-1.8297341,0.8840612,-1.1480076,0.37641755,-0.45093223,4.1514115,0.64520884,1.9998113,-1.6678373,-0.66293365,-0.06956802,-1.143992,0.20343444,-0.71662164,-0.13729273,-1.5396959,0.32820666,0.19708234,-1.2195977,-0.77654034,-0.3274476,-0.91825026,1.1634461,-0.01909501,-0.78502095,-0.30154508,1.3356411,0.1321416,-0.44649577,-0.33546555,0.1758795,-0.52947456,-0.55810857,1.0376282,1.66199,0.20671706,-1.2143872
Q9Y3B6	-1.7849123,0.76269525,2.4792967,-1.362841,0.15757768,1.4030224,0.9918481,0.61588407,-0.009893357,0.40188387,0.5392722,-0.18407443,0.4421918,0.0024888874,0.03893987,1.8736796,-1.0536674,-1.0609607,0.37638974,1.1393305,0.8518465,0.5239085,1.4519771,1.6070734,1.3104204,0.038700387,-0.8214539,-1.0018711,-2.6241777,-2.4750867,-0.60761374,-0.069178626,-1.435294,0.5582529,0.31219086,1.61142,-0.6676175,-4.3124475,-1.3742089,0.019030938,1.4085026,2.8576834,-0.53992134,-2.5533037,0.060306977,-0.6646835,0.48584595,-1.0229388,-0.5523479,-0.38785705,-2.4439394,-0.34887066,-2.3297641,2.2389083,-1.0446029,0.9119809,1.1312186,-1.9683088,-0.19935949,0.08758475,-0.97744,-1.1926323,-1.1870289,0.05482832,-0.7152512,-0.1266203,1.4024819,0.17008488,0.7088693,0.47037917,1.3289925,-1.2570062,2.7915788,1.2514491,-1.8300613,0.24514176,1.7100675,-0.16848424,-0.96341896,-1.1397086,1.9985822,-1.4013249,-0.6281614,1.004819,-0.53275895,0.054735314,0.7919287,-0.3665979,1.3161235,0.9176686,-0.029431758,-1.7902803,-0.052201953,0.87459284,-0.7478818,-0.20391828,3.0842469,1.3827041,1.5744021,-2.9397042,-0.36327246,-0.21475574,0.9464905,-0.5836499,-0.94700855,0.44990104,0.051475115,-0.25895053,-0.6991653,-0.95268846,0.47209138,0.8134173,-0.36615068,2.8591318,-2.2400398,-2.1118455,0.8912228,-2.7028077,-0.50940216,0.44844526,-0.1331454,0.97063106,-1.7076961,-1.3710462,0.93811417,-0.4185439,0.9141002,-0.66879964,0.81351143,2.0388577,1.1507204,-1.7617986,0.8595013,-2.2410727,1.9241976,1.3418187,2.094682,-0.6253126,1.1614088,0.28208733,-1.0258011,-0.026957719,-0.8828879,-0.4784966,-1.439428,-0.6298342,1.0164125,-2.9095006,-0.6812392,-0.093296416,0.21435949,-1.2821729,-2.4719017,-1.3523097,0.12236377,1.9337041,0.19353135,3.4186933,-0.373247,0.93196976,-0.417946,-2.5220597,1.9818733,-2.473432,2.033068,-2.2292082,0.29081422,0.21484941,3.0027578,1.1247332,1.4250501,-1.8705716,2.052078,-0.0939455,-0.094363436,-2.2871697,1.080771,2.521558,-2.1095843,-1.1566752,0.8372403,-2.1625962,1.4040627,0.1470703,0.24203199,2.9252021,0.043590166,-0.2935622,0.20680536,0.31058058,0.6243158,-1.6432729,0.7496456,-0.06787727,-0.28872314,-0.86267394,1.3296982,0.2691471,-2.1113546,-0.1322488
Q9NRF9	-0.5584529,-1.2768993,-0.6354143,-1.3743554,-1.8332208,-0.86516845,-1.0748473,1.1136113,0.4147737,-1.0331885,-0.5417893,0.1029206,-0.7392674,0.29912686,-2.7964985,-0.37282112,0.054582927,-1.2943379,1.8670448,0.88676506,0.10628411,0.72768784,-0.10405987,0.25086474,0.022209406,-0.053805605,-0.41575268,-1.0562384,-3.8778741,-1.1115689,-1.0377605,-0.8178081,0.34808525,0.5620174,0.2503246,-0.5332035,0.9056866,-3.7954192,-1.7712811,-0.63589805,0.24538618,3.5703638,-4.144755,-0.8430093,-0.3805821,1.3640183,0.7597993,-0.84946,-0.17226265,1.5754737,-0.3672057,-0.77346647,-0.53576726,2.4781308,1.1624624,1.7368563,-1.2942003,-0.65517676,2.0419145,1.1820529,-1.6328447,0.46190915,-0.8035488,2.426119,-0.05444482,-1.2980651,-1.2729914,-0.84443897,-0.27388328,1.4297479,-0.9443156,0.22834675,2.2655988,-0.655275,-1.2863164,-2.5535984,-0.1324278,-0.6018442,0.27773365,-0.6614194,0.74153596,-0.48149416,-1.8672085,-0.071709305,0.023816098,-1.1478949,-0.96331733,-0.7980638,-0.37553653,3.1565065,0.40369225,-2.531466,0.40040308,-0.87667966,-0.92084914,0.63198805,1.3238178,0.10212417,0.9090242,0.5057605,0.8332419,1.2869195,-1.0201195,-0.35104793,-0.436454,0.4674649,0.25631186,-0.783128,-1.022337,-0.5608042,-0.9560904,2.3814828,-0.897517,3.010162,1.5584337,-1.9689364,0.9621104,-0.11624736,-2.096577,-1.8594723,-1.5352548,0.84622085,-0.79677576,0.18497454,-1.1049476,0.00011652371,0.5403619,0.95686936,0.600975,-2.3700066,-0.8311142,-1.9319222,1.2738506,-1.0902538,1.4049993,2.5237076,1.5340277,0.100857854,-0.6671347,0.74514127,0.57446235,1.4369885,1.343568,1.7366929,-0.10109668,-0.7304426,0.89169586,-0.7544919,-1.6272534,-0.24389061,-0.1488715,1.0009862,0.2903627,0.3410168,-0.072153546,0.28959754,0.6877531,1.3995461,1.8485509,0.23028883,-0.12685971,-0.4899642,1.9950713,-1.0979041,2.029623,-0.4080978,-0.7732583,-1.9985394,2.6026878,1.8798883,0.9203557,-1.3763533,-2.3743806,0.33663806,0.4950878,-0.304086,1.0459765,0.07154313,-1.3130578,1.1182518,0.21599102,-0.7664181,0.27300137,-2.7485335,0.7737254,0.34379056,-2.0532734,1.1401547,-0.3919628,-0.78521514,0.11147993,-0.81923604,-1.2185352,2.5602846,-0.9300519,-1.8749728,0.54569453,0.18944211,-0.95452756,0.030159958
P07910	-0.3013786,-0.13054208,-0.32537127,-1.2502754,-0.8403446,-0.87096256,0.75205183,0.28996715,1.6490216,-1.6979784,-1.3774766,0.21280757,-0.02357336,-0.8239688,-2.4177911,0.89805484,-0.718882,-2.5787382,0.83331555,0.83508825,1.2480263,1.0373394,1.5844297,2.5350165,0.826518,0.14525296,0.24751444,0.5968202,-2.3849165,-0.35319132,-1.4247209,-0.77890545,-1.2197609,0.13025887,0.105829634,2.157756,0.9583889,-2.812073,-0.98840714,-0.9929216,0.49325478,1.2658478,-2.4520757,0.18226178,-0.5307736,0.44120884,1.1695919,0.8296522,0.04092732,1.0242248,-0.4694677,-0.25986275,-1.0158966,1.6662993,-0.61537594,0.19722506,-1.7788519,-0.15835826,0.40046,-0.80082905,-1.2124435,-0.470027,-0.5025006,0.47043097,-0.61564595,0.022073472,0.6470422,-0.051800556,0.16856898,1.4273336,-1.8349577,-1.862817,1.5220906,0.85803735,-1.2527397,-0.7219979,-0.044591736,-1.1389881,1.3301965,-0.63867664,0.702094,0.5994518,-3.4544501,1.598018,0.12952502,-1.3743093,-0.88653255,-1.5350974,-1.7454551,3.3017035,1.3659669,-1.9029155,1.1944394,-0.75152475,0.03768907,0.6261319,0.17798522,-0.06264719,1.5122467,-1.6530309,-0.92290354,0.70000595,-1.8736279,0.924889,0.23429294,0.436964,-0.030254068,-0.0246161,-0.71673644,-1.17889,-0.015557651,0.92077404,-0.072720475,1.7696147,1.2281588,-0.95581603,-0.41695347,0.30467758,-0.2970113,-0.28878805,-0.63343084,0.95689034,-2.729163,-1.7089509,0.7052538,0.038467843,-0.039919954,-0.437646,0.23780283,0.19131109,-1.1132683,-0.719528,0.7522198,-0.29724208,2.443655,0.8617672,1.2388865,0.84636724,-1.4075032,0.5976828,-1.025133,-0.6848248,0.9923608,0.9403731,0.38020417,0.4993429,0.9209729,1.1061985,0.5221549,-1.9426521,-0.21545623,1.1794492,-0.9576992,0.25606617,-0.16983505,0.23498558,-0.19337483,1.4951398,0.31693125,-0.6691602,-0.078584135,0.38367608,0.5596187,-2.2614915,1.0086044,-0.7924312,-0.5279013,-1.1538602,3.9129484,1.2365472,0.08760558,-1.5791321,-1.6530178,1.0648556,0.73132026,0.6862971,-1.1812848,-1.506066,-0.44305485,0.43757775,0.8275729,0.740883,0.33303788,-0.19394821,0.23698965,0.7238545,-0.50380605,-0.106764846,-0.86783355,-0.36933193,0.73496205,0.22820893,-0.13706513,-0.0680626,-0.4748373,-0.06703297,0.5684277,0.6436096,0.35381812,0.6453028
Q7L014	-0.2491556,-0.5235144,0.28712368,-1.7977779,-1.7887437,-0.5695777,-0.21006806,0.7435148,1.6814859,0.0004642954,-0.96215665,-0.5321351,-1.283245,0.26034868,-1.2042232,0.8147749,-1.3399029,-2.2429857,1.6962464,0.7932539,0.6357261,-0.3707524,1.3265891,2.5885897,0.7346792,-0.22231977,0.37441704,-1.5767425,-2.15777,-0.035091296,-1.7747749,-1.0699632,-0.8326638,-0.6200449,0.2277048,1.7508183,1.2938639,-3.6717083,-1.222747,-2.1749718,0.93783826,2.02893,-2.86816,-1.6426408,-0.68607265,1.1674572,0.7231727,-0.2752535,0.83012223,0.6237895,-1.9620888,-0.9879151,0.047822285,2.3239822,-0.14451191,0.71075165,-0.6330734,-1.121134,0.69496745,-0.29250085,-1.1040319,-0.04347587,-0.49988955,0.18514736,-0.5014576,-0.625504,1.0882635,0.29241413,0.1517907,1.3672566,0.6532146,-1.4932536,3.6246116,0.21464334,-1.4792055,-0.23326114,1.0446856,-0.9827309,0.25546795,-1.1079153,2.1464257,0.36196077,-1.9986742,0.43589175,-0.4937794,-0.39858076,-1.1413726,-1.0444093,0.004357215,2.3083305,0.9595597,-2.2464366,0.7439283,-1.3019671,0.119333364,1.3865671,1.1806002,0.2199715,0.5378412,-1.841533,-0.57318974,0.55850476,-0.19561958,0.10368246,-0.20061928,0.7907284,-0.08689846,-0.6663949,-1.3941281,-1.7629083,0.80277914,1.132562,-0.23062661,2.679875,2.4945383,-1.5769633,1.6325867,-1.0373149,-0.7849842,-0.19132806,-0.9062257,1.481332,-3.1544285,-1.1756792,0.15582217,-0.77337784,0.46048385,0.6783175,1.3203374,-0.18110716,-0.61966205,-0.50067735,0.7634751,-1.3972129,1.945243,1.4326112,1.8727807,0.4755778,0.32040098,1.2738795,-0.6867232,-0.46995634,1.2687533,1.011446,-0.059911504,1.0686417,1.310013,-0.09109963,0.5745876,-0.4960901,0.14555927,0.8550955,-0.9098133,-1.705696,0.7513203,-0.038660258,0.8349831,2.2632535,-0.24485673,0.18885823,-0.63481754,-1.0485411,0.5283961,-3.2156007,1.1371857,-0.35170126,0.49644554,-1.3636295,4.5638,0.9219126,1.0340518,-2.7338104,-1.0545948,0.506032,-0.25099424,0.10102027,-0.4834443,-0.014845024,-1.4109378,-0.744048,0.4538306,-0.15981251,0.099667095,-0.6503229,-0.43930143,-0.18802172,-0.5380765,0.7446632,-1.7740296,-0.5210362,0.8926699,0.5289783,0.2230408,-0.05773027,-0.26405802,-0.2729859,0.94141763,1.3809297,0.43460208,-0.8028633
Q86XP3	-1.089131,0.22759962,0.39626878,-1.9368293,-1.5939201,0.614725,0.42808193,1.1118566,1.678307,-0.6175435,0.47556773,-0.673135,-1.636804,-0.1007955,-0.9643287,0.56867075,-0.8680374,-1.9464089,0.024795095,1.0341558,0.2869836,0.8465165,0.7411965,2.229661,0.5805166,-0.35343406,-0.009842966,-1.3453975,-2.6230154,-0.049907155,-1.7633765,-1.0162847,-0.9209141,0.49852207,-0.15525982,1.3683189,1.2241639,-3.154142,-1.3221906,-0.93806165,0.60231084,0.9984844,-3.2250047,-1.673086,-0.40724257,0.790821,0.92813736,0.03673381,-0.24888028,0.5552665,-1.6671551,-0.6811958,-0.23547281,2.2940478,0.90384114,1.6753733,-0.056621574,-0.16203713,0.72835934,-0.348047,-1.1741234,0.3011457,-0.66009897,0.42530742,-0.16504398,-0.8273172,0.89844745,0.38501602,-0.18759097,0.4611067,0.94841284,-2.0791702,2.4033115,0.066964254,-1.2403408,-0.8444287,1.4758147,-0.98983103,0.48464623,-0.995894,2.036588,-0.55526036,-1.9062308,0.6285301,-0.29269764,0.37294814,-0.45343235,-1.6243911,0.6398786,1.426398,0.3882816,-2.0722544,1.5286981,-1.0882243,-0.36633193,0.42486933,1.0756435,0.14760037,0.12674987,-2.0495508,0.20940863,0.7007753,-0.1838708,-0.08384602,0.65145624,1.1044238,-0.23476811,-0.74385464,-1.0225673,-0.4338056,1.1265167,1.1380457,-0.3149472,2.8551226,1.4981492,-1.2147579,1.0975877,-1.0024198,-0.45498812,-0.69792956,-1.0746291,0.5751677,-1.4928383,-0.50399435,0.12414885,-0.1464072,0.46515962,0.567507,0.36549416,-0.66872334,-0.7589026,-1.2142656,0.12882182,-1.2086262,1.8857012,1.1749946,1.6263342,1.145234,-1.1181812,0.9225385,0.029536936,-0.81494,0.45103347,0.69894236,0.44299564,0.42469928,1.0252568,-0.08384422,0.40258175,-0.568051,-0.22632383,-0.1077746,-0.17712654,-1.4493741,0.05262571,0.32349885,0.13332203,2.2770073,0.19066046,0.50578916,-0.33539203,-0.5341815,1.4793586,-2.5382218,0.2134748,-0.7335604,0.5801937,-2.182272,4.2790837,1.3093789,0.85642105,-3.0923157,-0.53479725,0.21214414,-0.41131428,0.35099936,0.039522145,-0.20620722,-1.1052513,-0.42895386,0.88634205,-0.41197813,0.19096766,-0.64501697,-0.67063016,0.1305434,-0.4306447,0.5850233,-0.6109566,-0.988086,-0.19641775,-0.21882114,0.075679675,-0.10990445,0.19572163,-0.40461582,0.34689254,1.4564106,0.12194816,-0.34990805
Q14137	-0.889099,0.8556108,-0.21139993,-1.5537224,-0.97606415,-0.27920523,0.7981351,1.1836712,0.55672455,-1.0482134,-0.669156,0.13249765,-1.4411656,-0.42266572,-2.4665413,-0.25991842,0.050120898,-2.6013095,1.121304,0.740862,1.8146304,2.23544,0.0071159825,2.9801075,1.3883015,0.39521307,-0.5510817,-0.5742127,-1.6959252,-1.2774734,-1.9767227,-0.7757437,-0.31918195,1.3774221,0.6445699,0.8497996,0.58135194,-3.0836358,-0.7350461,-0.09076655,0.5158004,2.1276898,-2.6685328,-0.9639409,0.1895181,0.47002012,1.4370381,0.0023634357,1.2324463,0.5630585,-1.1084582,-0.71658593,-0.99485725,3.2797403,-0.8474124,1.944352,-0.38588285,-1.7072207,1.3794848,0.32563907,-2.556086,-0.85301566,-1.4155446,0.8979672,-0.28121048,0.0072564036,-0.5468179,0.24170013,-1.3832211,0.8753256,-0.08500776,-0.4240626,0.9653373,-0.50206274,-0.65147555,-1.1051459,1.5624654,-0.6630507,-0.37909305,-1.8041928,1.9896113,-0.5795746,-1.184173,1.6713485,-0.788404,-0.05386372,0.015409401,-0.08380723,0.2754525,2.870756,-0.21890554,-1.1460333,0.29765132,-1.1555551,-0.7064296,-0.9108794,2.0532625,0.2068009,0.79072934,-1.4941987,0.7159154,2.0545352,-0.45045197,0.4546119,-0.30966538,1.1162728,-0.11601585,-1.382415,-1.9392936,-0.7943882,-0.18624727,0.5875376,-0.11201086,2.512512,1.1523124,-1.131356,0.008191476,-0.51377064,0.029889189,-0.030298,-1.045327,0.32958698,0.33567384,-0.51144254,2.028205,-0.8352562,0.44540983,-0.84820926,-0.89476424,-0.043413833,0.44295263,-1.6307042,0.3672312,-1.7132875,1.496991,2.4232135,0.21844421,0.016094856,0.056148116,1.4606614,-0.98322225,0.018080657,0.6530569,1.356275,-1.5574657,-0.723038,0.67971814,-0.9033163,-0.405772,0.5587888,-0.7591843,0.016814789,-1.3886489,-0.76735294,0.30773696,0.35646123,-0.029044103,1.7806592,-0.57469445,-0.26394475,-0.26808724,-1.02755,2.1908355,-2.2866786,1.2256265,-1.6095432,-0.075182706,-1.6580921,2.9811316,1.0531822,1.3640474,-2.4301996,-1.3010345,0.1305159,-0.037986107,-0.01624146,1.2192199,-0.649152,-0.5949516,-0.24424165,0.3020347,-0.9202421,-0.977884,-1.5874523,-0.5626731,0.9360704,-0.18116677,-1.486494,-0.5703565,-0.03299478,0.46380216,-0.16368642,-1.3570457,0.25795493,-0.33922186,-0.90333015,-0.3151792,2.0040781,0.5453903,0.38638875
P46782	-0.7443257,0.36246586,-0.3905393,-2.4727826,-0.44093397,-0.19188343,1.276164,0.47422788,1.4670867,-0.8934321,-0.7608772,0.7803556,-0.82856697,-0.3147688,-1.9031973,0.58889663,-1.399461,-1.2968506,1.1539823,0.29504663,2.2905498,1.4734871,1.4866707,1.9530679,0.40413502,-0.10287054,0.082845755,0.29950607,-2.5030754,-0.9900258,-1.6729792,-0.35245427,-0.12788384,0.055583004,-0.8714209,0.94358134,0.8856432,-2.4741488,-0.731244,0.77666736,1.8438591,2.1266046,-1.8379862,-1.1822796,-0.6713772,-0.40746158,-0.024937479,0.0014909653,-0.35070816,0.49889994,-2.2184527,-1.031988,-0.9468122,1.400674,-1.0189887,2.4402382,-0.41150644,0.1229478,-0.13143443,-0.82718056,-0.6551841,-1.9043428,-0.5641887,-0.3267992,0.013268246,-0.05753649,0.724665,0.8948519,-0.48790443,0.096258,0.8528771,-1.5859698,2.7813838,0.2759385,-0.37052318,0.026129352,0.3507442,-0.47311774,0.56568426,-2.0691462,1.0794029,-0.9227075,-2.2722335,1.0960319,0.12989885,-0.18564421,-0.732719,0.002215359,-0.9089203,2.0536933,0.36724412,-1.9068937,0.74635404,-0.47587895,-0.6966996,0.020898193,1.0226862,1.3759277,-0.43308306,-1.8260238,-0.69169086,1.3020873,-1.177465,1.270798,0.77843523,0.2740988,0.59407246,-1.2735659,-1.1306355,-0.14009583,1.4997047,0.690011,-0.78293276,1.8610972,1.9810628,-1.3513638,-0.20174,-0.7145955,0.091988444,0.7505144,-0.6002946,0.7139902,-1.8104552,-1.9419469,0.86017215,-1.7303939,0.39974898,-0.031359177,-0.120240435,0.86595875,-0.4040768,-1.0523758,0.57178193,-0.3250019,2.4224331,0.80940956,1.4045014,0.45999935,-0.77740645,0.9608426,-1.6324162,-0.6942102,1.1827989,1.5114958,-0.46708944,-0.0148511715,0.37091288,-0.80477846,1.0980905,0.22113723,-0.21888903,-0.5249507,-0.8201977,-1.5728928,1.0145642,0.94613886,0.04846029,2.1655495,0.050793596,-0.38422066,-1.5662937,-1.8475937,2.3727055,-1.9302603,0.7782697,-1.1806794,0.88923967,-0.8559835,3.9725013,1.1875479,1.5842179,-1.819325,-0.96309215,0.11772783,-0.9747758,0.17344815,-0.8322818,-0.57015485,-1.3192496,0.20884642,0.3051394,-1.1964916,-0.26227826,0.115191594,-0.7596036,0.9821559,0.23293552,-0.6179069,-0.362872,0.6591308,0.3786872,-0.6948226,-0.0018026037,0.43461102,-0.08762207,-0.9330414,0.6843381,1.6456369,0.3345846,-1.2204025
P55769	-0.39116693,-0.36238748,-0.14613062,-2.2903569,-1.2123471,-1.6558434,-0.37118408,0.1389479,1.6436993,-1.1880475,-1.731709,-0.3683431,-0.6583232,-0.76497585,-3.4424496,-1.0613273,-0.9336703,-3.0823345,1.9633327,0.821421,1.861417,0.9023968,2.0039093,3.1822035,1.4909621,0.653062,0.30440757,-0.57939506,-1.7865412,-0.9932966,-1.7019848,-0.7810844,-1.5533676,-0.18830661,-0.72172636,2.00816,1.2431812,-3.410916,-0.46611163,-1.2196431,0.78955716,3.0743036,-2.4714563,-0.4528426,-1.1734095,1.0445694,1.3091395,0.49088007,1.7819211,0.5206735,-1.2559948,-1.7694465,-0.24472216,2.5342295,-0.37613356,1.1095487,-1.1614852,-1.1123432,0.41571173,-0.4725513,-2.0898423,-1.0803187,-1.0075994,1.0862154,-0.28585348,-0.30598003,-0.15461217,-0.37525308,-0.51208043,1.6027101,-0.69392425,-0.8435743,2.7117248,-0.4187801,-0.8334051,-0.5874675,1.3273672,-0.6771065,1.936997,-1.6213037,1.0309056,0.66469145,-2.3678007,1.1829766,-0.16977194,-1.2562538,-0.7458235,-0.043769453,-1.0744945,2.9999313,0.2791649,-2.3665314,1.2091254,-0.7486854,-1.0233006,0.08744652,1.5524447,0.31555098,1.3882936,-1.7218096,-0.658657,1.1582696,-0.8625527,0.4356508,-0.57804126,0.58458185,0.21656273,0.22783975,-0.8059947,-1.9811529,0.8410091,0.7173747,0.68212616,2.2342234,2.3912709,-1.7045664,0.25083092,0.11048636,-0.80001366,-0.35792384,-0.79796654,1.328841,-2.4743676,-1.5808945,1.4504794,-1.4675024,0.44463167,-0.9981465,0.7811231,-0.03407223,-0.018263156,-0.91631055,0.30195957,-2.1855905,0.5042962,2.0796704,1.0438896,0.01097712,1.4523891,1.8766059,-1.0924671,-0.6271284,0.73693275,1.1892684,-0.59869236,0.63003945,1.0165204,-0.34684655,1.0620027,0.501675,0.33224925,0.9172705,-1.6884971,-0.6016662,0.8213127,0.1163467,-0.11138624,1.89712,0.27098155,-0.22467606,-0.28505695,-1.2086685,-0.19817777,-2.6696162,1.90457,-1.1534839,0.7111444,-1.3046764,4.235898,1.671949,1.5766288,-1.7450285,-2.0974443,-0.5576635,-0.21572407,-1.3711053,0.044450767,-1.077997,-1.3567194,-0.3954197,0.60227764,-0.17661695,-0.7637138,-0.5590867,0.2761415,0.9077265,-0.27943304,0.91815776,-1.1250788,0.45585018,1.5826503,0.09136598,-0.39275518,0.18489078,0.24785289,0.07397476,0.8878598,1.3695798,0.20822535,0.21472397
P46779	-1.8416276,0.5378069,0.24290064,-1.4021919,-0.71721274,0.601272,1.7137603,0.6764902,0.90074295,0.038873553,-0.47092164,1.0013925,-0.7446563,-0.112075664,-1.3230394,1.2072258,-1.2485486,-1.2242151,1.1965915,0.0054374933,1.5606,0.7178556,1.0391994,2.0572832,-0.23702636,0.27613074,1.0244551,0.52549064,-1.988459,-1.208967,-0.9369886,-0.5583539,0.20361231,-0.14701068,-0.5419118,1.1919891,0.8536593,-2.5018232,-1.3070496,1.1619419,2.579304,1.4121045,-2.0036411,-1.0337672,-0.109251305,-0.2832611,0.43375614,-0.082508124,-0.8574439,-0.14410189,-3.2701735,-0.4516689,-1.1320912,1.6126757,-1.1163528,1.9367198,-0.15975618,-0.40487888,-0.096802026,-0.5604087,0.22805847,-1.1071095,-0.33149657,-0.9181496,0.45225218,-0.12103815,1.2986971,1.405644,-0.46856228,-0.3373266,1.4792235,-2.1024973,2.5090687,0.8368104,-0.81351924,0.9474384,0.38423175,-0.92783225,0.091306806,-1.7091836,1.6071432,-1.3135726,-2.1071215,0.63448936,0.02747638,-0.94883037,-0.18118013,-0.20411803,0.45264935,0.8354211,0.5662721,-1.4941995,1.1322454,-0.054626934,1.1406423,0.23378523,1.216003,1.147274,-0.17041624,-1.7657306,-0.017865997,0.9816268,-0.4070372,1.2830166,-0.10448556,0.48194227,0.6678282,-1.4738191,-1.3925209,-0.66894376,1.6672176,0.25438255,-1.0021169,1.390971,0.91816443,-1.3764123,0.43490037,-1.9630059,-0.3760981,1.5413576,-0.48213887,0.29818797,-2.5418983,-2.0262778,0.8880026,-0.926498,-0.9046474,-0.295261,0.4422926,1.6466844,0.36374864,-0.596532,-0.26871765,-0.62863517,2.9178667,1.154685,1.8166063,0.12996891,-0.6639912,0.8300597,-1.6753346,-1.1356035,0.06892049,0.6970563,-0.6276336,0.356285,0.34819815,-0.2767851,0.7197404,-0.5202499,0.5624494,-0.59039426,-1.146127,-1.8118385,0.41074234,0.9467437,-0.5829913,2.2931712,-0.18810503,-0.33629683,-2.2324898,-1.1013556,2.5340748,-2.0809884,1.0262283,-0.4355364,0.123392835,-0.2043081,4.013297,-0.24450044,2.0417264,-1.3268291,0.29133937,0.056492023,-0.8745477,0.28840855,-0.65591526,0.16926917,-1.7979755,-0.15563354,0.60922104,-0.6537398,-0.5920124,0.15068933,-0.6581551,1.6484764,0.50781345,-0.48205292,0.034828965,1.1834644,0.09845453,-0.15042229,-0.13369578,-0.6017419,-1.0285631,-0.3079368,0.820823,1.227545,-0.03388869,-0.8544836
P49207	-1.8003812,0.5768734,0.18259503,-2.3198419,-0.56509274,0.03133795,0.8318785,0.26981506,0.9586281,-0.28027228,-0.9588121,0.5370059,-0.8000404,-0.047447424,-2.05281,0.6897193,-1.4159913,-0.89061,0.99630207,0.29798123,2.1825771,0.69345057,1.7619187,2.2121446,0.24005395,0.5206047,0.3696263,0.2789751,-2.4330685,-1.7550999,-1.0741203,-0.47729144,0.09288837,-0.015256363,-0.9992595,1.0382022,0.45829386,-2.4855382,-1.2986118,1.3467654,2.518022,2.4768667,-2.1185102,-1.3879682,-0.4489645,-0.08129502,-0.11566645,-0.06639617,-1.029567,0.13035312,-2.873354,-1.1637586,-0.9743408,1.4139243,-1.50082,2.5278697,-0.49998617,0.045683715,-0.20213972,-0.1764983,0.13812596,-1.4934012,-0.27736777,-0.22681782,0.12088024,-0.3005923,0.51042485,1.0672876,-0.39429185,-0.23986284,1.3503749,-1.3207812,3.1305754,0.57280225,-0.52882576,0.4745909,-0.0053887907,-0.11350041,0.4248431,-1.6242247,1.3135511,-1.2317483,-2.2136734,0.6000007,0.41602075,-0.84202933,-0.5003523,0.56518465,-0.68026286,1.2897431,0.29489598,-2.2070084,0.820169,-0.2536514,-0.11222252,0.12982559,1.124283,1.7403685,-0.31618696,-1.2338623,-0.14643605,0.9120357,-1.3051698,1.0081608,0.2527515,0.5131589,1.0066757,-1.3073914,-1.0788925,-0.8412117,1.4645319,0.67528886,-1.2465186,1.6723765,1.4665259,-2.0265918,0.6230272,-1.0816864,-0.82091326,1.0613304,-0.35565612,0.4931773,-1.7713137,-1.842162,0.61810046,-1.4983923,-0.16533667,-0.12876244,0.22550018,1.0020857,-0.18577263,-1.5129806,0.22678588,-0.63612974,2.2156065,1.4093237,1.5679747,0.087754115,-0.25563616,0.86899745,-2.0463607,-0.15523797,1.0545781,1.1469264,-1.0204432,0.11622506,0.40410087,-0.7910497,1.1712514,-0.26015785,0.45770764,-0.6566488,-1.0014287,-1.8922887,0.89412594,0.66138935,-0.28368756,2.2456677,0.05357845,-0.34714058,-1.8617253,-2.2096195,2.7826254,-1.9163095,1.1053013,-0.8133796,0.31128463,-0.5747004,4.057532,1.0899397,1.9574502,-1.2720443,-0.394658,-0.30275202,-0.88811076,-0.5521229,-0.7935876,0.053291477,-1.8737936,0.21353649,0.23023404,-0.8631705,-0.2933534,-0.020658387,-0.4745158,1.468008,-0.26027167,-0.7974556,-0.29283094,1.0453576,0.34950814,-0.60797,-0.03184125,0.6063373,-0.39575705,-0.5765042,1.2853521,1.3926085,0.07156674,-1.27384
P63244	-0.4115444,0.5912711,-1.1649233,-1.1636242,-0.20519668,0.026693914,1.3583047,0.34740075,0.8468213,-0.5764495,-0.26330227,-0.27869213,-0.6079267,-1.357909,-2.1735811,1.4122118,-0.101181656,-1.514622,0.7790117,0.23143701,0.4712315,1.623661,0.4597607,-0.20763908,-0.8028886,0.4411325,0.47391662,-0.11982414,-2.2615955,-0.12965786,0.6909018,-1.4771961,-1.5324099,-0.8188512,0.017488644,1.1085215,0.62433684,-2.0911798,-1.0798692,0.047788534,0.8754976,1.3083495,-1.5572838,-1.2821681,0.22242434,-0.67974526,0.90393436,0.12713364,-2.2353878,0.30668738,-0.5286846,-0.6165993,-0.43567806,0.51212114,-0.52597654,0.9984465,-0.3391563,-0.007057493,-0.9282289,-0.49981993,0.1775611,0.9674059,-0.33520117,1.1277277,-0.4288131,-0.1232405,1.046514,0.9510347,-0.92410153,1.0432312,-0.010117884,-1.925812,1.8644314,-0.056690674,0.21436052,-0.39251322,-0.66605324,-0.6546824,0.9332007,0.38608915,0.69016397,0.27508712,-1.7497118,0.15884702,-0.22169572,-1.979475,0.21689507,-1.5633348,-0.9690217,0.7628041,0.49297684,-1.3055851,1.8613352,0.4047054,-0.40817064,0.7369376,0.6290424,1.6250817,1.25128,-0.84572923,-0.90562147,0.44385305,-1.4023361,0.8118208,-0.1548584,-0.18300505,-0.045620523,-0.08598806,-0.7385474,-1.0202174,0.52562517,0.47937062,-0.9167044,0.86967903,1.6161284,0.30095232,0.12741639,-1.0673958,-1.833831,-0.09473151,-0.7934704,-0.6504259,-1.8794318,-0.5547034,0.6163398,-0.19485907,0.88676,0.36663917,-1.0504776,1.1655895,0.9474817,-1.5315338,1.8306906,-0.16433772,2.0778685,-0.81843495,1.4732409,-0.23746735,-1.5728104,0.5841046,-0.6798883,0.9234438,0.47907975,-0.34819794,0.68254775,0.79594475,0.58211625,-0.15409711,1.2591316,-1.1765054,0.88913244,0.77034056,-1.1065241,0.7721344,-0.1211803,0.41131723,-0.37239102,1.856605,1.9805223,0.44194266,-0.46848342,0.3478569,0.16594434,-2.0111182,0.0058477633,-0.11017912,-0.5163003,-0.91699743,2.1482625,0.49823463,1.1816307,-1.3739995,0.039166637,-1.0779191,-0.070698366,0.69040525,-1.3376253,-0.14375706,-0.91061807,0.3781354,0.99836165,1.5116799,1.1037178,0.036486365,-0.17568372,1.115307,-0.30739242,-0.18887837,0.87614536,0.2843397,0.5543821,-0.0891019,-0.1348197,-0.35108247,0.50648576,-0.41952404,0.9472548,0.5688964,0.12229969,0.12705286
P27635	-1.0873185,1.0009696,-0.46248832,-1.6318433,-0.85538,-0.3157833,0.9893839,0.5449638,0.7501028,-0.09041454,-1.132049,0.18713793,-1.009194,-0.7229215,-2.044707,1.057963,-0.5887102,-0.33807895,0.7281721,0.3937816,1.7910389,1.4551272,0.25868762,1.8491081,-0.29602936,-0.111500904,0.31178397,-0.024923366,-2.715455,-1.4101243,-1.2096666,-0.84771836,0.04934315,0.21568778,-0.12113092,0.23314498,0.16599347,-2.4055297,-1.038487,1.6149888,1.929596,2.4118228,-2.2873347,-1.0565012,0.15702635,-0.8919817,0.30437616,-0.28082442,-1.0752138,0.5609639,-2.0198174,-0.17805262,-0.68689907,1.1215403,-0.98505527,2.503319,-0.76252264,0.35795352,-0.24851726,-0.010825197,-0.40255165,-0.46025667,-0.4724937,0.20645857,-0.37441638,0.009743082,0.7126911,0.9909881,-1.1198936,-0.4644321,1.8381523,-0.8843642,1.977476,-0.09501032,0.19637282,-0.0891194,-0.18842143,-0.31205097,-0.59751844,-1.0259833,2.0777943,-1.1309586,-1.5291235,1.1718167,-0.3353269,-1.2957112,-0.109740414,-0.36002952,-0.25556052,1.1540184,0.75205666,-0.89308995,-0.30010834,-0.43138725,-0.46155736,-0.028460475,0.855394,1.9369649,0.112039365,-1.1327192,0.37030083,1.4976592,-1.1781859,1.6273618,0.35293496,0.63310796,-0.1312272,-1.4812338,-1.3293262,0.027935062,1.4559927,0.54107875,-1.4963305,1.9476128,1.1377137,-1.5569963,1.1484507,-1.0112425,-0.64330065,0.6812899,-0.46022278,0.030535048,-0.6791605,-0.7449042,0.16055642,-0.92079735,0.05977639,-0.27883518,-0.4841853,1.3781549,0.38698998,-1.8140663,1.0314108,0.021952711,3.1206856,0.7538839,2.0530176,0.12865709,-1.0856923,0.68143463,-1.5955797,-0.0821712,0.81897384,1.2560272,-0.71349347,-0.19746543,0.2022798,-0.88248473,1.0698526,-0.22799213,0.2806254,-0.67191726,-0.6559254,-0.32691443,0.44093305,0.67985886,-0.098728076,1.9977937,-0.202018,-0.30127212,-1.5344888,-1.7947841,3.1123662,-2.2335534,-0.08153047,-0.7170994,-0.34027132,-0.41553554,3.4958858,-0.17715089,1.7074224,-1.9579622,-0.2787918,0.16749029,-0.9818346,0.021404693,-0.88800734,0.31512251,-1.1878424,0.6885612,-0.020135894,-0.82414937,-0.33489323,-0.843862,-0.4551963,1.3158704,-0.8828196,-1.1467539,0.33837038,1.4144597,-0.121130824,-0.38549393,-1.3704789,0.3685002,-1.0167594,-0.8165937,0.91269827,1.3852028,-0.04863026,-1.7531464
P61353	-0.98653597,0.4673955,-0.41748598,-2.1228428,-0.46381754,-0.29896986,1.1333632,0.5019334,1.137801,-0.47659612,-0.6803671,0.8003426,-0.63321596,0.02430056,-1.8837148,0.3526412,-1.0464277,-1.5121874,1.1627198,0.45360154,2.145559,1.6754286,1.3076494,2.1641653,0.13257828,0.29129386,0.11898988,0.5149383,-2.3333404,-1.3292303,-1.291093,-0.31934664,-0.03862092,0.123015724,-0.7565016,0.98115873,0.77147216,-2.5637245,-0.8408603,1.226557,2.1653402,1.8664824,-2.1954262,-1.3575784,-0.7456919,0.08245699,0.059290413,0.1492284,-0.23156968,0.6694465,-2.439162,-1.3774468,-0.9426767,2.0937195,-1.2177675,2.4156208,-0.46170977,-0.0071747596,-0.16636421,-0.48915982,-0.41600618,-1.6513282,-0.3984754,-0.14953594,0.1939636,0.06932951,0.62716246,1.0211207,-0.8103521,0.21648483,0.6282362,-1.508353,2.5309122,0.3126425,-0.42050517,0.44950253,0.17798296,-0.8231434,0.39227897,-2.3156126,1.2794057,-0.89406186,-2.0912373,0.7691927,-0.0713556,-0.7285527,-0.57168347,0.15296353,-0.7457018,1.7960372,0.6153471,-2.0948586,0.985581,-0.44183734,0.021086724,-0.091191374,1.1737876,1.238021,-0.17587586,-1.3594143,-0.2361846,1.7716235,-0.9466965,1.3574722,0.57765824,0.4260231,0.7992931,-1.2691648,-1.5111365,-0.6572611,1.3728228,0.31400952,-1.1943841,1.990612,1.8619529,-1.3097059,0.100808986,-0.8323154,-0.35832724,1.0254307,-0.87017936,0.19729786,-1.568519,-1.8680243,1.204404,-1.8292612,0.30983904,0.25003946,-0.10374588,1.028815,0.30167353,-1.2516893,0.26382264,-0.6208203,2.4216118,1.2180581,1.1496086,0.36967918,-0.45950654,1.0969617,-1.8839767,-0.8014959,1.0003259,1.6603315,-0.80042815,0.25893906,0.39378497,-0.8511217,0.7953232,0.17464983,-0.2449138,-0.08521066,-1.0414717,-1.5646745,0.8413084,0.7359768,-0.2373705,2.0538406,-0.24966237,-0.1373703,-1.275782,-1.965106,2.231719,-1.6799508,1.0327568,-1.0260732,0.4192456,-0.63455284,4.014995,0.96578777,1.8792255,-1.3161824,-0.9112881,-0.12288226,-0.667894,-0.021988332,-0.7367584,-0.70583206,-1.3446391,0.25706503,0.4512267,-0.7493242,-0.6301331,-0.046769854,-0.73783267,1.3892487,0.36987352,-0.6861904,-0.4621747,0.9670944,0.13963129,-0.50225073,-0.40195253,-0.018214798,-0.008763258,-0.22249973,0.7270571,1.2901025,0.44452658,-0.6279312
P35544	0.018021744,-0.53279614,0.23924555,-1.6433959,-0.42328888,-0.35757157,0.87746847,0.37768415,1.390038,-0.9536165,-0.87976134,0.18707137,-0.4888785,-0.7957693,-1.2148721,0.48997483,-0.9961943,-1.5767125,0.45790464,0.85126656,0.7032565,0.57030493,1.102736,1.04701,1.21105,-0.80477285,-0.11348652,-0.23685646,-1.8494338,-0.9753223,-0.9701848,-0.6469121,-0.71371377,-0.30254343,-0.46114367,1.0161252,-0.16482301,-1.6486244,-0.18001796,-0.3510476,0.93060094,1.7599919,-1.1753875,-0.716659,-0.71399206,0.5470139,-0.24978401,-0.20449872,0.051085144,0.4389408,-1.679948,-0.22130819,-0.20491989,0.9450253,-0.71539646,1.1760648,-0.47197914,0.19263606,0.32092658,-0.033951428,-0.68898463,-0.51738924,0.38376418,1.1134374,-0.63968444,-0.19312337,0.5598583,-0.14327604,0.31832132,0.08575687,-0.12395584,-1.3118265,1.6916069,1.1403146,-0.92290723,-0.33733487,-0.31202912,0.6533753,-0.09353289,-0.44880813,1.3815098,0.1317853,-1.2800566,0.7373291,-0.18626593,-0.1381123,-0.24567664,-0.16351086,-0.34417403,1.0935932,0.60657436,-1.577135,0.4769554,-1.1057602,-0.661537,0.19165786,0.5566106,0.89351004,0.31736082,-1.5029947,-0.0384272,0.47750968,-1.0513932,0.33532172,0.20122877,0.6250292,0.3756511,-0.100884795,-0.77304757,-1.3870378,0.48839325,0.6360484,0.43054035,1.6474687,0.95717573,-0.80367136,0.7738434,-0.50634575,0.23896089,-0.31850916,-0.7589341,0.50323963,-1.190068,-0.5905532,1.0332782,-0.2801159,0.6447298,0.22389303,-0.035139564,-0.29188928,-0.9581072,-1.7526156,0.74332553,-0.6280944,1.6295547,-0.17621098,0.39616427,0.27785143,-0.011821908,0.7866242,-0.92665505,0.45585623,1.0215975,0.23771988,-0.23094372,0.21878777,0.53660023,-0.3098664,1.0387312,0.14568715,0.042461295,0.116165765,-0.9052667,-0.5029728,0.59902734,0.78044486,-0.6029583,1.6176819,0.008239943,-0.15385583,0.022565588,-1.0301335,0.83425194,-1.2781214,0.53703177,-1.1948897,-0.7309156,-1.1783805,2.7137392,1.5402086,-0.008097321,-1.382186,-0.7307972,1.2523972,0.11047119,-0.17672075,-0.9288116,0.23825243,-0.9340662,-0.5861964,0.31694672,0.0788743,0.49877477,0.25225687,-0.39085004,0.3099651,-0.09637695,0.177759,-0.8785203,-0.554585,0.26976088,0.15745759,0.45525151,0.66131943,0.3386885,0.019214137,1.350558,0.5141502,0.083530255,-0.42701837
P62888	-1.9440457,0.6023774,-1.0138958,-2.0139942,-0.41270587,0.26195517,1.3219231,0.41628742,0.9818532,-0.45846915,-0.75874215,1.4246863,-0.9357625,-0.216385,-2.28076,0.78798866,-0.9578706,-0.9019385,1.241345,0.15024708,2.047698,1.6897012,0.9141712,1.2741032,-0.74452096,0.04517557,0.27738518,0.81828284,-2.9397357,-1.6377199,-0.253393,-0.5439051,0.47519913,-0.30559382,-1.215273,0.3080718,0.88525295,-2.0982747,-1.6444072,2.2520816,2.390086,2.4263477,-2.4633229,-1.4330362,-0.39041016,-0.10061693,0.27951148,-0.017804265,-1.6170135,0.49347982,-2.463642,-1.1845655,-0.6342695,1.2545911,-1.007939,3.018928,-0.6538542,0.5987864,-0.02191574,-0.21056022,0.5479239,-1.1602136,-0.13718852,-0.10300461,0.36347684,-0.2798811,0.07169385,1.0597732,-0.92941,-0.4238349,1.1448154,-1.7469625,2.7608235,0.20665184,-0.16277611,-0.021073895,-0.58159375,-0.53807896,0.9195315,-1.5468373,0.9072754,-1.3101935,-2.5517316,0.04815959,0.3880367,-0.89603215,-0.38613608,0.34848675,-0.7815856,1.5632366,0.42185092,-2.4189641,1.2637721,-0.25096682,0.008186006,0.35659838,0.963857,1.9758314,-0.5580969,-0.784571,0.10759336,1.2569128,-1.2609472,1.4659039,0.45255703,0.09697335,1.1567856,-1.345257,-1.6348343,-0.16317837,1.3874835,0.68657225,-1.9394318,1.580917,1.7930915,-0.8766221,0.45936567,-1.5013896,-0.97380847,1.1811674,-0.7156669,-0.12642716,-1.8144736,-1.666099,0.54918605,-1.34227,0.1288657,0.4504903,-0.16187091,1.0419751,-0.36781088,-1.6281204,0.82064396,-0.4203985,2.4685128,1.3658965,1.5466387,-0.018822027,-0.99967223,1.1957458,-2.2695003,-0.078098394,0.8647722,1.4969251,-0.6324426,0.4122533,0.13296814,-0.51686823,1.0378345,-0.023875568,0.5101328,-0.26955968,-0.53814894,-1.6042514,0.93793607,0.95840156,-0.78306705,2.1770017,0.64522076,-0.10092613,-2.1703005,-1.3805737,2.7742991,-1.5020398,0.31361976,-1.1365979,0.11413864,-0.3007359,3.6135557,1.0581281,2.0441005,-1.0434567,-0.5996336,-0.61316675,-0.88128954,0.16611415,-1.0900062,-0.45354626,-1.6078446,0.5995979,0.09876283,-0.26911002,-0.42491612,-0.22450173,-0.6602667,1.5077482,-0.25067267,-0.34845853,-0.09664747,1.0295619,0.35711464,-0.43425602,-0.45227098,0.60567266,-0.19634373,-0.66743374,0.97905505,1.4598712,0.5109877,-1.2790213
P62829	-1.0135769,0.79165465,-1.9884313,-1.5148908,-0.81326574,-0.09420864,2.0815232,-0.29757214,1.5908531,-1.3429272,-0.67838323,1.5564265,-0.34751883,-1.0482879,-1.5998305,1.068526,-0.9614365,-1.2769672,0.83159876,-0.38063386,1.1418668,1.8972672,1.0132825,1.0465872,-0.43258417,0.06362677,0.43053332,0.36089322,-2.4333513,-0.59545493,-1.1399882,-1.4825398,-0.57405,-0.46657926,-0.34294778,0.37189952,1.056874,-1.3826458,-1.3545291,0.6851644,1.8373759,1.1677355,-2.382471,-0.7553757,0.1694299,-0.33501896,0.64621264,0.38590837,-1.6714463,0.70175254,-1.4725502,-0.16446364,-0.89105034,0.89992386,-0.11211338,1.8199066,-1.1866219,0.2674223,-0.49744678,-0.6974236,-0.2197993,-0.7990316,0.060239587,-0.34196803,-0.14975414,0.16167572,1.586456,1.0201572,-0.5603704,0.11843257,0.08254425,-2.2810645,1.9247358,0.7121575,-0.5781914,-0.2160744,-0.012932475,-0.66905594,1.0385019,-1.3420508,1.5857048,-0.18448794,-3.070033,0.41147012,0.0005466316,-1.0806944,-0.6534507,-1.420577,-1.0903842,1.8011416,0.91264594,-1.7537483,1.469444,0.4030515,0.20111312,0.2880957,0.17145921,1.2896876,0.40712756,-1.1874702,-0.74933785,1.2812358,-1.2062532,1.3562961,0.4222988,-0.10678041,0.16722663,-1.8089194,-1.4624743,0.61268246,1.0901765,0.55934393,-0.82065225,1.2831469,2.7217703,0.08053224,-0.5968232,-1.4074461,-0.17270476,0.42749333,-1.2982594,0.043987475,-2.745803,-1.3296993,0.16551426,-1.558027,-0.007470204,0.6926939,-0.53636324,1.0727423,-1.0231838,-0.39109927,0.3301756,-0.20772393,2.7920322,0.8145088,1.2602012,1.0124593,-2.3722222,0.66977805,-1.1769273,-0.7712271,1.1771623,1.4428701,0.25208533,0.46838373,-0.3820883,0.38264835,1.3624762,-1.430551,-0.13908261,-0.16207343,-0.022752903,-0.94840413,0.5196488,0.45111895,-0.49490458,2.5302083,0.94012856,0.19236216,-2.2773001,0.14524022,1.8489368,-2.081585,0.14915831,0.14899336,-0.42561764,-0.8772071,3.8229034,0.53718513,1.2989267,-1.4171157,-0.23141184,0.20421259,-1.611477,1.9645871,-1.2488929,-0.7380528,-0.60948414,0.2420421,0.6213781,0.4300694,0.015655331,-0.40533218,-1.5411315,0.43887734,-0.20220248,-0.3753443,0.06311765,0.3337244,-0.014887313,0.03163484,-0.38049722,0.35608697,-0.6576338,-0.83899486,0.4679006,1.4180368,0.8290855,-0.44563645
Q9Y3U8	-1.3232485,0.41955522,-0.058601916,-2.3696594,-0.5767122,-0.01978427,0.8491099,0.14168385,1.3488218,-0.20915084,-0.5717205,0.81224823,-0.8556439,0.36383927,-1.4318162,0.90846694,-1.3722366,-1.0376937,0.9981323,0.40140915,2.1144674,0.8395254,1.516179,2.104214,0.10248122,-0.03587815,0.2713108,0.4005039,-2.3952434,-1.3487035,-1.5288492,-0.6192583,0.09590583,0.2856337,-0.8425683,0.6286424,0.81003046,-2.4402733,-1.5443041,1.4571052,2.2581577,2.385809,-2.2218378,-1.1897082,-0.26545328,-0.12717886,0.07209532,-0.087272815,-0.46013469,0.37996963,-2.6840947,-0.9464829,-0.6952256,1.6441479,-1.0216292,2.6284595,-0.30076304,-0.032280993,-0.24232803,-0.41289926,-0.63192475,-1.2391067,-0.22590595,-0.37194318,0.31567594,-0.2318379,0.5067814,1.3373798,-0.4572723,-0.3270838,1.220303,-1.2041543,2.8723905,0.29965922,-0.9324723,0.13396361,0.22898677,-0.47991565,0.35876632,-1.7110829,1.5306826,-1.4666606,-2.3966372,0.52289957,0.15867071,-1.076414,-0.6605471,-0.06905627,-0.76687026,1.6846869,0.39786646,-1.9907471,0.9686537,-0.23788956,0.26862836,0.20364209,0.857873,1.6176847,-0.2215827,-1.4374125,-0.23514527,1.5353973,-0.92663443,1.366428,0.4186181,0.5931777,0.8394576,-1.4485043,-1.5297234,-0.70549315,1.5534351,0.5140062,-1.2841601,2.0079005,1.9003506,-1.9890305,0.5689339,-0.8312692,-0.272902,1.0429478,-0.45628816,0.4469552,-1.8569454,-1.6765606,0.5144019,-1.6691617,-0.1321489,0.22510111,0.1051916,0.78868395,-0.1493028,-1.4408891,0.004092736,-0.5406523,2.538661,1.6338229,1.8933988,0.4167123,-0.42766464,1.0344137,-1.8635381,-0.7257647,0.9210388,1.4051538,-0.85713106,0.090542726,0.12040895,-0.828023,1.0191369,-0.2395321,0.09478444,-0.5288909,-0.90182114,-1.6327578,0.77610373,0.8834958,0.30211395,2.212564,-0.1417344,-0.5384609,-1.856664,-1.8575561,2.71592,-1.8396869,0.92668796,-0.8301572,0.21503936,-0.7239337,4.483929,0.85591966,1.9408591,-1.3867679,-0.4558728,0.056785334,-1.2860531,0.04789277,-0.614828,-0.5669827,-1.7187067,0.23967212,0.52374274,-0.95958924,-0.90088624,-0.27765504,-0.92788506,1.3075703,-0.27612326,-0.95125246,-0.09938311,0.98135436,0.1870337,-0.20852421,-0.107896045,0.49846506,-0.8567951,-0.26167467,1.0559835,1.8789973,0.38050327,-1.2545992
P18077	-1.3263984,0.71062773,-0.33118635,-2.4191022,-0.74284834,-0.5311065,0.9621551,0.028322993,1.1278017,-0.3032205,-0.8349991,0.66876847,-0.8130385,0.30927598,-1.7647076,0.23219658,-1.1968925,-1.2157307,1.1227227,0.45960143,2.3735898,1.1142275,1.1511214,2.65985,0.2601379,-0.10454997,0.10964043,0.6467105,-2.456749,-1.672612,-1.5836828,-0.6002554,0.2061807,0.28301024,-0.8054557,0.43568632,0.53134656,-2.3258543,-1.2782863,1.5015305,2.044039,2.4466896,-2.0978332,-1.0834407,-0.3652684,0.027677307,0.23982994,-0.15940939,-0.14062037,0.46011022,-2.2974129,-1.107434,-0.5299431,1.5886335,-1.370013,2.9160328,-0.53930545,-0.30522835,-0.101845816,-0.06331187,-1.0092665,-1.5227679,-0.21802585,-0.11462471,0.42725882,-0.08380669,-0.009657268,0.999834,-0.49149197,-0.1695553,1.2658213,-1.0048589,2.5742447,-0.113508426,-0.43418467,-0.13490114,0.08358264,-0.270099,0.6539736,-1.7541468,1.303978,-1.2935222,-2.2466276,0.9143793,0.021604622,-1.0129917,-0.7101427,0.34956604,-0.8408815,2.2349648,0.3939618,-1.8361037,0.395139,-0.5600495,-0.262575,-0.11904848,1.078837,1.5842563,-0.15140225,-1.3322772,-0.06250254,1.7097154,-1.2528179,1.3028461,0.06308743,0.5425382,0.91528845,-1.4330003,-1.6686386,-0.8214194,1.1108934,0.6681541,-1.0432534,2.1687963,1.9679948,-1.9265715,0.42634535,-0.45149955,-0.20100673,0.9988201,-0.78221804,0.55220175,-1.3929045,-1.6780393,0.8948194,-1.8847251,0.03974295,-0.24529071,-0.07792924,0.65719384,-0.29375732,-1.5555588,0.23025572,-0.7461874,2.3686714,1.9832444,1.4904193,0.29143238,-0.13358712,1.3054763,-2.3415165,-0.502817,1.002956,1.6136725,-0.883887,0.041256957,0.14274734,-0.7540116,0.965433,0.066340186,-0.106353216,-0.42968658,-0.8821225,-1.3837887,1.0567843,0.8282872,0.24892469,1.6566782,-0.44356507,-0.88778603,-1.6557091,-1.9307078,2.4193444,-1.7870289,0.89822143,-1.2139115,0.2388532,-0.6440622,4.207339,0.8999563,1.9065845,-1.422871,-1.0915737,-0.14388928,-0.9383489,-0.055768922,-0.4593546,-0.5785933,-1.6203444,0.5636505,-0.03996433,-1.0015268,-1.1465858,-0.77407247,-0.6473113,1.1928173,-0.53742385,-1.1271107,-0.16265993,1.3221322,0.41991314,-0.2590093,-0.39545938,0.5983207,-0.5368924,-0.39619815,0.96371514,2.1308873,0.5906295,-1.2427537
P62910	-1.5252856,0.39094248,-0.14234994,-2.5626407,-0.51050615,0.14959688,1.2180974,0.2915112,1.1449431,-0.41681758,-0.6017048,0.66778964,-0.85689914,0.43120268,-1.4056932,1.0045135,-1.3539566,-0.89715374,1.1274403,0.42259315,2.0197327,1.066687,1.5635718,2.043733,-0.1545156,-0.049291305,0.22928633,0.3040264,-2.5881913,-1.5841441,-1.443851,-0.21831957,0.42265335,0.13305113,-0.9168332,0.6842386,0.6071833,-2.4137816,-1.5528016,1.3509831,2.3635907,2.2217238,-2.1661599,-1.3779795,-0.44969139,-0.24712479,-0.12258822,-0.21897137,-0.80571294,0.35525012,-2.7550855,-1.0834376,-0.7232344,1.5503236,-1.3093988,2.845666,-0.18435979,0.2897503,-0.26088208,-0.09408145,-0.56501895,-1.4106816,-0.17458712,-0.5020578,0.3532757,-0.3071062,0.49298415,1.3912436,-0.29948667,-0.3008022,1.5683571,-1.4058199,3.0388877,0.35659027,-0.57993704,0.27269116,-0.0705104,-0.5332087,0.2362334,-1.6322299,1.2487274,-1.5862476,-2.362039,0.6129775,0.26108834,-0.5917174,-0.72368634,0.018880645,-0.6300857,1.6812053,0.18411689,-1.9386969,0.7688356,-0.46160218,-0.13812226,0.16301715,0.9472399,1.6856221,-0.3523836,-1.5226338,-0.15976967,1.4167714,-1.1896986,1.1633716,0.50639814,0.4815479,1.1073493,-1.5566639,-1.4770318,-0.706748,1.5405532,0.65421784,-1.5413694,2.1224122,1.5464666,-1.996318,0.57048106,-0.8348045,-0.40703282,1.2187492,-0.55307645,0.39226896,-1.7959028,-1.782666,0.5780899,-1.609117,0.044783596,0.33914676,-0.061408367,0.99051255,-0.4102796,-1.54593,0.18099238,-0.33359885,2.6927767,1.3530902,1.861127,0.49656132,-0.5827809,1.0375174,-1.9771159,-0.82975805,1.0996773,1.5879074,-0.8174725,0.11038114,0.2578439,-0.7369617,0.9655454,-0.2856372,0.14078063,-0.4890103,-0.6998159,-1.7326196,0.6256203,0.8068125,0.29299217,2.0016167,-0.16897981,-0.6986559,-1.866537,-2.3599277,2.949235,-1.7675542,0.77529764,-0.9200397,0.29536396,-0.62786216,4.4146967,0.8350893,1.8641107,-1.4990364,-0.58025634,-0.06588126,-1.0186734,0.08528417,-0.5849458,-0.22138299,-1.847209,0.4600715,0.40719566,-1.1446958,-0.57559985,-0.2520449,-0.7416823,1.2793722,-0.016740238,-0.91560644,-0.13977978,0.9799995,0.2102728,-0.35289848,0.06459276,0.6514897,-0.68311155,-0.41397235,1.03037,1.744445,0.3948471,-1.4085615
P62263	-1.0983598,1.281343,-0.67396957,-1.6682127,-1.130186,-1.0090544,1.0247548,0.45157486,0.74227124,0.3597348,-0.886258,0.25591803,-1.1793698,0.072589934,-2.131431,0.6382496,-0.833579,-1.2021257,0.8011523,0.24866186,2.5271952,1.587197,0.6326948,2.3218932,0.13186802,-0.14420836,0.46045685,0.6678797,-2.7093534,-1.1827215,-1.2412124,-1.1862268,-0.26648316,-0.10583529,-0.39009804,0.8236362,0.6707461,-2.8471746,-1.101435,1.3887683,2.0309136,2.0888991,-2.150916,-1.1403849,-0.08965694,0.06470896,0.8715515,-0.020741168,-0.4987508,0.80729866,-2.216345,-1.3311204,-0.44036615,1.8523215,-1.2225125,2.898517,-0.45170766,-0.43679392,0.030116443,-0.22916424,-0.92181915,-0.9971589,-0.105753,-0.19614981,-0.06907025,0.07461523,0.010656181,1.4833703,-1.3485932,0.08781002,1.4452597,-0.88417983,2.6567726,-0.5685915,-0.039170045,0.33013913,0.15107493,-0.67495793,0.44529992,-2.0749195,2.0675037,-0.65406054,-1.7651882,0.72057515,-0.28337756,-1.51554,-0.43221927,0.33389547,-1.1261443,2.153099,0.9954532,-1.8682109,0.54645693,-0.35924932,-0.15863985,0.12559465,1.1331992,1.6594054,0.051848013,-1.1936761,-0.38556355,2.1897902,-1.3410548,1.5544709,-0.29017958,0.8242807,0.38999346,-1.6091664,-2.3576343,-0.73460084,0.9246144,0.29449138,-1.0803822,2.0719175,2.3818502,-1.6525007,0.7565595,-0.57719016,-0.4256875,0.94186896,-0.54727066,-0.07660647,-1.2557232,-1.7262437,1.2573223,-1.6724035,0.8020574,-0.17431378,-0.3121713,0.91348654,0.37927663,-1.4314033,0.6251038,-0.7828831,2.7675333,1.7637731,1.4698862,0.17936835,-0.58610624,1.7003356,-2.7130163,-0.26143622,1.3410401,1.3335081,-1.033382,0.23012753,0.40593702,-0.8861201,0.8506883,-0.5585462,-0.14512007,-0.03257935,-0.98565674,-1.4542959,1.0945649,0.66143256,-0.065937474,1.929745,-0.1522833,-0.62011313,-1.6912103,-1.416498,2.0962436,-2.3883193,0.573916,-1.1391569,0.31903183,-0.4571381,3.9236813,0.10733245,1.8660692,-2.1051862,-0.9825726,-0.12820727,-0.71501225,0.25469756,-0.899172,-0.43726277,-1.3257453,0.4929822,-0.22057608,-0.639487,-1.2577735,-0.74080753,-0.65914357,1.0735871,-0.39715987,-1.0507102,-0.12512848,2.0521479,0.24465552,-0.18658401,-0.927044,-0.16272189,-0.4072049,-0.5395312,0.9608764,2.040126,0.54954547,-1.3345586
P18621	-1.5031973,0.3788535,0.043956343,-2.5561075,-0.44138244,-0.004996104,0.5353917,0.4236554,1.0589907,-0.30688158,-0.76061827,0.5231218,-1.0152128,0.49528238,-1.8350078,0.6886721,-1.1046523,-1.03839,0.96671003,0.3567247,2.305058,0.72332853,1.397272,2.0596735,-0.16152886,0.2806418,0.25709155,0.2692393,-2.6735613,-1.3027886,-1.2082561,-0.54252476,0.36195788,0.0902425,-1.0448539,0.6769178,0.6921488,-2.688283,-1.6552391,1.3534362,2.414626,2.4790056,-2.2075813,-1.4398023,-0.3965758,0.0064464333,-0.02408544,-0.30415246,-0.58129257,0.3731937,-2.5356815,-1.0526254,-0.7123563,1.5684652,-1.1744835,2.8355424,-0.5617709,0.22998704,-0.17274301,0.13562946,-0.2700575,-1.3579803,-0.45399112,-0.35924402,0.50447613,-0.20087671,0.13861868,1.3177919,-0.3238642,-0.14067093,1.4181565,-1.0956069,3.3187947,0.14817722,-0.6013313,0.20641485,-0.1956667,-0.5473695,0.50581205,-1.7975851,1.0682285,-1.5261056,-2.5686808,0.60591936,0.23137781,-1.0996099,-0.75225663,0.19870935,-0.8308347,1.6338588,0.3723304,-1.9478465,0.7688048,-0.33263355,-0.05028993,-0.12024097,0.91358745,1.4631846,-0.23357353,-1.2420039,-0.19314967,1.3556806,-1.4558973,1.1824081,0.47952116,0.665307,0.92079675,-1.2857356,-1.4447186,-0.957768,1.4612138,0.7099541,-1.2910657,1.8591729,1.762454,-2.0680165,0.70372665,-0.68407774,-0.58616304,1.1018602,-0.49017194,0.35913622,-1.7252356,-1.6790916,0.43137264,-1.488267,-0.023742827,0.21010283,-0.18430418,0.8368093,-0.14984511,-1.5778507,0.42660445,-0.32258958,2.4551616,1.4855008,1.7503663,0.41000733,-0.35998586,1.1653801,-1.7736368,-0.528922,1.263738,1.2336167,-0.96356976,0.23083115,0.48303643,-0.7250499,0.95342135,-0.15904689,0.24773446,-0.6102655,-0.7214493,-1.759778,0.5343753,0.6288244,0.19178551,2.0597296,0.06705998,-0.41351184,-1.813131,-1.9523239,2.9026,-1.737055,0.921855,-0.7992349,0.019918503,-0.78585786,4.1002665,0.98086673,1.9167752,-1.3897921,-0.69946283,-0.25200224,-0.91017085,-0.09328498,-0.7412293,-0.4011279,-1.8478055,0.55560625,0.23809327,-0.9471757,-0.5422208,-0.40088224,-0.55943394,1.3416743,-0.33628622,-0.85746175,-0.3207744,0.9956783,0.13086739,-0.3159114,0.044902984,0.7449992,-0.628632,-0.5183429,1.2303777,1.8031179,0.22203876,-1.373677
P05388	-1.3350146,0.8695918,-0.16869843,-1.5999209,-0.12866166,0.05114515,1.5479624,0.28692624,1.0200223,-0.18861943,-0.9962714,1.0338055,-0.4348913,-0.30808732,-1.7485764,0.9505543,-0.87509185,-1.1051655,1.2372675,0.19897766,2.1627994,1.1228096,0.76855075,1.8756092,-0.32998234,0.14815326,0.52512115,0.9562319,-2.2685075,-0.97651106,-0.99285585,-0.2801569,0.111519784,-0.08268565,-0.58524793,0.6584099,0.42036405,-2.6667857,-1.253239,1.7707146,2.3405163,1.8392895,-1.9754126,-0.8061508,-0.052665055,-0.5482706,0.49816018,0.2054994,-0.9752278,0.41491917,-2.5753353,-0.5354609,-1.155758,1.4517415,-1.4901438,2.2881405,-0.21083558,0.115880795,-0.23757419,-0.45746094,-0.10722447,-0.9625501,-0.6929226,-0.6076443,0.118673064,-0.109282136,0.83762836,1.2957743,-0.7247629,-0.016489437,1.1307698,-1.4365282,2.2561471,0.18090644,-0.44072253,1.0570738,0.06558864,-0.8612491,0.013298011,-1.7472272,1.469128,-1.0712837,-2.077496,1.1391605,-0.04374766,-1.3141954,-0.34108722,0.3325885,-0.76934606,1.37511,0.67529273,-1.4854556,0.7151394,0.22644831,0.27987987,0.024434278,0.98743504,1.425126,0.0074758474,-1.533766,0.06330251,1.4765646,-1.3436629,1.4869256,-0.23941694,0.3214509,0.60212636,-1.3492188,-1.5380119,-0.664716,1.1786519,0.17052786,-1.2071636,1.4028718,0.8496196,-1.3312027,0.39811015,-0.9147072,-0.26759905,1.545772,-0.3530327,-0.06482923,-2.0494876,-2.0272665,1.1160349,-1.6311724,-0.12903275,-0.16151585,-0.395416,1.7989814,0.53375745,-1.1799932,0.24887775,-0.33645362,2.6038573,0.879094,1.5032998,-0.13577847,-0.7760641,1.2160459,-2.0133061,-0.76670694,0.6879831,1.1041923,-1.2042425,0.20725532,0.4920658,-0.39949626,1.0598841,-0.5888312,0.2836806,-0.34079167,-1.5527575,-1.2301148,0.81013095,0.81413037,-0.2743068,1.9746741,-0.14641412,-0.42618605,-1.708357,-1.5531342,2.6268017,-1.8281932,0.6522617,-0.9351701,-0.011758074,0.12625206,3.5542495,0.3864313,2.1884837,-1.106448,-0.15076813,-0.3205624,-0.8663037,-0.20914593,-0.9390761,-0.18563443,-1.4592516,0.45991027,0.31095847,-0.7143937,-0.5609755,-0.17699216,-0.40104616,1.9935219,0.45768666,-0.87967926,0.019109022,1.7599647,0.30131346,-0.050787702,-0.80521846,-0.15388319,-0.9223958,-0.29263127,1.0813534,1.312702,-0.08405663,-0.90977764
P50914	-1.5015044,0.51883054,-0.3652883,-2.0899277,-0.5817002,-0.19986807,1.1388834,0.51587385,0.78323746,-0.019880947,-0.68975013,0.89563733,-0.8562817,0.087527245,-1.9863678,0.5155834,-1.3365557,-1.2063382,1.1113371,0.39313868,2.0671632,1.1777889,1.1290858,2.257383,-0.038592532,0.2437285,0.1252592,0.95802766,-2.1501162,-1.7399802,-1.2224612,-0.4710197,0.25659242,0.19005156,-0.58295166,0.8072469,0.46772042,-2.5366948,-1.3707352,1.6393894,2.2661006,2.4014254,-2.0378237,-1.4398793,-0.21532357,-0.09805768,0.47668213,-0.080915995,-0.5719798,0.35545173,-2.4274595,-1.2737621,-0.78128177,1.6082401,-1.5716932,2.5056107,-0.17710485,-0.6479697,0.09322918,-0.25219473,-0.41883758,-1.4461764,-0.14993627,-0.40741917,0.17079464,-0.23556787,-0.073854096,1.3314878,-0.66041076,-0.36450344,1.0612243,-1.2123106,2.7275794,0.2003089,-0.3948802,0.21114804,0.28819653,-0.20330589,0.43282,-1.9522927,1.5351204,-1.1679976,-2.0387478,0.5204483,0.06996353,-0.78656924,-0.19110513,0.4860075,-0.6737351,2.0111434,0.44711688,-1.9471464,0.69009423,-0.7323376,0.06453939,0.015638994,1.2482536,1.3172376,-0.36373708,-1.0653226,0.0617425,1.3963267,-0.9661624,1.1558198,-0.28847823,0.53930503,0.9512165,-1.4387548,-1.672329,-0.7821681,0.65910083,0.5271314,-1.1570075,1.6807206,1.6747937,-1.5221971,0.39852366,-1.2020705,-0.61282283,1.2886348,-0.7119997,0.21867613,-1.2749925,-1.7342608,1.0980282,-1.4738597,-0.03208752,-0.25505668,-0.03455469,1.1049936,0.21727243,-1.1641688,0.2933065,-0.720387,2.3823707,1.9163991,1.2582884,-0.11657765,-0.54528844,1.1447238,-2.430795,0.026091179,0.7920962,1.2840403,-1.1468835,0.082335085,0.14518309,-0.55105835,0.51290524,0.049723323,0.19885765,-0.5180284,-1.1917481,-1.8965526,0.9697174,0.8508253,-0.4477428,1.8685627,-0.2526081,-0.64686626,-1.6645215,-1.6317091,2.6309595,-2.031382,1.0809121,-1.2144473,0.46087885,-0.47758442,3.708501,0.64818126,1.8520511,-1.1868671,-0.63848716,-0.14943323,-0.66653764,-0.11919474,-0.77028245,-0.39038557,-1.5655069,0.18939935,0.04051614,-0.74118394,-0.8667958,-0.08124493,-0.54344565,1.6585134,-0.15326609,-1.1371745,-0.25048497,1.0183232,0.46908274,-0.24890292,-0.390073,0.285277,-0.4672341,-0.5484994,1.0104154,1.6410004,0.57676977,-1.2474568
P32969	-1.370236,0.18006612,-0.42248923,-2.5419953,-0.58937943,-0.10934808,1.2726958,0.049581114,1.5378137,-0.73604065,-0.90225327,0.93911576,-0.5104959,0.03362636,-1.6711327,0.5629259,-1.3464981,-1.1728647,1.3201174,0.49515915,2.0431948,1.0498085,1.5363889,1.891141,0.19254176,-0.04079829,0.27045694,0.41109806,-2.4177196,-1.5199448,-1.404229,-0.42614955,0.21146701,-0.11971077,-0.91137934,0.5969657,0.84370166,-2.2160141,-1.2941381,1.1844704,2.3496015,2.3905358,-2.1773136,-0.98858243,-0.38671395,0.12196821,0.28668216,-0.13210244,-0.6003707,0.47503543,-2.6126366,-1.014563,-0.7414866,1.5092374,-1.1235123,2.4852583,-0.5000652,0.29933825,-0.25949886,-0.36348027,-0.48352706,-1.199513,-0.10898002,-0.39028066,0.20404734,-0.27002272,0.5863522,1.0660443,-0.4048073,-0.1870175,1.1713266,-1.3775328,2.9884818,0.6840777,-0.7988759,0.3622958,-0.0025826436,-0.5728775,0.4545035,-1.8574735,1.5509919,-1.2386541,-2.309864,0.5102532,0.152419,-0.98360366,-0.7141202,-0.11643406,-0.6782602,1.5541265,0.62565017,-2.2620602,1.0665499,-0.38157105,0.008605905,0.16204362,0.81084055,1.4613469,-0.18965341,-1.2867324,-0.024217322,1.3492515,-1.0402952,1.6070954,0.17143585,0.3273419,0.8539662,-1.5724204,-1.3245558,-0.64422,1.5969594,0.71267354,-1.2521995,1.9979242,1.7781363,-1.6687453,0.68159777,-0.85424286,-0.13090895,0.9976318,-0.7079169,0.43125254,-1.9781114,-1.9016833,0.757014,-1.9177356,-0.120759405,0.43323725,0.39482346,1.078723,-0.6139968,-1.4147118,-0.08150591,-0.6367484,2.561019,1.29427,1.4824607,0.24588215,-0.6290058,0.9724695,-2.0841727,-0.9096372,1.144279,1.6088285,-0.67013466,0.20738141,0.14948139,-0.7358574,1.183946,-0.63503486,0.21750553,-0.21047579,-0.77205354,-1.4068758,0.7266308,0.86098397,-0.10752448,2.174423,-0.035611995,-0.403272,-1.6618377,-1.7027084,2.416671,-1.8504025,0.85535675,-0.9229442,0.15343468,-0.55556184,4.352777,0.9992287,1.8971978,-1.5097877,-0.61423516,0.04474684,-1.2618904,-0.26763117,-0.81857944,-0.17159879,-1.5148865,0.25981787,0.47352415,-0.96301764,-0.7716479,-0.032979738,-0.7760591,1.334116,-0.15638721,-0.267416,-0.42785528,0.99010336,0.20870058,-0.002634637,-0.14754513,0.59165174,-0.949957,-0.28036264,1.095643,1.4279996,0.45897648,-1.1589625
P61254	-0.85243905,0.8615125,-1.596144,-1.9229263,-1.0845677,-0.8132316,0.8682922,0.047972515,1.5838324,-0.3599153,-0.70635396,0.895674,-1.0633324,-0.18208042,-2.171227,0.46409282,-0.97748727,-1.0486796,0.99512446,0.13094017,1.863362,1.5836668,0.75052816,1.6534152,-0.22279787,0.15088545,0.17780346,0.04353428,-2.68216,-0.8039008,-1.7180133,-1.252361,-0.656197,-0.0066719544,-0.51891786,0.48204732,1.2668298,-2.1229832,-1.026525,1.2176648,1.9801434,1.7341927,-2.1293871,-1.0817345,-0.048445646,-0.19782782,0.33283907,0.18792106,-0.8500936,0.7242249,-1.8931929,-0.9879616,-0.7611887,1.2676026,-0.8821464,2.148508,-0.8004309,-0.25397408,-0.34540522,-0.558539,-0.54066867,-0.42030564,-0.29300186,-0.02316131,0.37009874,0.13673888,0.47265375,1.1601821,-1.3718827,0.36487928,0.5772456,-1.2320614,2.1744447,-0.32656464,-0.2981741,0.1386257,0.069656186,-0.9827729,0.6454466,-1.5099895,1.486948,-0.73336315,-2.0374417,0.41004884,-0.3787042,-1.4907533,-0.869636,-0.37317842,-1.2695353,1.8293611,0.9159633,-1.8425479,1.0525248,0.02282534,0.041458722,0.19490652,0.85996634,1.8931825,0.31766397,-0.9164062,-0.5283541,1.9996239,-0.85598457,1.7652936,0.19217624,0.29303873,0.34613943,-1.5160519,-1.7396321,-0.17518269,1.5057881,0.5672786,-1.0669813,1.6217937,2.969391,-0.96533287,0.26292786,-0.7384733,-0.6275711,0.58432895,-1.0033838,-0.19338335,-1.9330901,-1.1332027,0.5141538,-1.6312108,0.42424732,0.5676296,-0.46176574,0.85568964,0.2683278,-1.017697,0.3725858,-0.4972466,2.536207,1.3834038,1.6313084,0.43325824,-0.8807187,0.9479525,-1.4521488,-0.48937598,1.0260252,1.9320356,-0.20612396,0.29937488,0.08031844,-0.47748286,1.0544851,-0.7275129,-0.20035444,0.023301488,-0.71419644,-0.84046024,0.9717061,0.34914523,0.29069462,1.8933549,0.28752467,-0.11136542,-1.6347855,-1.0073917,1.9348036,-2.0751958,0.5592741,0.009385715,0.13300037,-0.7384693,3.929881,0.31957567,2.1407366,-1.3360926,-0.5925869,-0.50898194,-1.5695252,0.67488605,-0.75402933,-0.7702947,-1.3571591,0.84216124,0.40887618,-0.023158196,-0.69686943,-0.43483144,-1.0687318,0.707848,-0.2642961,-0.653777,0.050703645,1.5241812,-0.14676668,-0.091216065,-0.6804499,0.14189893,-0.2752129,-0.40522078,0.52460486,1.6690078,0.5337614,-0.9887465
P39019	-1.1873021,0.7564587,-1.6652534,-1.4980068,-0.5755895,-0.34854743,0.96581393,0.42020348,0.6424067,0.006791282,-0.81774515,1.1288962,-1.1704986,-0.45010528,-2.6255155,0.5313284,-0.5035269,-1.2352083,1.0178863,0.26011315,1.8947992,2.1545227,0.57601625,1.5330923,-0.509337,0.3732877,0.039848827,0.83700526,-2.6531026,-1.1378349,-0.79667836,-1.2407658,-0.3721275,-0.2897711,-0.6285206,0.68005025,0.6394496,-2.4702725,-1.4772308,2.061645,1.6333913,2.1688645,-1.9961889,-1.2402596,-0.54495275,-0.12399691,0.5666166,0.28355554,-1.1924264,0.54419506,-1.66959,-1.2871318,-0.6219101,1.4423312,-1.3198225,2.5512214,-0.59479946,-0.32490724,-0.21280308,-0.5154486,-0.051885784,-0.8454145,-0.32116038,0.3396135,-0.048475705,0.073110715,-0.18560511,1.1602283,-1.1693374,-0.105939314,0.35202244,-1.1612031,2.1481936,-0.6077279,0.1354709,0.14538783,-0.20456474,-0.5196726,1.0052197,-1.579441,1.1420876,-0.62762105,-1.7334138,-0.1052638,-0.17247261,-1.5841705,-0.034349374,0.58425176,-1.3853124,2.2344272,0.5603466,-2.3101149,1.1243527,-0.29787108,-0.12663732,0.14264676,1.1809863,1.7299049,-0.071981736,-0.39127952,-0.19854574,1.7135959,-1.296809,1.2282425,-0.29363114,0.15669674,0.64689475,-0.82833844,-1.9285932,-0.30708396,0.55896366,0.34821022,-1.2537005,1.2797737,2.6354482,-0.71221185,0.009523642,-0.90055746,-1.1950903,0.7046526,-0.9546906,-0.40141413,-1.24147,-0.9396242,0.8478195,-1.4391176,1.0039088,-0.14916337,-0.4191889,0.974254,0.50131446,-1.2763884,0.8554356,-0.58404225,1.7710408,1.4837811,1.5418904,-0.4045208,-0.6131707,0.9980758,-2.3162727,0.6627573,0.7582661,1.4306663,-0.76755184,0.5402245,0.10981341,-0.607734,0.8202693,0.46243572,0.2777162,-0.0303719,-0.8369123,-0.8818201,1.2980641,0.6363049,-0.39627478,2.0707715,0.60053664,0.084079154,-1.6080878,-0.7539306,1.6965156,-1.645933,0.66324085,-0.8232007,0.36390448,-0.42092833,3.0456958,0.5765347,1.9883064,-0.84784764,-0.7008246,-0.7367104,-0.8443549,0.23693763,-0.7710131,-0.65177155,-1.4000465,0.5924193,-0.06322398,0.09628267,-0.5567139,-0.08773011,-0.56694216,1.4951054,-0.31293452,-0.6907979,-0.11614371,1.5833758,0.26234055,-0.26653293,-0.8800052,0.06669033,0.23666726,-0.54123574,0.9459704,1.1108732,1.3892355,-0.7390239
P47914	-1.2975072,0.22926408,-0.79432905,-2.7595928,-0.043721944,-0.08918357,1.0159075,0.2778554,0.9578173,-0.6009499,-1.2226455,0.82719713,-1.4886183,-0.25924626,-2.319168,0.64479667,-1.1514498,-1.4314827,1.2561994,0.6932149,1.9315025,1.1900841,1.6106477,2.4399183,-0.36445794,0.1946154,0.18444797,0.8866896,-1.9466603,-1.6381934,-0.8186067,-0.16251308,0.47216466,0.03705918,-1.0490843,0.60600424,0.43415198,-1.9556175,-1.6489847,1.2690164,1.7329673,3.0249922,-2.3455436,-1.5112805,-0.9041039,-0.36752352,-0.2034836,0.13456959,-1.2169144,0.33426175,-2.0094955,-1.1723834,-0.5438684,0.9278491,-1.7308397,2.7581592,-0.23335917,0.0843079,-0.19046366,-0.31774762,-0.2581495,-1.2853103,-0.55340755,0.31388757,-0.22031209,-0.71674526,0.23763812,1.2609224,-0.45117742,-0.780678,1.0885102,-1.3127431,2.960942,0.3397775,-0.016018689,-0.43674496,-0.27281308,0.27841714,0.54420733,-0.9860023,0.9873815,-0.7276401,-2.3753967,0.2834471,0.086164914,-0.5635775,-0.51761717,0.894085,-0.7431386,1.788923,-0.09658278,-1.8847764,0.39496025,-0.91953695,-0.61303747,-0.05832973,0.57664233,1.469892,-0.95655376,-1.0020547,0.09501441,0.7680249,-1.4241542,0.6355333,0.3414651,0.39587367,1.3914106,-0.76688784,-1.4106569,-1.1011759,0.5985259,0.6151508,-1.3982567,1.4912724,2.1184492,-1.2860531,0.94258606,-0.9957086,-0.55814296,0.9236502,-0.3766178,0.85430866,-1.1453053,-1.1882151,0.6493532,-1.3605311,-0.014513079,0.007785337,-0.5502549,0.7984691,-0.3116596,-1.3849541,0.9802304,-0.41308278,2.2306333,1.4225835,1.6173844,-0.105083406,-0.34329423,0.91119,-2.037556,1.2325859,1.5018041,1.4686341,-0.94874036,0.57290876,-0.0063151387,-0.49091765,1.4387313,1.0024309,0.60442364,-0.3717175,-1.0123855,-1.7545627,1.4737772,0.6154007,-0.07533365,1.893782,0.0013372015,-0.5565656,-1.7172863,-2.114082,2.6113687,-2.0897021,0.45117992,-1.1942421,0.4712686,-0.97912616,3.5883725,1.6155998,1.8318154,-1.6222136,-0.5911878,-0.04913158,-0.30833653,-0.29155546,-1.2745878,-0.78025496,-1.4303379,0.122275345,-0.11762965,-0.060839735,-0.20266145,-0.02634745,-0.47450846,1.011797,-0.8855646,-1.0455639,-0.69353175,0.28504637,1.0950415,-0.15127279,0.023353664,0.77490026,0.30962014,-0.47533664,1.0808204,1.5649148,1.2006174,-1.3939321
P62841	-1.2299476,0.8784909,-0.70204604,-1.775089,-0.8500833,-0.32350513,0.66682404,0.36240512,0.7025693,-0.2889916,-0.80430204,1.048473,-0.80438226,0.37941474,-1.9454801,0.77901083,-0.74407357,-1.2377843,1.2707629,0.486833,2.3836055,1.5030442,1.0891532,2.6417928,0.28912592,0.32969022,-0.107472755,0.5978677,-2.3228278,-1.2642254,-1.9186641,-0.62021786,-0.053641718,0.30233005,-0.35468376,0.50709164,0.38614258,-3.0490088,-1.1625758,1.5352414,2.0213623,1.9313564,-2.4143558,-0.8949081,-0.4040627,-0.1010091,0.62317014,0.11877541,-0.17667928,0.62734926,-2.1488702,-0.8205324,-0.62661177,2.0696476,-1.307345,2.826727,-0.83377033,-0.5061528,0.54511136,-0.2569075,-1.012195,-1.4905274,-0.69525266,-0.03521759,0.2982852,0.11888152,0.102838926,1.0096446,-0.6871806,0.18290998,0.83642876,-1.0119342,2.307558,-0.12913214,-0.68501,-0.1701582,0.3906919,-0.7757109,0.3027623,-2.1109688,1.9127402,-1.1549805,-2.1188533,0.68621534,-0.1509504,-1.4837687,-0.2974112,0.091221444,-0.97781295,2.3585167,0.46137646,-1.708147,0.79186267,-0.52755535,0.08978568,-0.045784745,1.131505,1.1413846,0.0072920136,-1.0162356,-0.12501866,2.212076,-1.2504513,1.4322743,0.11943999,0.5108623,0.6818686,-1.4166214,-1.9096937,-0.36900887,1.0718572,0.45583174,-1.4106362,2.1342447,1.9658955,-1.5895331,0.19835177,-0.3745676,-0.20991954,0.8592827,-0.5596427,0.23347963,-0.89840305,-1.3106003,0.8282371,-2.0610764,0.4231611,-0.23531827,-0.05438601,0.7887914,0.1735611,-1.4906623,0.10732376,-0.553399,2.5459003,1.6543618,1.6087795,0.284153,-0.5107117,1.0671577,-2.0482383,-0.687118,1.0336484,1.6399844,-0.9340393,-0.27301458,0.3281789,-0.9840776,0.40190327,-0.13781811,-0.3283763,-0.45880222,-0.8535465,-0.9148194,0.74063575,0.90160185,0.19799736,2.2185855,-0.2786943,-0.74520564,-1.7190405,-1.2530828,2.6704693,-1.6054021,1.2473891,-1.0994343,-0.0057997126,-0.25414315,4.1190023,0.52841085,1.8448551,-1.3302743,-1.0000228,0.5512594,-1.0893945,0.5046806,-0.27553448,-0.5722575,-1.4080079,0.63131285,0.0669622,-1.0996273,-1.053426,-0.73132455,-0.878304,1.3591901,-0.3597377,-1.2586708,-0.250717,1.278574,0.12201147,-0.1973667,-0.86066675,0.16827117,-1.1926899,-0.35043508,0.833327,1.6519071,0.51000005,-0.81712925
Q02878	-1.6075972,0.7660743,-0.3006862,-1.8915397,-1.1187724,-0.16855349,0.9842913,0.14721373,1.0672652,-0.2569907,-0.8824008,1.056483,-0.75904375,-0.13778146,-1.6991904,0.6818188,-1.2010319,-0.6378268,0.73001736,0.07633468,1.7210876,0.7915831,1.2534013,2.3140886,-0.14378618,0.26543465,0.4603611,0.44534695,-2.582598,-1.6005738,-1.5330043,-0.5196865,0.01745106,0.032659564,-0.70276505,0.2728258,0.39901274,-2.1921551,-1.073287,1.2637827,2.6406906,1.9793737,-2.643778,-1.0474219,0.0040436406,-0.060204454,0.43490112,0.49429452,-0.8518244,0.54379237,-2.542187,-0.3999635,-0.96615875,1.2116116,-0.9578728,2.4417536,-0.8724927,0.10339127,-0.07099615,-0.25014636,-0.40857992,-0.96974945,-0.23857208,-0.3029851,-0.02319905,-0.17524092,0.5837359,0.67553955,-0.5321431,-0.40324908,1.1871104,-1.3318411,2.6471534,0.6668315,-0.46188778,0.021444969,0.009074243,-0.5192471,0.2578363,-1.7118802,2.0132556,-1.0470866,-2.4093003,0.7894628,0.29099387,-1.3335075,-0.691006,-0.020869795,-0.31616277,1.3463231,0.41560742,-1.808428,0.6220474,-0.11092031,0.13054432,0.15891734,0.901845,1.329133,-0.14944778,-1.1487491,0.16380815,1.3755286,-1.1027666,1.1885228,0.3017715,0.33779946,0.68373394,-1.6518284,-1.0895635,-0.1611821,1.5093782,0.87123317,-1.3895731,1.8320026,1.5154359,-1.4363214,0.5720842,-0.9967784,-0.6292289,0.98485255,-0.21665017,0.66005844,-1.7321118,-1.5480869,0.35788655,-1.487619,-0.32714137,0.0714856,0.44098645,1.0379571,-0.4711571,-1.2406024,0.0261324,-0.46347743,3.0542881,1.3641819,1.6745596,0.3706484,-1.1599863,0.81961656,-1.6653113,-0.6200021,0.8909366,1.8569623,-0.6741957,-0.016315723,0.006930655,-0.48990625,1.0897828,-0.7302243,0.20057073,-0.80281246,-0.7252291,-1.2675099,0.83051246,0.53583026,-0.16797546,2.1638885,0.02096725,-0.48250997,-2.1672084,-1.4627434,3.0894759,-1.727783,0.8840355,-0.60896724,-0.07314573,-0.0670151,4.2405224,0.6372691,1.8989758,-1.2543371,-0.6710338,0.10916033,-1.4007822,0.041074548,-0.70337534,0.069808915,-1.3351377,0.44080958,0.30941167,-0.80696744,-0.7277212,-0.6095911,-0.699145,0.9584565,-0.70032215,-0.638833,-0.16994189,1.1870325,-0.039942503,-0.40430692,-0.93292016,0.27308106,-1.2193183,-0.35603923,0.90247214,1.1444066,0.08091533,-1.1553404
Q9H9Y6	-0.20654505,0.88462704,0.3201077,-1.1582103,-1.4775945,-0.5268289,-1.474235,0.7081911,-0.007886653,0.07623503,-0.8549465,0.45748407,-2.1365316,0.41440046,-1.6811981,0.31184602,0.61558396,-1.5371277,0.13205902,0.70374966,1.6496302,0.79643124,0.399234,2.9955118,0.6345842,0.3161285,0.16526507,-0.48300484,-2.6068137,-0.93328154,-1.8460157,-1.5031967,-0.27905825,1.0023518,-0.73724216,-0.2605628,0.58906174,-3.031996,-1.7476047,-0.057828687,1.0237089,2.9764652,-2.1971612,-0.4408438,-0.77778715,0.4608135,0.8861031,0.47790477,1.3893026,0.7690995,-1.177167,-0.18947019,0.14021166,1.9524394,0.6336161,3.1654363,-1.7624444,-1.0663172,1.1710232,0.961724,-1.7677608,-0.6841254,-1.0575203,1.5912049,-0.71525776,-0.08481082,-0.4223853,-0.2043067,-0.7952195,-0.5379748,1.5346406,-0.3079822,2.2586606,-1.0345787,-0.49163768,-1.5568079,0.07297828,-0.7569828,0.23942292,-1.392204,1.8441528,-0.7504057,-2.1784945,0.37213054,-1.3777341,-1.4660976,-0.46425816,-0.3792203,0.13686362,1.9774507,-0.1045213,-0.7937981,-0.6109274,-0.088276155,-0.6319611,-1.0157453,1.7576773,0.23106198,0.4260594,-1.0265942,0.4795782,1.4721966,-0.79949677,0.18350868,0.6063798,1.1764725,-0.09155059,-0.42471695,-2.0414608,-0.7709961,0.28232342,0.8880037,-0.34282115,3.0001364,1.7394575,-2.0747912,1.377406,0.043565273,-0.031392846,-0.63061213,0.009404348,1.6136806,0.6792868,0.21969609,-0.68676627,-1.194266,0.34129485,-0.7565742,-0.59188426,-0.62650555,0.6074467,-1.8684454,0.4879091,-1.2888395,2.517174,1.8481029,2.257393,0.43269035,0.80312496,1.4970402,-0.81043565,0.44819093,0.7828599,1.234453,-0.8676264,0.14993633,0.23095855,-1.7760676,0.28847438,1.2551231,-0.6001822,-0.84194535,-0.55757517,-0.4442518,0.4250219,0.621052,0.9754114,2.6983125,-0.7489404,0.044576705,-1.4057317,-1.3334892,2.4787393,-2.0086036,1.3599683,-1.0749636,-0.85081726,-0.8766251,3.955872,0.622516,1.9218372,-2.0500772,-0.61880356,0.89003307,-1.1689705,0.7890992,0.8681179,-0.21660751,-1.0206469,0.3358904,-0.7899823,-0.8694091,-0.7887195,-2.172548,-1.0398331,-0.12176411,-1.8460562,-0.71844476,-0.7345079,0.8078411,-0.123633794,-0.50447637,-1.8046871,0.79014945,-0.6132829,-0.27913654,0.69844466,1.9778279,1.4062666,-0.7859874
P60953	-1.218045,0.012977129,-0.43280265,-0.56237674,0.57082576,2.2337873,1.5954115,1.2327042,-0.38945234,-0.9102451,0.27486303,0.2558099,-0.6077143,-0.4313386,-1.5499808,1.8975946,0.49902883,-1.5227954,0.4241151,0.0663021,-0.18739724,0.72885215,0.6864784,0.38907468,-0.77515554,0.827584,0.29532093,-0.4202648,-1.1577107,0.78798777,-0.38492322,-0.8049544,-1.1393667,0.27144724,0.6436644,1.1965414,0.32752204,-2.4739912,-1.9477788,0.53820187,0.7984005,0.21458708,-1.9511375,-0.66055346,0.5143915,-1.0385058,0.4657241,0.6656265,-2.5984843,0.12045976,-0.97214544,0.66889524,-1.8240722,1.0365179,0.02412822,-0.07398862,0.56959563,-0.26557204,0.04917528,-0.45997712,0.8328884,0.32639632,-1.2208902,0.3139331,-0.426914,-0.68446356,0.73534274,0.5882236,0.016041007,0.48581544,-0.49753755,-2.0897133,0.7580918,0.311447,-0.96826965,0.3717413,0.50500584,-1.3133259,0.10995015,0.059299424,0.9054768,-0.5694078,-1.0940512,-0.718112,-0.6470833,-0.47329962,0.24285984,-0.3646944,-0.54938257,0.073998235,-0.3644516,-1.3436297,2.5191777,0.9329872,0.23052798,0.10709984,1.4417337,0.32003534,0.34530511,-1.2803808,0.2182256,0.0062596174,-0.70245516,-0.5706735,-0.6866024,0.11279025,-0.3039791,-0.09547048,-0.33717105,-0.26665515,-0.31338063,0.32307646,-0.9898124,0.56659025,-0.20095065,-0.3071503,-0.30556792,-1.4039934,-1.3529067,-0.03820259,-0.5249389,-0.56199706,-1.0436274,-0.1871855,-0.21149883,0.74364203,0.13999169,0.47800478,-0.527524,0.92792845,0.60098505,-0.6082899,0.7126187,-0.32568628,0.8528342,-0.21821338,1.826461,-0.028099928,-1.5112771,-0.013835685,0.5622883,0.53325176,-0.014412443,-0.7671253,-0.46418613,0.9150729,1.157839,0.0133813815,-0.15208204,-0.6912583,0.5086029,-0.2458033,-1.0772656,-0.43166935,0.41389182,0.78709203,-0.76155704,1.9319072,0.58111274,0.9312505,-0.45280108,0.41526344,1.1701516,-1.3639499,0.4923879,-0.3083887,-0.24492139,-0.9776198,1.1440431,0.140817,1.3415011,-0.8733166,1.6140922,-0.1859698,-0.101993635,0.46447065,0.015509582,0.6065024,-1.6455076,-0.4667923,0.9460855,0.7330334,1.5529482,0.52980006,-0.12874645,2.0264802,0.32288042,-0.1444361,0.5781954,-0.6293022,0.25861976,-0.658019,-0.22875622,-0.7650565,0.61518306,-0.7463214,0.3258446,-0.44775578,-0.21427548,1.1536382
A6NGB9	-1.2112039,-1.1356456,1.4432704,-2.3467116,0.6627422,0.63033205,-1.1041428,1.4788711,0.50329274,-1.6160293,-0.6698223,0.66076463,-0.85062265,-0.23910499,-2.4603307,-0.014206802,0.063497715,-2.1092043,1.4126321,2.127617,1.3091909,-0.14086778,2.2119522,1.7676597,0.56571066,0.64193517,-0.9388641,-0.011244115,-2.4184573,-0.32671672,-0.64950275,0.2777688,-0.7305434,1.346959,0.27504435,0.5089994,-1.0335121,-4.5170903,-2.1787238,-0.77456903,0.106633835,3.9528632,-3.2486193,-0.4532299,-1.9145944,-0.025289906,0.41224408,0.51472116,-0.0920801,0.59722555,-0.5754057,-0.3022667,-1.6144601,2.4402838,-0.576245,1.3727456,0.35854214,-0.52275807,1.8669655,0.0048625935,-0.86745214,-1.2538265,-3.0156257,2.5254633,-0.8437408,-1.8425155,-1.675879,-1.2674264,1.2586141,0.36895958,-1.6041057,-0.58769006,2.2079062,0.32482585,-1.9023328,-1.3610711,1.2768918,0.3063547,0.6763332,-0.33746427,0.96459895,-0.97737575,-2.751502,0.3846919,0.89531726,-0.27452886,0.25821087,1.1455741,-0.42329568,3.0576663,-1.6388286,-2.4383647,1.4273732,-0.37389895,-1.8018962,-1.4476858,0.95910835,-0.7875711,-0.25559518,-0.81892234,0.8199294,0.1534206,-1.54719,-1.542986,0.18194582,0.022198621,1.4104053,0.9633997,-0.14589608,-2.305575,-1.5494285,0.90810925,0.3363653,1.9737134,0.27753055,-2.7478333,0.89825386,0.272597,0.13154528,-1.7240438,-0.776557,1.8373201,-0.16417421,-0.3426392,-0.3123111,-0.37008148,-0.07101773,-1.024771,-0.81019765,-2.162698,-0.06270018,-1.5424099,0.57623625,-1.0646653,0.1090364,2.227794,1.5976669,0.29476166,0.2979126,0.97127956,2.0049887,2.3482406,1.369643,0.01699056,-1.8105049,-0.29191577,1.3738827,-0.56226647,-0.042753194,1.8929844,0.3615283,-0.8528433,-2.2473958,-0.26483586,1.3823801,0.5031783,0.43631208,2.7533681,0.63112867,0.1847588,0.104484625,-0.557817,2.6795843,-1.6906503,2.999569,-1.1905316,0.10884054,-2.9054153,2.4914572,2.8777647,0.5133042,-1.8270836,-0.6170747,1.2682691,1.0746464,-1.6821381,1.7069523,-0.5536876,-2.8846033,-0.2773021,0.18140535,-0.32519314,1.3798773,-1.072891,-0.23323762,2.150393,-1.0593767,-0.47543734,-0.19421503,-1.9697794,1.294093,-0.62298995,1.1599315,1.2995372,-0.13359554,-1.1379063,0.7916661,-0.35272223,-0.055906903,1.1481609
O43516	-1.8631734,-0.6376761,1.2606647,-2.4626167,0.4617062,1.684351,-0.110066414,1.7097982,1.2713648,-1.3727411,0.11803383,0.9354095,-0.71273065,-0.73018616,-2.120282,0.33353594,0.21788493,-2.2249186,0.51223284,1.2914127,1.5332319,0.41210493,2.6626477,1.7354429,0.89806926,0.23929232,-0.96524036,0.05911617,-1.4654617,-1.6591905,0.0026456441,0.2815035,-0.7958498,1.6454328,0.13943721,0.27742574,-1.2512311,-3.568686,-1.945831,0.15699874,-0.008863997,3.1572313,-2.0351121,-0.9896368,-1.1957902,-0.738225,-0.20016542,0.7046047,-0.5098548,-0.85634047,-0.28531057,-0.23199409,-1.1012547,1.8092147,-0.8169511,2.2094364,0.75977767,-0.5354952,1.2610492,0.47365177,-0.3078725,-1.2053181,-2.2018726,1.6602725,-0.35184535,-1.6691483,-1.4078864,-1.5277809,0.18426718,0.16957937,-1.0734948,-1.2536187,1.2618324,1.6287423,-1.5330356,-1.5491985,1.8649111,0.47430912,0.4755201,0.17438695,0.78849036,-1.1007731,-2.3409095,0.5320933,0.75733477,0.73112637,0.85686374,1.1480058,-0.39515612,1.647935,-2.125698,-2.299452,1.5854923,-0.33543143,-1.6197804,-1.5221976,1.9498925,0.26730242,-0.6130129,-1.3028078,0.5049766,-0.20417666,-1.1094291,-1.325684,-0.055848304,0.31580377,1.1723706,0.0040710308,-0.7098913,-2.0518186,-0.8072237,1.0129117,0.22054352,1.8305631,-0.81517786,-1.2550737,-0.12559275,-0.9774323,0.35796386,-1.1974205,-0.20607601,1.0705051,0.31859607,-0.60930455,0.44880053,0.3489348,-0.58919024,-1.3114656,-1.1674736,-1.2787867,-0.08639501,-1.7073437,0.38158223,-1.6624264,0.17069106,1.734033,0.6711359,0.2649973,0.258803,1.1580266,1.3131309,1.9569368,0.33012125,-0.25445628,-1.6535146,-0.52423394,0.50384796,-0.5911333,0.3559643,1.4151759,0.18772277,-0.96248215,-2.02389,-0.6340557,1.8144428,1.0515007,-0.4621958,2.310579,0.47179383,-0.09067971,-0.306447,-0.6032006,2.5519211,-1.172354,1.4743737,-1.9524058,0.2763061,-2.3611088,2.1101494,3.0298698,0.73120666,-1.8226948,0.06762269,-0.17195766,0.33623472,-2.295867,1.4646958,-0.13328065,-2.4908073,-1.0208782,0.10538694,-0.010352982,0.8540572,-0.41737854,-0.6281693,2.3726454,-0.48969766,-0.4235508,-0.13158557,-2.2335045,1.6329021,-0.9705293,1.0089339,1.3735815,0.4480421,-1.3674197,0.5492046,0.2045783,0.39458677,0.7897319
Q13472	-0.29266664,-0.6862599,0.33925498,-1.0916939,-1.4332329,-0.9861156,-1.3592526,0.64279383,1.4137276,-0.09820536,-0.69819146,1.0899714,-1.0196142,0.12012868,-1.3236852,-0.375803,0.15050511,-1.6374727,1.4184763,0.8155544,-0.17640226,-0.4106573,0.023620725,1.6137975,0.5234902,-0.25228196,0.50749815,-1.3218665,-1.7564579,-0.8690361,-0.94357604,-1.1768017,0.12700273,0.33142394,0.114184245,-0.8062805,0.49919188,-2.8904667,-1.6658943,-0.22541621,1.0199536,3.3310914,-3.6839976,-0.5951219,-0.6254049,0.8448433,0.9265782,-0.7399533,1.8099027,0.8345781,-1.0883994,0.60372907,0.32021016,2.4108028,1.6147891,1.8450475,-1.5334101,-0.7688021,1.8852202,1.0990045,-1.3468102,0.25682166,-1.4856163,1.8617408,-0.7053263,-0.62820876,-0.15290341,-1.362477,0.10953799,0.5133874,0.39593235,-0.55985194,1.9152914,0.31389713,-2.0783803,-2.5709505,0.5126964,-0.11766073,-0.40889236,-0.934264,2.5104978,0.5069984,-2.0544198,0.08155561,-1.0781378,-1.1052113,-0.84197336,-0.48576555,0.84756356,2.1312132,1.0534965,-1.4058702,-0.282579,-0.52440566,0.08867166,0.49441183,1.1058807,-0.7614879,0.40800637,-0.34341344,1.0805184,0.7991831,0.026509622,0.1076624,-0.4417131,0.34352678,-0.58501816,-1.2021527,-1.7908715,-0.53640544,-0.17305283,1.1458446,0.39133137,3.1067789,1.0414032,-1.317416,1.7923514,-0.6603816,-0.23011163,-0.6911904,-0.9292277,1.9732045,-0.98478556,0.43329865,-0.89133185,-0.55295676,-0.84741396,0.036610954,1.24241,-1.4209051,-0.60485905,-1.1437521,0.76413476,-1.9287025,2.0680635,2.750363,1.2619286,0.2308388,1.1262254,1.3779237,0.24437326,0.6561172,0.8720205,1.4498117,-0.41471013,0.22270061,0.3344952,-0.45096117,-0.28643975,0.48889393,0.43087068,0.24221359,-0.78830266,-0.48283523,0.91933674,0.7539249,0.29369834,2.2792525,-0.34605154,0.7360487,-0.95027643,-0.42030787,1.9827075,-2.1822438,1.4240813,-0.8566169,-1.2123039,-1.6211216,3.3900352,1.2349818,0.79467434,-1.8620415,-0.6948644,1.3430489,-0.78577703,-0.32262936,0.33362615,-0.133212,-1.1678778,-0.39313194,0.5413548,-0.37663072,-0.69240195,-2.793838,-0.5841724,0.14869356,-2.03991,1.4896609,-0.8826534,-0.5019002,0.49271694,0.28868175,-1.3333488,1.0595564,-1.4230989,-0.9507457,0.51131016,1.2171973,0.09566582,-0.35882026
Q9P0J6	-0.83992195,1.1071436,0.69895124,-2.1615834,-0.64976925,-0.72116625,-0.13557526,0.1082652,0.54754716,0.837918,-0.9599242,0.55008537,-0.9674883,0.18653631,-1.2467805,0.35306925,-0.31889516,-1.2639709,0.6770123,-0.015695928,2.7001436,0.25777185,1.294396,2.3153453,1.0000427,0.0033587676,-0.013003819,-0.4231775,-2.0157273,-2.1280792,-1.806876,-1.2389985,-0.92891794,0.56925607,-0.44931543,0.30498257,0.66412765,-3.232313,-1.2429767,1.37737,1.8179363,3.747167,-0.50903046,-1.694643,0.041306797,-0.5759213,0.019930087,-0.632192,1.444092,-0.605485,-1.6695101,-0.71092474,-0.9798296,1.160789,-1.1082691,2.776614,-0.47314268,-1.8014281,-0.115928136,0.40022978,-1.0183632,-1.858883,-1.1111518,-0.16826475,0.42024508,0.15200536,0.29715595,0.5871226,-0.97912747,0.04343644,1.9428818,0.17184041,2.99954,-0.16556266,-0.80853266,-0.103421435,0.87941617,-0.013308607,0.2951799,-1.7951702,1.8928981,-1.7525313,-1.054107,0.518643,-1.3520337,-1.1412214,-0.0434938,1.2833622,-0.20178616,1.3745071,0.23042378,-1.0462605,-1.2454263,0.16794685,-0.4166516,-0.50354713,2.6502256,2.1127098,0.33760262,-1.6183094,-1.056858,0.8694106,-0.48550344,1.3991606,-0.42496425,0.70424557,-0.3140897,-1.4668895,-1.7691185,-0.71387595,1.2439704,0.7622897,0.338292,1.890561,1.1128404,-1.9371352,0.4995463,-1.08731,-0.2011718,0.748385,-0.3553381,0.98807955,-0.38799593,-1.3571953,0.74339515,-1.7839539,-0.41111913,-1.208473,0.076911695,1.318746,1.1331674,-1.6967903,0.37078908,-1.7471473,1.6194186,2.0118148,1.6664021,0.007560079,2.378619,1.4448036,-1.964655,-0.11054157,0.33999243,0.45016128,-1.3519115,-0.19825737,0.35508007,-2.2421384,0.509696,0.8724151,0.05491186,-0.8182188,-1.7276694,-1.8041333,1.6402329,1.425585,0.6305794,2.389376,-0.7156116,0.17482641,-1.5860904,-2.5761304,2.2466013,-1.8664289,1.4172016,-1.2643907,0.39283255,-0.43602362,3.190328,0.191383,2.0974498,-1.9606059,-0.16058564,-0.62801397,-1.6669489,-1.109804,-0.08360564,0.66644126,-1.7857819,-0.35181278,-0.25875905,-1.733825,-1.2693492,-1.0103556,-1.0027522,1.1767281,-1.2568331,-0.6914468,-0.6023113,1.6718339,0.3078138,-0.6179483,-0.8112987,0.6415421,-0.67934066,-1.337163,1.0167212,2.0781085,0.021989305,-1.8605516
P60059	-1.1153531,-0.04165048,0.7919028,-2.7628317,0.34653565,1.4938846,2.019088,0.5316122,0.1462723,0.11308017,0.30763546,-0.91885734,0.593314,-0.5206663,-0.14388928,1.6276075,-2.6525958,-0.8999923,1.3355337,0.518393,-0.36530554,-0.32196277,1.9870073,1.3291795,0.4947372,0.6761753,0.33232164,-0.7672346,-2.028007,-0.35996923,-1.9394025,0.3987257,-0.41004393,-0.034887213,-0.84284353,2.2703035,0.03762889,-2.6365771,-0.9552733,0.4098614,1.9858749,1.8177973,-1.9712796,-1.9997542,0.8844946,-1.3744808,-1.1177462,-0.63373846,-3.4382854,0.72077143,-4.063731,-0.87492365,-2.3178313,1.0760493,-1.4693211,0.5327725,1.2742952,-1.3638116,-1.6598223,-1.2204174,-0.24437706,-2.4588196,0.35701427,-0.71210814,-0.908176,-1.2723889,3.679386,1.8812824,1.4679513,-0.52297395,1.347004,-2.4249823,3.1859593,1.4985048,-2.0191123,0.47440463,2.0847113,0.8005776,-0.18823048,-0.94761,2.668514,-0.8211712,-1.3270618,0.09198531,0.14230324,0.81317866,-0.112067245,-1.6858357,0.22143763,0.2754619,0.9544131,-2.088475,1.6222689,0.14718837,-0.20701462,0.34334737,1.2267472,1.4259077,0.019670729,-3.1376483,0.014718459,0.6689723,0.4213541,-1.128863,-0.54943514,-0.1294906,0.33326277,-0.04898013,-0.40722528,-0.5102176,0.40092734,0.56205374,-1.6474259,2.062868,0.35160142,-2.0874124,1.0400133,-2.4508972,0.28382963,0.98325044,-0.94328505,0.7553627,-2.5505521,-1.9143728,-0.45751762,-1.0836112,0.14372078,1.4168346,0.9648435,2.2850366,-0.14104651,-0.5813522,0.17421171,-1.3030021,3.5526652,0.62405777,1.3139759,0.30157164,0.38708866,-0.46840099,-1.2074909,-0.29317093,0.9153107,-0.13936494,-0.018850217,-0.28109646,0.71846193,-0.6334121,-0.37903124,-0.46346173,0.26316977,-1.8492749,-1.34487,-2.8361528,0.3417385,1.616187,-0.6344145,2.6108816,-0.8999078,-0.08250013,-2.2568378,-1.884248,1.7174207,-2.7506459,0.60451216,-1.7245296,2.091617,-0.55398595,4.050997,0.9052087,1.956289,-1.5682133,2.1625602,1.5530589,-0.27423048,0.1567794,-1.2216587,1.7371223,-1.9140521,-0.60986054,0.27315307,-1.6402166,1.5093006,0.06986866,0.084867924,1.275122,0.5945199,-0.44546324,0.42208537,-0.8585382,0.6514994,-1.7690752,2.2563071,-0.2839608,0.8117606,-0.33293498,0.7956863,0.17442174,-2.067787,0.022597047
Q92979	-0.27458864,0.41422686,0.1427636,-2.2827275,0.17381051,-1.2156225,-1.3632364,-0.19762316,1.3573513,-0.24350666,-1.3371893,0.15870227,-0.7629965,-0.5115785,-1.9799567,-0.07071657,-0.607856,-2.237729,1.081097,0.7534036,2.0093155,0.49745464,1.6312214,2.6950526,1.5044596,0.5446929,-0.6254853,-0.43913987,-2.1659877,-1.4049089,-1.739503,-1.2698578,-1.8748113,0.8193629,-0.13327183,0.76494724,-0.313833,-3.3082786,-1.546569,0.74305844,0.5928789,4.3020477,-1.0366273,-0.54016817,-0.9293773,0.13142662,0.49645418,0.13832915,1.5822893,0.341825,-0.8163292,-0.58686775,-0.37401098,1.8812939,-1.3329824,1.9356554,-1.1659735,-1.5814886,0.20647083,-0.4138484,-1.9554133,-1.2866088,-1.6189085,1.5701063,0.0557545,0.17551206,-0.41330016,-0.3882866,0.129695,0.8427011,-0.2143052,0.37804767,2.4687984,-0.49027294,-1.3886036,-1.5787562,0.8179482,0.61895627,1.170823,-1.3038424,1.5699551,-0.62972414,-2.0844593,1.1536622,-0.41114002,-2.4921565,-0.47243914,0.61140186,-1.5302075,3.2016816,0.29322904,-1.3163491,-0.39956993,-0.10828025,-1.4815109,-0.7557063,1.4592402,0.51297873,1.3269298,-1.2679937,-0.65205556,1.5269381,-0.9197684,0.83983743,-0.37367785,0.3530011,0.19944355,0.09885346,-1.4172599,-1.5788339,0.0629826,0.9648663,0.6748238,2.4596362,1.9292294,-2.5276377,0.09141532,0.79306847,-0.26548386,-0.9190728,-0.48396775,1.7513226,-0.36547145,-0.34320965,0.45900986,-2.023022,0.16692996,-1.6417317,0.34661025,-0.27356654,0.6927544,-2.0798726,1.0287548,-1.8192868,0.97117037,2.309801,1.5697811,-0.075746894,2.1130152,1.1733721,-0.91438895,1.0464406,0.88931966,0.67440206,-1.0645702,-0.629957,0.26303962,-1.5880355,0.99867684,1.1002839,-0.029543616,-0.22416191,-2.0377312,0.50537974,1.7146684,0.6191739,1.1428732,2.2538335,-0.0094826585,-0.057121206,-0.47069716,-1.3479365,1.4040915,-2.1587358,1.9976497,-0.8101121,-0.15930843,-1.6730651,4.0954013,1.2416267,1.2921528,-1.369654,-1.0371342,0.37867796,-1.3219537,-1.2587847,0.55536896,-0.48040542,-1.8200198,-0.12378484,0.47223413,-0.8479064,-0.75240713,-1.4575619,-0.3108295,1.5282944,-1.8613088,-0.9465438,0.15795046,0.7550792,0.7264031,-0.69055474,-0.42641813,0.7471854,-0.67074966,-0.8045048,1.2539207,1.9387141,0.8736739,-0.6576433
P78316	-0.19295411,-0.27275127,-0.039263744,-2.0667865,-0.6445999,-0.96131265,0.39566875,0.29810625,0.19969776,0.07598764,-1.467639,-0.38080335,-1.2263834,-0.2953911,-2.4441493,-0.7796995,-0.7644336,-2.5531046,1.4357737,0.99721867,1.8853508,1.0822235,1.1026953,3.2122555,1.3388005,-0.023136958,-0.7612457,0.027913643,-1.8673412,-1.888583,-1.9898298,-0.5698938,-0.7363074,0.5046506,-0.052011516,1.1815972,0.07095099,-3.6627274,-0.880934,0.585144,0.83201855,3.791592,-1.465874,-1.0341666,-1.0937524,0.6909295,1.2547143,-0.31560752,1.9307212,0.44999197,-1.8459303,-1.5173637,-0.8550122,2.5033464,-1.7864771,1.6332512,-0.2372815,-2.028512,0.779111,0.09975622,-2.9440193,-1.2532673,-0.7808725,1.4198586,-0.21812895,-0.017239444,-1.2101635,0.29707825,-0.2510847,0.7807374,-0.03247506,0.23865798,2.21356,-0.9621471,-0.55998665,-1.1226633,1.1449537,-0.25046667,0.84898126,-1.6149553,1.9168453,-0.63389856,-0.5670937,0.6473522,-0.94829154,-1.1952707,0.049746763,1.5434749,-0.16125375,3.768962,-0.28070918,-2.148867,-0.3110568,-1.2229438,-1.2304949,-0.31674004,2.4309914,0.4358505,1.156793,-1.4921167,0.313003,1.6354516,-0.44665682,0.1383827,-0.93574977,0.54500777,0.4576382,0.40523475,-1.7483435,-2.0230591,-0.48644167,0.77031267,-0.16145186,2.9254375,1.6730351,-2.6701534,0.4839158,0.24252827,-0.6381216,0.26574853,-0.894678,0.93203825,-0.029731458,-0.5149643,1.9703299,-1.1469967,0.9889455,-1.2544624,0.3556387,0.5407285,0.5904756,-1.9140911,0.40771216,-2.1416726,0.98003256,2.9976869,1.3373972,-0.7336108,2.5162134,1.2668612,-2.0176847,0.5162466,0.577611,1.8070023,-1.7975409,-0.4579173,0.8395228,-1.5296723,0.13547976,1.5361602,-0.24975197,0.7227204,-2.1381114,-0.36220458,1.2576674,0.7515617,0.08925013,1.70237,-1.1327002,-0.96712875,-0.45667422,-2.062116,1.0559092,-1.8053039,2.34118,-1.9290801,0.7367081,-0.745535,3.2762969,0.84501463,1.5169871,-1.5024467,-1.5277972,-0.16850139,-0.16053505,-1.5802156,1.0916445,0.08625828,-1.6103021,-0.19835757,0.3509236,-1.3472532,-1.1126893,-1.1440804,0.32446796,1.6718478,-0.72034144,-0.62620944,-0.92329895,1.2840148,1.3638424,-0.33492348,-0.98847723,0.41878802,-0.29856762,-0.16253966,0.69534844,1.5123066,0.8482146,-0.16553098
P68104	-1.8598717,0.6116818,0.094619155,-1.4505056,-0.5851633,0.36342797,0.75002015,0.23448776,0.7234338,0.19106556,-0.7809413,0.6242208,-0.86926454,-0.296977,-1.8914226,0.93649966,0.2353098,-2.0128632,1.681472,0.43769112,0.90649956,0.33264157,1.1181043,2.157122,-0.49349567,0.107154496,0.6644585,0.5659965,-1.223401,-0.51514906,-0.59819025,-0.62955457,-0.26135346,-0.51767063,-0.47445694,0.0672716,0.21580234,-2.490418,-1.8453496,1.5997587,1.0320498,2.1965113,-1.7358656,-0.1286784,0.04142944,-0.4546354,0.6814908,0.34180868,-1.1887527,-0.81322074,-1.6557083,0.40833464,-1.100123,0.4564262,-0.95938003,1.3355987,-0.12884665,-0.20179605,0.21341693,-0.3671165,0.23594657,-0.1912482,-1.2827098,0.2446492,-0.035966072,-0.61443716,0.35263938,-0.43914515,-0.4955574,-0.17405573,1.1784014,-1.5305071,2.695336,0.38751352,-0.764826,-0.486725,0.1557768,-0.7842321,0.34752813,-0.3759208,1.938144,-0.52408147,-1.2691416,-0.27791494,-0.6131,-0.7072421,-0.51799625,0.8650362,-0.48829538,0.7882738,-0.09582068,-1.8810976,0.38953876,0.33978,1.0066746,-0.66341263,1.0330197,-0.025577143,-1.044076,-0.80034566,0.53484714,0.6435651,-0.74252385,0.1449829,-0.99263984,-0.4093323,0.45703912,-0.3940691,-0.97608024,-0.4093975,-0.34986278,0.08140564,-1.0126585,0.8922119,1.8187696,-0.97119975,0.7242149,-1.0667688,-0.4441334,0.5426305,0.1565966,0.9034779,-1.6258156,-0.12225041,-1.0260398,0.20748527,-1.0512717,-0.51747084,0.09070375,0.8648197,0.202283,-0.489456,0.98380655,-0.8517355,1.3553221,1.6146055,2.3671854,0.06578397,0.2599666,1.0903615,-1.3582699,1.0632762,-0.14305437,0.7605826,-0.8164403,1.0597898,0.048453886,0.08771608,1.7171632,0.50887793,1.6001407,-0.0031545951,-2.0194902,-0.41143206,1.9811578,0.45434263,-0.25878713,1.8430533,-0.014918521,-0.88644767,-1.7384969,-0.6629048,1.9286394,-1.8465463,0.45569745,-0.7236355,-0.27506882,-0.4607791,2.70218,0.7012936,1.8064474,-0.22957554,0.5308594,-0.44429326,-1.1661867,-1.021283,-0.3970669,0.55380756,-2.059836,-0.06613521,0.12312463,0.122463845,0.13700269,-0.2841532,-0.6081305,1.8689709,-1.2427262,0.10846129,-0.19340517,0.9585692,1.767024,0.022270285,-1.438771,-0.38078263,-0.5588691,-1.1237712,0.48502553,0.61412954,0.90010476,-0.29932195
O75396	-2.6849017,1.1476347,0.399594,-0.8896665,-0.43265796,2.602673,1.9737166,0.80296844,0.24956518,-0.54103786,1.2595118,0.7320057,0.098319076,-0.6010317,-0.1571303,2.144607,-0.21406762,-0.60925615,0.3725929,-0.22304384,0.1006241,0.72950596,0.8740873,-0.15189658,0.36491826,0.7908421,0.19778189,-1.3854058,-2.707656,-2.0128696,-0.33962336,-0.57865065,-1.0003517,1.0308357,-0.25534183,0.07569044,0.39464828,-2.697941,-2.0623467,0.8607099,1.331694,2.253623,-1.4978782,-1.5095366,1.4480077,-1.4597132,0.16731873,0.2476279,-3.277972,-0.6830044,-1.8250204,1.3081399,-2.4132092,0.9268708,0.26870316,1.7422771,-0.03907922,-0.79702705,-0.30917266,0.75102156,0.4537868,-0.94110256,-0.812384,0.30844334,0.3246886,-0.6361171,1.989303,-0.6202656,0.33474544,-0.0394587,1.4805218,-1.8429987,1.8046005,2.147905,-2.1009626,-1.3636714,1.4942743,-0.9776872,0.041485213,-0.14734772,1.5132107,-2.100651,-1.8344107,-0.1802404,-0.095752895,-0.33543935,0.5861757,-1.7468373,1.4445688,-0.7849855,-0.4636089,-1.8160924,0.9052489,2.2163968,0.5753399,0.055434782,2.574366,1.8462131,0.9035902,-1.5278444,0.06612006,0.07027893,0.90917635,0.5283609,-0.3625213,-0.941307,-0.77467483,-1.3774465,-0.27509153,1.6479608,1.3229287,1.3288325,-1.746055,1.9786025,-2.1303725,-0.7447712,-0.9366364,-3.3517725,-0.56344855,-0.26063094,-0.578069,0.548928,-1.2858542,-0.6903365,-1.4333602,-0.21903723,-1.0927817,0.45502183,0.89578116,1.3501332,0.18785645,-1.7329813,0.110953316,-1.7075622,2.3316393,0.685921,1.9821093,0.12644956,-0.4148331,-0.32853636,0.10313329,-0.9386847,-1.50587,-0.44629616,1.3436279,-1.0822451,-0.53559,-1.514358,-1.2016351,-1.7807082,0.09648133,-1.6187085,-0.5944718,-0.19013114,0.06638754,1.6488991,-0.3054142,2.9611096,1.2758406,0.8544508,-2.4344568,-0.625823,2.8320827,-1.4483505,0.4458238,-0.7418436,-0.50424623,0.21339683,3.1828258,0.00031801223,2.3258553,-1.3706152,2.3199296,-0.90584266,-2.3589303,-0.034478616,1.1398474,2.511028,-2.0166388,-0.3980607,1.1465818,-1.518503,1.3367172,-1.420208,-1.0250106,2.1830733,-0.686966,0.72764343,1.9636418,-0.29427022,0.12693626,-2.647249,-0.2550509,0.74616563,-0.9171748,-2.0140135,-0.60477614,0.29686862,-1.4394037,-0.06335349
Q9Y3D8	0.44796553,-1.7374831,1.2477293,-2.0937324,-0.21878752,0.59810984,-0.6441163,0.7121088,1.8490005,-0.57368207,-1.0812985,-0.8399233,-0.3921556,0.37819922,-0.83473516,1.7253364,-1.1117239,-2.5103078,2.658216,1.8896564,0.33665404,-1.6568019,1.5514253,1.4434319,0.67679,0.008611249,0.27224985,-2.2048326,-0.66702056,0.95736575,-1.8350905,-0.87234837,-1.0351416,-0.20002921,0.05780755,1.6483203,0.40151426,-2.87533,-1.3242831,-2.4611034,0.7934708,1.8234469,-2.1144755,-0.71435875,-0.3219808,0.08990727,-0.0013732546,-0.1620467,0.9029874,0.7751298,-2.3186707,0.20835988,0.21837874,2.414471,-0.48043534,-1.022218,0.21473667,-1.1672899,0.61609054,-0.20155533,-0.74698853,0.28797776,-1.2455758,0.754485,-0.5129717,-0.8540836,1.7059752,0.5471495,0.9527592,1.1228884,0.4045996,-1.1246651,2.4474554,1.2038691,-2.546682,0.40912187,1.4189674,-0.884767,-0.93032527,-0.098259084,2.6157136,0.024327513,-1.8163433,0.0762853,-0.5865214,-0.21721262,-1.1104873,-1.4328499,-0.13844521,1.0302564,1.1287675,-1.5708675,1.3979686,-0.75422966,0.78979355,0.85831887,0.810057,-0.16059741,1.2100042,-2.2284303,0.05318748,0.4937699,0.11823697,0.35140625,-0.22476496,0.26341558,-0.58638537,-0.30558762,-1.0235455,-2.468713,1.0056214,1.1142901,-0.21884501,2.3067932,1.2656145,-2.1660235,2.1032321,-0.9010381,0.17217997,-0.18300892,-0.97218394,0.9563405,-2.5823424,-0.7464511,0.08284128,-0.8406642,-0.94806147,1.0846039,1.084123,-0.10217419,-0.5600432,-0.7446584,0.47932756,-1.1936047,1.8032558,0.9069376,1.9857129,0.054425042,0.7893622,0.76511693,0.96647877,-0.42797947,1.2705519,-0.3386422,-0.6018905,1.237241,1.3236334,-0.25992998,0.75110596,-0.5588974,0.5362865,0.45085874,-1.5509572,-0.9311666,0.17373678,0.38716516,1.0357506,2.1632288,-0.76317286,0.19184235,0.23676047,-0.91997176,0.14026646,-3.3235652,1.6076998,0.32344186,-0.41475266,-1.7060703,4.0840387,1.4449589,0.9803132,-2.2245283,0.7168516,1.7267735,-0.5740177,-0.5677266,-0.4296911,-0.38730404,-2.0930848,-1.4470518,0.77137804,0.37480828,0.8699275,-0.57015526,-0.8216403,0.750065,-0.4538707,0.18339957,-1.3615748,-1.4638098,1.3543407,1.4069365,1.1122757,0.4917758,-1.011882,0.63703597,1.1114318,0.56605256,-0.45457086,-0.03498381
P01106	-0.31999472,0.22691223,-2.2717464,-0.20323786,-0.63267416,-0.3074259,0.97493565,0.41366777,0.96448064,-0.46033746,-0.6798862,0.5277377,-0.93724257,-1.0536852,-2.2679071,0.55277425,0.07852989,-0.59831417,0.17700478,-0.83271563,0.28742346,1.6537089,-1.0327207,-0.97627294,-1.3242439,0.024996731,0.8178579,-0.49984616,-4.0403423,0.48041946,0.58264166,-1.9831098,-0.3439929,-0.88542056,-0.12521797,-0.020071745,1.4004225,-1.9405394,-1.2104237,0.32621866,1.3908879,1.2246276,-2.626997,-0.60765976,0.05802249,-0.07671043,0.7898807,-0.002020707,-1.8083575,1.7044687,-0.5679069,0.42128712,-0.62012124,0.585086,1.372596,1.4509904,-1.509518,0.5671541,-0.28869995,-0.23453422,-0.19384548,0.43448222,0.26858425,1.1439027,-0.040317837,0.27064145,0.7742574,0.4911447,-0.45115066,0.6400653,0.01676347,-1.7349054,1.496386,-0.5488193,-0.11433203,-1.1605395,-1.1408288,-1.090745,0.97551817,-0.27365717,-0.07213988,0.24346554,-2.8926888,-0.03410212,0.014165891,-1.9721782,-0.4161144,-1.9099605,-0.80954814,1.5564163,1.1334279,-1.4044743,1.1516532,1.1512252,-0.58405584,0.65291137,0.4490784,1.0432565,1.0271156,-0.48694187,-0.7319737,1.1329556,-1.2565029,0.66603863,0.60275847,0.1072412,-0.47892335,-0.3399879,-1.2543875,0.4355592,0.17856757,0.9436844,-0.17971325,0.9948518,2.0380883,0.22313024,-0.47431546,-0.39463472,-1.962466,-0.3641413,-1.3343625,-0.10499428,-2.6221519,-0.3124406,-0.73382854,0.22601196,0.6814968,0.8562487,-0.77335984,0.05881577,-0.40737283,-1.144536,1.664194,-0.17184272,2.3353825,0.16500756,1.9301258,0.8989196,-1.5716894,0.8653531,-0.124454774,0.2751991,0.9132502,0.48789343,0.87364227,0.68690634,0.6314662,0.21052866,0.12674814,-1.1929786,0.024560362,0.49249774,0.43705514,0.44943723,-0.6795443,0.36564597,-0.34737447,1.378328,1.9700677,0.9750956,-1.4818801,1.0194296,0.9259306,-1.1111397,-0.2595356,0.078521244,-1.2879348,-0.8812193,2.143253,-0.008428094,0.71649134,-1.196756,-0.9921941,-0.5215614,-0.008407571,2.410261,-1.2600178,-0.6030891,-0.6969984,1.361618,0.13730021,1.1107955,0.41551793,-1.8516467,-0.2696144,-0.3850893,-0.7430584,0.7647241,0.7384189,0.41825637,-0.5265728,-0.5282817,-0.5337603,0.44497392,-0.22750114,-1.419272,0.5898531,0.83726275,-0.761758,-0.1676679
P38936	-0.57287157,0.6843902,-1.1450589,-0.5046947,-0.25212982,-0.33596522,-0.06446998,0.80017334,0.21081924,-0.449913,0.16818507,-0.034678314,-0.9886405,-0.029120818,-1.8990705,1.6556726,0.49410093,-1.4995925,0.11841912,-0.266475,-0.6285108,0.65757847,-0.15289141,-0.07777897,-0.7537262,0.40916494,-0.04306988,-0.49930286,-2.8688166,1.1345096,-0.5627013,-1.4704834,-1.7290549,0.252577,0.9999126,0.54620796,0.8966813,-2.473758,-2.1356595,-0.31455788,0.36915037,0.5956624,-2.3288546,-0.2800075,0.3770833,-0.18587291,0.17199786,0.77904505,-1.2961237,0.79032713,0.5942483,0.7412214,-1.2086846,0.9496422,0.5775952,0.92993855,-0.8564257,-0.28062236,0.42012647,-0.3407228,-0.26513857,0.512475,-0.6398179,1.6240563,0.47269338,-0.10930513,0.40511242,0.7413392,-0.5680259,1.801387,-0.9759349,-1.012569,0.75866914,-0.50149035,-0.87388617,-0.91069126,-0.48894677,-1.1460307,0.8414039,0.57421505,-0.30573222,-0.5243857,-1.9071811,0.32941288,-1.0439075,-1.741828,-0.89911896,-1.6940837,-1.8770988,1.4158027,0.08495832,-0.937786,1.9368709,1.3822589,-0.5164332,0.32933357,0.9995907,1.1809497,1.4667372,-0.6704789,-0.9714097,1.2110672,-1.3893764,-0.54904974,0.18716653,0.39676362,-0.117160864,-0.2922199,-0.4973234,-0.68852794,-0.43351242,0.751426,-0.57333595,0.5642144,1.6509326,-0.31154034,-0.7892045,0.30543956,-1.7809794,-1.0875049,-0.8655903,-0.046248287,-2.2767854,0.036957774,-0.30029452,0.83442557,1.0505922,0.21078934,-1.9769645,-0.58303493,0.43915552,-1.5769874,1.1706868,0.28750744,0.9248149,0.05169331,1.9289346,0.6825967,-1.8939879,1.0778117,1.1505526,0.72009236,0.46975917,0.44362766,0.08191127,1.0610126,0.5394054,0.0064442377,-0.072393425,-0.6299235,-0.7171075,0.91060424,-0.60160124,1.0788631,-0.21818164,0.159044,0.7048545,1.367981,1.6066184,1.2856028,-0.4858721,0.08558501,0.9206479,-0.58282113,0.82922244,0.6465648,-1.0474788,-1.8535134,1.5022503,0.6504845,1.049692,-0.767021,-0.4158844,-0.73936397,-0.21480246,1.3665231,0.4751678,-0.850706,-1.2507375,0.75129336,0.5634364,0.94015217,0.7725266,-1.2398852,-0.1254559,0.23027858,-0.07021493,-0.3867608,0.9071957,-0.18056694,-0.6490361,-0.22819498,-0.6700266,0.02288661,0.5023752,-1.0930239,0.34863082,-0.07009888,0.07220162,0.46344143
Q9P013	-0.60556877,-0.0058208066,0.9864272,-1.8346571,-1.3465976,-0.787219,-0.042326488,0.7054983,1.4983981,-0.5338662,-0.97823393,-0.75013465,-1.2792208,-0.4993533,-2.520956,0.45344144,-0.8528859,-2.8038647,0.6061038,0.8824419,1.5159776,0.50987726,1.2434937,2.0522194,0.6929768,-0.3270422,1.0418359,-1.2547201,-3.4793289,0.12436154,-0.9030481,-1.4718397,-1.3479841,-0.6280996,-0.6686556,2.2684038,1.8284887,-3.951479,-0.6872939,-1.6960305,0.4570477,1.9413011,-1.9917923,-0.86097485,-0.8737627,0.8201396,0.6906438,-0.54588425,0.68322855,0.8506634,-1.2575889,-0.6829156,-0.2317143,2.3102894,0.70038915,1.7447627,-1.2307761,0.25631216,0.40573022,0.05616238,-1.096704,-0.6149803,-1.0009892,1.0414817,0.039080583,-0.010556586,0.9674802,0.4585908,-0.5848795,1.2734655,1.0280987,-1.0422295,3.3130226,-0.015385534,-0.98261416,0.20370378,0.28024688,-1.6965381,1.3105403,-1.7161263,0.82716763,0.1214206,-2.5499895,1.3438172,-0.6350535,-0.743956,-0.80870795,-1.0059348,-0.6354812,1.4540533,1.0267085,-1.9865221,1.1862437,-0.22748204,-0.67739904,0.20924814,1.7078555,0.61073786,1.1272465,-2.1025114,-1.5716164,0.27895147,-1.2731115,0.86287165,0.5843128,1.3038893,-0.60057485,-0.68570274,-1.1667753,-1.3047343,1.8706665,0.6499057,0.86388505,2.1260548,1.5743943,-1.672625,0.9882386,-0.56056494,-0.45555174,-0.37298164,-0.8260157,0.8021017,-3.1596339,-2.0783062,0.79747397,-0.5856434,0.6821601,-0.2550127,0.2993511,0.07095998,-0.3661272,-1.2036536,0.74254674,-0.8209763,1.3898998,0.5455796,1.797432,1.2201055,0.050042834,1.9913372,-0.517798,-1.5973499,0.9661287,-0.015360941,-0.10766482,1.4107533,1.7893593,-0.73780686,1.0145563,-0.4394232,0.43980643,0.71428806,-0.87445974,-1.3436966,-0.3788582,0.6035174,0.18702999,2.3697226,0.6445541,1.0823491,-0.05198587,-1.0593389,0.2968268,-2.8121862,0.9536913,-0.626261,0.07603383,-1.6112952,4.3115487,1.1317906,1.1096398,-3.1439524,-1.4332978,-0.43674693,0.2799319,-0.43015593,-0.8010993,-0.6924454,-1.4003707,-0.25345305,0.2818308,-0.5076791,0.093381576,-0.2057243,-0.22741716,0.37454632,0.30468202,1.519094,-1.3681756,0.6168936,0.39706576,-0.037107702,0.06850965,0.011811715,0.4710942,-0.60166395,0.6638107,1.3704791,-0.39197987,-0.83847976
P05423	0.28836977,-0.1945735,0.04578594,0.19370349,-1.4677747,-0.3673987,-0.07994762,1.313168,-0.038516924,-0.90393096,-1.2579473,0.2708492,-2.2695637,-0.5909591,-1.8204544,0.7027269,0.77922285,-1.6817099,0.7470129,0.61432534,0.46369222,1.0983249,-1.1984975,1.3925769,-0.7832665,-0.43078285,0.5062487,-0.6243774,-3.4703736,1.0553222,-1.011143,-1.3202515,0.032457735,0.19448669,-1.1221006,0.3851694,1.7631475,-2.4458776,-1.0423508,-1.3257985,1.1208824,1.9031333,-3.6684606,-0.15175928,-0.52577156,1.4032593,1.2711632,0.08884148,-0.5556849,1.9118488,-1.2637813,-0.4607548,-1.2307429,1.757418,1.6436021,1.9737712,-1.3423574,0.110671304,1.3105854,0.12880468,-0.8832847,-0.13432397,-1.5303943,1.6543655,-1.1677141,-0.9481536,0.5787713,0.31006593,-0.24109337,-0.0959432,-0.07573292,-2.656983,1.9422103,-1.5612321,-0.49420872,-0.7532576,-0.64211524,-1.6945753,0.50790614,-0.9577373,0.9011144,0.80345756,-2.9294596,0.5314786,-1.3261219,-0.54244393,-0.8461402,-1.6569872,0.43082497,2.4843051,0.64310163,-1.5060285,0.522326,0.2491899,-0.23094454,0.28658843,0.07077859,-0.5321513,0.21447307,-1.141068,1.243161,1.0921788,-1.5628116,-0.35346493,0.2509939,0.84368074,0.16434932,0.8648364,-1.5399419,-0.535526,-0.20441161,0.82558286,-0.79073447,2.3907168,2.143517,-1.8723706,1.4083986,0.05229911,-0.08927631,-0.9095985,-0.9885525,1.218031,-1.2317954,-0.164074,-0.93047255,-0.73663294,1.412199,0.8308578,-1.7182922,-1.0098755,-0.49595216,-1.121089,1.3757684,-0.37913373,2.4153583,1.2489946,1.7284148,1.042502,-1.5614892,1.0984414,-0.0035694079,-0.23567787,1.2930092,1.1050712,-0.23782812,0.08930001,1.6313189,-0.6843087,-0.4861254,-0.43116835,0.03213677,0.0454757,-1.1353931,-1.0691137,-0.9940095,0.12011522,0.19045904,3.243492,0.15248382,0.7017872,-1.0405122,0.23664756,1.7898868,-2.1655867,1.2353286,-0.42262378,-1.3005865,-1.4030778,3.124936,1.0207139,1.3496997,-2.6426716,-0.3107836,1.6458949,1.389796,2.1565206,0.4271692,-0.9793112,-0.2651238,0.7473551,-0.38693774,0.47587734,0.99498796,-1.5945591,0.13258171,-0.059132602,-0.69463885,-0.2114633,-0.22537735,0.38814828,-0.20659925,0.6152378,-1.0402923,0.5083751,-0.042417403,-0.1723942,0.34532487,0.71841824,-0.07309543,1.1480514
O15511	-2.4918618,-0.24394703,1.2828174,-2.0580575,1.1112026,2.4832027,0.2637646,1.9085534,0.2521554,-0.85066336,-0.29935077,1.9601904,-1.2844532,0.40547734,-2.7125862,1.618475,0.44361266,-2.4566865,1.017928,0.90944207,1.9601024,0.34236425,2.3600082,1.9581391,0.14805265,1.1415116,-0.20868303,0.0061273538,-1.1257383,-1.0950581,-0.8298637,0.060649455,-0.6446406,1.3769195,0.032839455,0.9196315,-0.8256434,-3.6555486,-2.7508612,1.0332325,0.9759492,1.9960063,-2.5217776,-0.6052027,-0.21214893,-0.7545908,0.29629993,1.3809832,-0.22238328,-0.9665383,-0.55728185,1.0830653,-1.1446997,2.0478997,-1.0539831,1.9275029,0.28328896,-0.4693746,1.1278179,0.37601298,0.38107005,-0.89975405,-2.495241,0.5420093,0.0061644237,-0.3935808,-1.3443578,-0.6831689,-0.12584685,0.12139552,-0.79496264,-0.8090662,1.4980199,1.8303148,-1.6892915,0.21454625,0.79115015,-0.66145164,0.19879915,-0.13534477,0.54790765,-1.5649866,-2.609063,0.11981936,0.56522125,-0.42386308,0.6400729,1.2492203,-1.3326371,1.1862446,-1.9317136,-1.5990899,2.243621,0.034874078,0.18963857,-1.0165026,2.3668597,0.3410758,-0.6814297,-1.0696442,0.20072706,-0.13755439,-1.6012174,-0.4700147,-0.37144905,0.77182627,0.852231,-0.74496394,-0.69870424,-1.9240141,-0.435777,0.85471183,-0.49041396,0.7212809,-0.6212505,-1.1557025,-0.7317113,-0.82556194,-1.1217736,0.24173157,0.25828567,0.7456657,-0.07304306,-1.3752607,0.4370128,-0.09531439,-1.4001964,-1.0861183,-0.7549585,0.10211416,0.3783897,-1.6117977,0.4118237,-0.9352083,-0.26867977,1.1382818,1.3782952,0.12273316,-0.47272652,0.8622387,0.8178065,0.915474,0.13223706,-0.6223793,-1.52019,1.2052718,0.9572369,-0.7308921,0.40164584,0.44979715,0.6806464,-0.7662156,-1.8698393,-1.4472973,1.1109437,1.2427667,-0.28445944,2.545132,-0.061050296,-0.12498726,-0.5759094,-0.4321008,3.1468573,-0.9342455,1.5750268,-1.2365674,-0.8445123,-1.5374981,2.4150372,1.8110925,1.1819656,-1.1000665,0.1710316,0.12306561,-0.4497172,-1.0148858,0.86097324,-0.53621083,-2.465207,-1.2546724,0.4251907,0.19183904,0.7392466,0.31406716,-0.6207161,3.1143744,-0.50985247,-1.4188409,-0.6307843,-1.6884327,1.2458436,-0.2961806,0.0144201275,0.5616242,-0.51133186,-0.8933153,1.3204143,0.5411099,1.063559,0.5393244
Q9BPX5	-1.418009,-0.37690526,1.5260202,-2.528292,0.58762264,1.2056644,0.30888432,1.8436137,1.0449281,-1.0840886,-1.1547779,0.7101004,-1.3312808,-0.2011054,-2.922575,1.0207802,-0.2090865,-2.602082,1.3492522,1.5705485,2.9551651,0.49413073,2.7843003,1.9893427,0.22154553,0.519832,-0.28325808,-0.1704355,-1.5125319,-1.4652417,-0.3757689,0.009282316,-0.6857387,0.78151584,-0.18961833,1.652492,-0.8355243,-4.274741,-1.7233735,0.12574744,1.2432916,3.3018663,-2.083746,-1.516526,-0.9902782,-0.74931985,0.607137,0.32166743,-0.08485374,-0.8645346,-1.403944,-0.7454552,-0.9716682,2.6074402,-1.4892642,1.9102945,0.18904743,-0.43113637,0.55162287,0.4206145,0.24805333,-0.9824275,-2.4069207,1.3322235,-0.4316115,-0.42296675,-1.3299555,-0.507394,-0.31948456,0.48676988,-0.43531784,-1.0054992,2.4881284,1.4246075,-0.9409908,0.83819735,0.72540927,-0.13387977,0.03675133,-0.58931166,0.6806178,-0.47871655,-2.1242096,0.8245996,0.65686804,0.12710337,0.65770054,1.7230151,-0.9451407,1.8279411,-1.3526623,-2.0396407,1.5358385,-0.7796314,-1.1422004,-0.86068904,2.2177303,0.72929347,-0.116209015,-1.391464,0.38694188,-0.63956165,-1.9918983,-0.008977917,-0.30793878,0.7787488,0.9205615,-0.61161965,-0.7701727,-2.882972,-0.33513474,0.5065246,0.20895675,1.5494808,0.07812808,-1.8135505,0.5857942,-1.3032141,-0.7311898,0.10628649,-0.16266726,0.7462601,-0.6274283,-1.6406478,1.5082331,-0.41979596,-0.19346327,-1.135486,-0.9195547,0.19948536,0.2119039,-1.61062,1.3193392,-1.3019421,0.023443606,1.0236362,0.9365753,-0.13539334,-0.058407497,1.4379134,0.31063414,1.5187726,0.7703962,-0.23939928,-2.313211,1.226419,1.5744159,-1.2626456,1.2831111,0.73718965,0.76935554,-0.2696687,-2.1642911,-1.7619047,0.99709094,0.602829,-0.6284071,2.6615684,-0.16466226,0.05631592,0.03385239,-1.4033448,2.5099022,-1.9809493,2.1429098,-1.477206,-0.39363974,-1.8383418,2.2221978,2.4236908,1.1226509,-2.0811772,-0.4714812,-0.30961174,0.9348227,-1.8866969,0.5470911,-0.34603482,-2.3703055,-1.0714487,0.6312973,0.4383359,1.0622485,0.7399148,-0.22641188,2.7411535,-0.11702846,-1.314215,-0.96762055,-1.2593282,1.6491754,-0.2611351,0.876479,0.69032,0.47867206,-0.6033602,1.7957541,0.6678958,0.79808366,0.36552617
O15143	-1.6664073,-0.31360632,0.8217224,-2.9850228,0.84038335,1.063022,-0.63121337,1.7736999,0.8537555,-1.6332957,-1.2712733,0.9963103,-1.3310293,0.42378086,-3.530721,0.7843355,0.037868228,-2.4126275,1.6287254,0.946986,2.6983259,0.024094813,2.7070694,1.8601944,-0.34388378,1.3502495,-0.6577566,-0.5725784,-2.2136242,-0.77177227,-1.1047939,0.09064196,-1.2611367,0.95614636,0.029946662,1.1916316,-0.39441913,-4.306574,-2.2760842,-0.18018034,0.61622065,2.5632808,-2.1323445,-0.85495394,-0.47214392,-0.822541,0.11017585,0.99377334,-0.3632177,-0.6420473,-0.20945576,-0.19318447,-1.5294393,2.3219368,-1.6464217,1.9471849,-0.35212696,0.049125742,0.7137003,0.7180093,0.23758173,-1.2937638,-2.7706194,1.4953681,0.67383486,-0.5069918,-1.3363249,-0.68072754,-0.17589162,1.6355498,-1.6211339,-0.1529102,2.1596923,1.0971254,-1.117533,0.5550995,0.023205316,-0.8233724,0.69976306,-0.47825456,-0.50724894,-1.3299687,-2.592563,0.5093125,0.80523944,-0.8325829,-0.37616324,1.5738544,-2.2562165,2.21921,-1.6445228,-1.7853045,1.9062614,0.07009984,-1.1512322,-0.9630781,2.3664033,1.046356,0.4521182,-0.26524234,-0.5547931,0.0139842,-2.6651633,-0.019332854,0.25797835,0.37038904,1.0316077,-0.68480074,-0.3348746,-2.2640293,-0.36541498,0.80119073,-0.4294128,0.3930906,0.68284136,-1.1884503,-1.0252336,-0.18729426,-1.6557335,-0.20635425,-0.11210961,0.56050014,-1.1147618,-1.5479665,0.69276583,-0.24859515,-0.30464956,-0.97886854,-1.5216452,-0.05471415,0.26099178,-2.0821319,1.235184,-0.41441622,-0.54844224,0.9276768,1.4162166,0.15992619,-0.4082467,1.0931193,1.2158718,0.8934525,0.96539193,-0.040440455,-1.933704,1.1973035,1.5747701,-1.154381,0.89445794,0.66274726,0.43412638,-0.16279681,-1.6450435,-0.57405984,0.6250789,-0.114622205,-0.012635174,2.143426,0.63191545,0.41087785,-0.27547446,-1.2874845,2.6571584,-0.8898524,2.460533,-0.12813899,-0.92165166,-1.7002121,1.9349676,2.6135478,1.7852383,-0.98073506,-1.1156373,-0.8681256,0.1958194,-1.6255437,1.2924949,-0.7232971,-2.8608294,-0.45922428,0.65006036,0.53128314,1.0988615,0.2590812,-0.4710358,2.529956,-0.23462872,-1.6167811,-1.3122871,-1.0992314,0.94811016,-0.38145113,0.6571841,1.2314205,0.18846065,-1.0684878,1.0595242,-0.07116849,0.97397614,0.8514284
Q8NFH4	-0.9686738,0.8059987,0.5657506,-0.5508818,-0.590395,-0.01414275,-0.33547473,0.8864086,-0.42176563,-0.34646988,0.63659525,0.98085713,-0.060464703,1.1377307,-0.2927612,2.023495,-0.81577307,-0.9896823,0.7868649,0.52858204,0.6635277,0.81297094,0.81735694,1.4388044,1.1341718,0.55828476,-0.763393,-0.37889335,-1.9764906,0.060163073,-2.7961335,-0.92411906,-1.209078,1.4994673,0.93440235,0.49570957,0.7680656,-2.8305504,-1.9840432,-0.3955372,1.3776144,0.33532843,-2.978055,-1.0360979,0.6988388,0.40536788,0.05451441,0.30938694,-0.4560517,1.6292844,-1.1630493,-0.027954614,-1.9260094,2.5929956,0.0066595185,0.7655202,-0.18642347,-1.905877,1.6424664,-0.28061146,-0.6271821,-0.73509955,-1.0525254,-0.45940927,-0.09167896,-0.43281698,1.2184782,1.8867766,-0.042444985,0.81193167,-0.43190265,-0.6872976,0.8776447,0.29954696,-2.6469138,0.6184165,1.064428,-0.5156405,-1.2084696,-1.5550554,1.7857397,-2.1237855,-2.193097,0.783724,-0.73160017,-1.166949,0.09156613,-2.119855,-0.3210258,1.9974824,0.73751074,-1.2058575,1.089893,0.54111433,1.4168948,0.5702976,1.093966,1.2535701,0.56485766,-1.7762256,-0.39832154,1.630389,0.40165928,0.023878112,0.008434745,0.8636683,0.08666791,-2.2235167,-0.7189953,0.30609864,0.84827477,0.7525308,-1.4467071,1.7689892,0.39011782,-2.1397176,0.25839934,-0.73337954,-0.4401026,-0.03857102,-1.1902953,0.516954,-0.8660151,-0.9274687,-0.13955237,-1.6575243,-0.13281868,0.15350147,0.17195225,0.3111479,1.0097396,-0.8210197,-1.0559539,0.20725131,2.753588,1.0794789,1.716248,0.43629274,-2.1060426,0.0030130672,0.13988581,-0.81121475,0.8215283,0.42196837,-0.27502617,-0.9901278,0.48693758,-0.7698624,-2.093129,-1.1825535,-1.7001457,-0.33982593,-1.4757736,-1.5992277,0.2843982,0.95852697,1.6687936,2.900258,-0.6861339,-0.1497284,-0.5881897,-1.1645386,2.7656236,-2.0709329,2.2164946,0.035596676,-0.19075172,-1.3600043,4.048407,0.0050682477,0.78069925,-2.286023,0.31202805,1.7749519,-1.0031484,1.7531056,0.53629076,-0.3624103,-0.9490849,-0.08217183,0.6105767,-1.5113763,0.24704933,-0.4868353,-1.0086396,1.4862063,0.2001174,-1.6061264,0.3584009,-0.11607146,-0.7319997,-0.46442503,-0.5144125,0.0912725,-1.2871428,-1.00979,0.5058283,0.88238555,-1.0285767,-0.6649959
P55735	-1.7235749,2.158294,0.18083237,-0.6269865,-0.83051276,0.45271307,-0.008256487,0.6737967,-0.40653998,-0.2721841,0.9375759,1.1068827,0.19877881,0.34687364,-0.2098292,2.667494,-0.5135418,-0.5522727,0.30950084,-0.16013552,0.47790688,0.53206956,1.2071126,1.572035,1.5470904,0.9285332,-0.8516239,-0.51740396,-2.2440577,-0.9675667,-2.6458414,-1.2913376,-2.5473657,1.6910374,1.035117,0.6143012,0.2186297,-2.5610409,-1.9607615,0.07752481,1.505472,0.33727834,-1.4653363,-1.2360364,1.0598061,-0.50134736,-0.40536323,1.1045328,-1.371441,0.02034468,-1.1334379,0.749008,-2.7102573,1.3523083,-0.6491182,0.993081,-0.5308154,-1.9750075,0.89333445,-0.085707285,0.2951432,-1.2184316,-0.8889263,-0.59686166,0.20946567,-0.15616097,1.7501435,0.9271648,-0.31919125,0.65505564,-0.019751025,-1.2068447,0.93468297,1.068592,-2.5284214,-0.24037842,1.4678298,-0.086845614,-0.15678857,-0.6630707,1.4935055,-2.4107606,-1.7630162,0.56306773,-0.8309855,-1.0876954,0.66149557,-1.3312414,-0.35746765,0.8877989,0.28353992,-0.9341989,0.60684144,1.3425772,1.1340107,0.2953572,2.0469213,2.5828965,0.9916012,-1.7244667,-1.1182183,1.2507194,0.45858952,0.38522303,-0.40630123,0.4466939,-0.1211604,-1.9554204,-0.44117105,1.1714193,1.1189225,1.1617906,-1.3300871,0.9756376,-0.18662852,-1.1538593,-1.1083333,-2.0919158,-0.64435846,-0.7552113,-0.6147214,0.3522457,-1.2645789,-0.6753339,-0.52372223,-0.91364574,-0.34595755,-0.7037084,-0.16405512,1.1231399,1.3042079,-0.93863744,-0.82227814,-0.6612792,2.2465708,1.0287992,1.9188572,0.12221956,-1.4052949,-0.35190076,-0.09582408,-0.3759311,-0.5920993,0.1149344,0.4001753,-1.1544797,-0.6748022,-1.1403952,-1.6089735,-0.95876366,-1.4661719,-0.97649634,-1.4733012,-0.79904634,1.3166615,1.2844741,0.8410923,3.2395513,0.16155688,0.11760884,-1.509312,-1.2935523,2.8726263,-1.6390707,1.9249532,0.120430656,-0.11543973,-0.7351217,3.3604739,-0.082800776,1.4473226,-1.471169,1.586402,0.520111,-2.4076993,1.0484877,1.1756754,0.62706363,-1.6693195,-0.48079404,0.3197338,-1.3502296,0.7065219,-0.46234286,-1.3111928,1.5192015,-0.41843894,-1.4449116,1.0352087,0.48141792,-0.57830524,-1.4349214,-0.8526798,0.0719009,-0.8717534,-1.5366316,-0.0650131,0.0150010465,-0.2693773,-0.7141296
O75175	-2.0618913,1.5718294,0.52446365,-1.309834,0.2127882,0.6375896,-0.04538285,1.2362932,0.1812303,0.04202853,0.8594094,-1.2717296,-2.628311,0.94266963,-1.5818679,1.4151784,-0.22264916,-1.3927445,-1.5810407,-0.4075409,1.9952773,0.16552825,0.75582653,2.0867846,-0.02842026,0.6828145,0.67988527,-1.4818015,-2.8709207,0.5755346,-1.957543,-0.9743052,-1.4816574,1.8140335,-0.21599863,0.8741931,1.0753927,-2.9210784,-1.4205166,-0.55526066,1.2566625,-0.284568,-3.0866518,-1.0099734,1.0933816,-0.6025173,0.6000256,1.1207955,-1.1633564,1.1250024,-0.2664432,1.1056389,-1.5860113,1.7249491,-0.3087734,2.023854,-0.21201536,-1.042215,-0.05544635,0.65130883,-2.3377862,-0.4216406,-1.2565893,-0.16727386,1.1736072,-0.4896328,-0.07759382,1.9235697,-0.19126382,1.3853133,0.8991551,-0.7298323,1.2794147,-0.6929777,-1.4036452,-0.23425007,1.6235324,-1.6375096,0.11497298,-0.40955538,0.016424969,-1.2095921,-3.1094937,1.3120368,0.36154622,-1.6304507,-1.1017834,-1.5671906,-1.3594698,1.5938548,-0.4657179,-0.18549705,1.2891154,1.6082562,-0.11015518,-0.64595395,1.1540924,1.4251693,1.7247082,-2.1261513,-1.0624424,1.1297572,-1.5357788,-0.43017098,0.96795744,1.5397251,-0.3854233,-1.3829881,-1.0157107,-0.80469424,0.76496357,0.9666235,-1.0618101,0.9195912,0.01714534,-2.8513653,-0.87584406,0.75887805,-1.1232048,0.02643298,-0.024177253,-0.23363747,-1.2359897,-1.105684,0.41926405,0.29114595,-0.37944168,-0.9332874,-1.7448103,0.040286373,0.37750778,-1.5198737,0.07944372,-0.5345053,2.6256974,1.0910975,2.317119,2.3817809,-1.5094032,1.2743291,1.0726148,-1.3640428,0.7223288,-1.1573719,0.26727238,-0.4550035,0.94612414,-0.77239525,-0.91723883,-2.4442565,-1.1517932,-0.71965015,-0.78567046,-1.5423049,-1.8293325,-0.09614556,1.635784,1.5932953,-0.095343426,-0.6678735,-1.589756,-0.5145328,2.1687272,-1.9254336,1.4355018,0.59195125,-0.77937245,-1.5311455,3.7755117,-0.16590251,1.4974068,-2.863927,-1.0664713,-0.3861764,-0.3720585,2.4703581,0.8493631,-1.9631857,-2.016575,1.02266,0.13498329,-0.06214794,-0.2576623,-2.0145557,-0.2926624,0.1714673,-0.7277385,-2.6323383,1.0843905,0.14692315,-0.55805653,-0.6319734,1.2137554,0.088571854,-0.0017672016,-0.68635786,0.53914547,2.3114762,-2.0636168,0.0805696
O14610	-0.2533687,-1.0086492,1.6024529,-1.250483,1.342332,1.4917446,2.2334404,1.32669,-0.56848514,-0.045096558,0.49484196,-1.2936823,0.25234503,-0.8229972,-1.1118772,0.7053396,-0.27150452,-1.1292268,1.6310817,1.6721505,0.11376429,1.4630274,-0.67759776,-0.21185403,-0.4893766,-1.2352979,0.28367582,-0.48831096,-3.0649228,-1.1903323,1.5036759,0.6141067,1.5328768,-0.008882092,0.47887546,0.9679918,-0.5275933,-3.8198102,-1.3285617,0.70968986,0.3416074,3.438453,-2.287439,-2.0177116,0.03844066,-0.39079645,0.7750285,-2.571627,-1.6723226,0.78078806,-1.5301696,-0.60911155,-1.2557906,1.4648019,-0.27243784,0.8826545,2.6783228,-0.44316465,-0.3343897,0.84172654,-2.0007098,-0.05781382,-0.78933257,1.7534161,-1.9740804,-1.2248979,1.1478637,0.39371216,-0.03878533,-0.3718761,1.2029225,-0.9043128,2.1274073,-0.6088324,-0.408922,0.35913548,-0.37794334,-0.16374391,-1.9279704,-0.2587707,1.1452318,-0.5783683,0.14759354,0.86683553,-0.41318926,0.78008544,1.0198259,-0.24638537,2.4415967,1.4986193,0.21816902,-1.7704772,0.09191359,-0.39283946,-1.7624172,-0.6528228,2.6193507,0.4170688,0.79098225,-2.3402874,1.4367284,-0.4950742,-0.09530156,-0.9437899,-0.99582714,0.6132065,-0.3762171,0.2640534,-0.8692134,-1.523005,-1.0224484,0.12329264,-0.70329714,3.2625632,-2.1923785,-1.8680261,2.5321145,-2.0015466,-0.8109019,0.50050586,-1.0714817,0.01681633,-0.3117915,-0.80097187,1.1057506,0.34210995,1.1286119,0.62765396,-0.74370545,1.1723487,0.7943296,-2.296388,2.7980032,-1.2121472,2.379419,0.3380032,2.1601408,-0.8950503,0.70590883,1.3109308,-1.1676456,1.4158248,0.20849432,-0.7340757,-0.91119397,0.1968782,2.1516285,-2.1003535,-0.58860993,0.7731638,1.6541121,-0.07612497,-2.1343122,-0.67759335,-0.35348678,2.2055442,-1.0499418,1.4862771,0.5012379,0.45777395,1.1897174,-2.2804508,1.1308763,-2.6700675,-0.11062393,-3.5516362,0.22080043,-0.34105793,1.4308133,1.9526545,0.97316307,-2.566766,1.2921349,0.21677604,2.8572488,-1.935899,-0.26512116,1.9993602,-0.83603746,-0.81530154,0.12903601,-1.9908596,1.7145202,-1.0571746,1.3965989,3.3567374,0.4618286,0.5904359,-0.016899472,-0.86896527,1.288028,-1.0440905,0.5912827,0.77398854,0.7656397,-1.2856919,1.4156438,0.17391035,-2.434754,0.9662141
P50150	-0.7691422,0.13575843,1.5916381,-0.7456944,1.242463,1.1850971,1.7639128,1.9931047,-0.7228258,0.38243973,0.16733006,-1.0631177,-0.768913,-0.20834747,-1.6968236,1.538366,-0.45758954,-1.5224761,1.4034687,0.9371407,1.2641633,0.98465925,-0.5766484,0.13782655,-1.2263602,-0.79597306,0.41016167,-0.5380645,-2.6504312,-0.59332633,0.78723156,-0.016978052,0.71830666,0.26120713,0.23647904,1.2763748,-0.18433914,-3.8461766,-1.267836,0.9832433,1.2257404,2.5072076,-2.011084,-2.073837,0.93306905,-1.1941011,0.76296365,-1.4148579,-1.9486694,0.16156046,-1.3699301,-0.46278074,-2.0235076,1.3629922,-0.964308,0.89771587,2.096366,-0.87233,-0.060115203,1.2607512,-0.5408338,-0.16773407,-1.0932554,1.2837085,-1.0454037,-0.7019771,0.6776218,0.9589713,-0.94900095,0.06680628,1.2730999,-0.95225024,1.8937567,-0.45750937,0.0027547576,1.302755,-0.5937966,-0.9269849,-1.7895842,0.17148511,0.8398396,-0.42821702,-0.14725995,0.9710773,-0.86104304,0.4944929,0.7853096,0.16602698,1.1195313,1.4149739,-0.12732978,-1.3986704,0.53423554,0.42251608,-0.8484575,-0.65266126,2.9109104,1.4775987,1.0070786,-2.0254488,1.1279389,-0.2559445,-0.9660226,-0.5971086,-1.4265822,0.7355624,-0.51903826,-0.64990205,-0.8131652,-1.4450514,-0.93163717,0.012269176,-1.0046958,1.7500615,-1.6721325,-1.3210063,1.5894467,-1.9377999,-1.4432547,1.5824293,-0.6732516,-0.5643933,-0.6112336,-1.1281713,1.5172136,0.3572264,0.75455004,0.017383188,-1.7359326,1.8915775,1.2992132,-2.0924363,3.0245523,-0.8924311,1.7629966,0.18860745,2.0983276,-0.95727855,-0.11241392,1.551925,-1.1231216,1.3077956,0.025141126,-1.0225759,-1.2278336,0.8157156,2.1615717,-1.8164375,-0.5107218,-0.067118324,1.1920081,-0.35813114,-2.4861948,-1.7685236,-0.053308614,1.480442,-1.047128,1.6758007,0.025611306,0.32681274,0.57019174,-2.4179664,1.7125283,-2.7668173,0.53524446,-2.3930562,-0.41341552,0.12622769,0.70462126,1.5629603,1.6166332,-2.34329,1.014468,-0.888537,2.8241634,-1.1340613,-0.03847781,1.4018565,-1.0780804,-0.67534083,-0.42739022,-0.36311662,1.7969123,-0.48310584,1.2461448,3.2827709,0.5476043,-0.9662144,-0.37958455,0.16317631,1.2681676,-0.97691226,0.40268213,0.34510437,1.3464153,-1.197432,1.4384019,0.22109845,-2.176804,1.3021859
Q96BN8	0.21981156,-1.0308678,0.16513157,-1.3820802,1.6506765,0.66001904,-0.052042853,1.0424235,-0.004305653,-0.39910287,-0.61286414,-1.5022441,-1.3730874,-0.2467524,-2.7428834,1.0880598,0.44459403,-1.0478454,1.663002,1.5340477,1.2609146,1.1129032,-0.6304791,-0.99970675,-2.522647,-0.31526372,0.1944241,-1.3898405,-3.5757713,1.9457461,0.6527961,-0.8313249,0.15187407,-0.8006068,-1.0900885,0.9508966,0.61487436,-3.2339418,-2.1282368,-0.4448158,1.1531413,2.1165,-2.2754338,-1.253463,-1.1326762,-0.59446096,1.0262276,-1.5959609,-1.663218,2.457936,-1.0155665,-0.7832012,-0.4749347,1.7333657,1.0900494,1.0273238,0.5039155,0.88931155,-1.2531195,0.06651783,-0.0035083962,1.181761,-2.4075313,1.7392176,-1.0477383,-0.65447843,0.22357567,2.4043782,0.0038972585,0.39143604,0.87795806,-1.097688,2.533092,-2.8988373,0.7209777,1.523738,-1.3420184,-1.4977714,-0.3258428,-0.07717527,-0.22631507,-0.2165272,-2.3151376,0.27106592,-0.3265243,-0.44592878,-0.84235245,-1.2948155,-0.98584247,2.0284169,-0.20723273,-1.5393065,0.83035123,1.0576578,-2.0749693,0.3079562,0.7307532,1.1386445,0.81888103,-1.9507905,0.18182203,0.07265734,-1.839337,-0.55149585,0.76639736,0.10829656,-0.6107957,1.4680225,-0.7139579,-1.3329592,0.25806257,0.000505963,-0.8222821,1.7669754,1.1253358,-2.9619057,2.1185722,-0.33054173,-1.4699647,0.005092575,-1.2925938,-0.70108205,-1.6263933,-0.14795968,-0.33717155,-0.4973744,1.8425572,1.4439212,-2.3398938,0.5030974,0.81158644,-1.563977,3.2486925,0.91789776,1.3323597,-0.23609942,3.3998978,0.1558831,-1.6943778,1.6898618,0.7980988,0.70549434,1.7842106,-0.6380211,-1.5842776,2.0946996,2.666618,-0.8044001,1.0133497,0.3707269,2.090233,0.14550014,-1.5580114,-0.41513187,-0.5776756,0.8498622,1.1330973,2.573144,0.34583,1.5646533,0.5006006,-1.6062547,0.6461594,-3.2662477,-0.0143394815,0.20850983,-0.5857993,-1.4326869,2.3311646,0.7457017,1.0022011,-2.477731,0.36891332,-0.6650986,1.5463656,0.3102907,-1.0012293,-0.3374665,-1.7011089,1.2654593,0.19993283,0.5758803,2.381099,-0.39712793,1.0665897,2.0134068,-0.12487813,-0.4646464,0.9213093,0.34259993,1.1157495,0.34287113,1.0357445,0.10826729,1.5065724,-0.7731135,1.7502784,1.1318296,-1.7031761,-0.73470885
Q8WTR7	-0.26485443,0.58871466,-0.05810209,-1.5019511,-1.602674,-1.2990807,-0.30766568,0.52856714,0.9114354,-0.2712807,-0.8455403,-0.85479426,-2.0445724,0.54563254,-1.7234175,0.49848056,-0.6855244,-1.2164446,-0.3383452,0.49408025,1.1265682,0.45655122,0.30570826,1.7722455,-0.21814786,-0.37923732,1.1342899,-0.96989876,-3.9490175,0.35763574,-1.0466031,-1.436878,-0.12539974,-0.473462,-0.6269364,1.0036968,1.8645453,-3.0147288,-1.2150726,-1.3623927,1.6072158,1.5473442,-3.6496856,-1.1552008,-0.39546338,1.4019722,1.3081278,-0.010433107,-0.17991427,2.04995,-0.7522867,-0.7590586,-0.22648218,1.5284091,1.5114526,2.6107707,-1.1956158,-0.017183,0.5731467,0.439188,-1.646747,-0.4522348,-0.23957734,0.9626856,-0.72047544,-0.68720955,0.5973729,0.867316,-0.5498087,0.56648904,1.3923808,-1.0798124,2.9585145,-0.90964574,-0.1868493,-0.6658778,-0.5981406,-0.8870364,0.866887,-0.99352336,0.97596776,0.37444466,-3.3309925,0.9483759,-0.73267746,-0.8203449,-1.3236128,-1.5492903,-0.78880125,2.2176757,0.86968625,-1.6854532,0.555641,0.039907392,-1.4174527,0.7242237,0.96304333,0.9615803,0.9264653,-1.7808616,-0.39831862,0.3688943,-1.9344455,-0.045177042,0.9502062,1.282522,-0.2825557,-1.2777711,-1.3294449,-0.84794295,0.6902642,0.79443735,-0.20922396,2.2893732,1.8980727,-1.3934252,1.7707545,0.7637343,-0.79557246,-0.22857408,-0.7613119,1.4042261,-2.194536,-1.1227504,-0.028896246,-0.9236447,1.1754324,0.483112,-0.43260008,-0.61057276,-1.4109986,-1.5849589,1.1800351,-0.15942489,2.6519976,0.9160312,1.6628964,1.3199186,-0.8222955,2.0722227,-0.53536344,-0.5244699,2.0747676,0.6870415,0.15625659,1.473741,1.646927,-0.1886938,0.6685343,-0.7581879,-0.12220284,0.41734886,0.037129316,-2.1890876,-0.21353692,-0.09352649,0.53686076,2.4552634,0.32668534,0.6823104,-1.0244802,-0.70135444,0.86757135,-2.3488305,0.37384605,-0.72441506,-0.14178734,-1.6477103,4.1387615,1.1218438,0.76794827,-3.6361756,-1.8598129,0.017447004,0.43645778,1.8045794,-0.92043906,-1.0203946,-0.118338,0.47133452,-0.51739347,-0.03074439,-0.11166522,-1.7713155,0.049923066,-1.2109371,-1.054856,0.6309516,-0.70102686,0.4732732,-0.49608868,-0.056250736,-0.19978127,0.6790024,0.7510483,-0.6474011,1.0715708,1.7606055,-0.042065326,-0.94094265
Q8NI77	-1.2496897,-0.7795104,0.16135202,-0.9261515,-0.48792177,1.0419093,-0.43453017,0.9529411,0.98331356,-0.9965046,0.035954718,0.8179404,0.7852744,-0.5759865,-1.158258,0.3463169,0.5689242,-1.1886886,2.2427258,0.80589396,-0.6886957,-0.26653472,0.74597734,0.76699716,0.4561921,0.9816153,-0.90111005,-0.85723966,-0.83619195,-0.6266473,-0.704678,-0.59649867,-1.3358364,0.6945585,0.77427495,-0.09606555,-0.20585498,-2.6700265,-2.6316264,-0.037757542,1.0405865,2.9699633,-1.8709234,-0.2810118,0.06978521,-0.4126818,0.80577534,0.12906726,-0.8265177,-0.508755,-1.400523,0.16512884,-1.2478359,1.1879972,0.35132933,-0.72755206,-0.032505818,-1.8117322,0.6903975,-0.5691603,0.64902455,1.177319,-2.1304722,1.1503685,-0.13634723,-1.0238373,0.00025239788,-1.2524263,0.6336651,0.5656711,-1.2883341,-1.5823017,0.96710515,0.7539649,-2.525374,-1.9114027,1.9434803,-0.18121721,0.82886547,0.40147245,1.9766903,-0.7535746,-1.5988952,-0.90572554,-0.09347547,-1.4987229,-0.35923976,-1.3250948,0.6586217,0.945524,-0.22428021,-2.1479106,1.5457355,0.6590832,0.210575,0.23217992,1.3754768,-0.64835125,0.73572314,-0.99614304,1.4443465,0.29050624,1.3198583,-0.36868337,-1.2124797,-1.2391078,-0.27338234,0.68329114,-0.3562114,-0.5537103,-0.34709644,1.534978,-0.8304701,1.9082168,0.388957,-1.4149108,0.5223528,-2.0578082,-0.47465625,-1.5042372,-0.70802265,0.51263916,-1.326089,0.8642341,-1.6520543,0.63768804,-1.3773797,0.12713094,1.0810684,-0.07193806,1.1227713,-0.3769363,0.19680269,-2.0321236,0.88755596,2.521531,1.6596186,-0.7544673,0.118771695,-0.19051231,1.5086437,1.0555676,-0.6492378,0.32486415,-0.6666073,-0.85887456,-0.394521,-0.09687111,-0.045103565,-0.028663574,0.9354566,-0.13600716,-1.8029605,1.7280653,1.7591009,0.9410843,0.24752413,2.2364562,0.8314666,0.42970264,-0.98285234,0.71378005,1.5115075,-2.0562794,2.0481377,0.4829236,-0.25223073,-1.8148446,2.307777,0.6667823,1.8810794,-0.20835118,2.3940866,0.36524463,-1.5016869,-1.5696324,2.0507228,1.4302822,-2.751844,0.15980819,1.6222599,-0.121292315,1.1777452,-1.4793657,-0.16204059,2.4343276,-1.3694794,0.8848176,1.4435211,-1.2160356,0.8336229,-0.30244148,0.066496134,0.27657595,-1.4624904,-0.90415967,0.21324432,-0.13684501,-0.8420901,0.75151324
P49795	-1.2646724,-0.73644054,0.39834896,-2.215172,1.9042805,2.4855,2.2784724,0.7431155,1.768312,-1.5836554,0.5652914,0.27999583,0.8935389,-1.552817,-0.5365062,1.4400077,-0.844826,-1.8036834,0.5830848,0.967017,-0.17176838,1.4521419,0.7564629,-0.70628756,-0.4053919,-0.76573604,-0.260927,0.009249766,-2.927644,-0.5592701,1.806949,1.0151957,0.64175737,0.59671885,-0.59990555,0.54096913,-0.14083251,-2.3303647,-1.6120154,1.2238345,0.29565066,2.5575979,-1.9271147,-1.5618631,-0.54695493,-0.7294923,-0.6373252,-0.1934173,-3.129978,0.85956556,-1.6867243,0.5627025,-1.939208,1.8496687,-0.24529286,0.61179894,1.1524904,1.3208721,-0.053966343,-0.49479312,0.11086076,-1.2881767,-0.6166283,1.2903548,-0.9951181,-1.5977242,1.8061742,-0.17683332,1.7444539,0.34563813,-0.08433485,-2.7221417,1.1781402,1.8409548,-1.7773092,-1.4956418,0.39929774,0.41778806,-0.48679525,-0.1073318,-0.01815894,-0.8151531,-2.4761431,0.51017815,0.56283474,1.6037561,0.67329603,-1.244337,1.0569198,1.3706905,0.6712216,-2.3159955,1.5861506,0.38603845,-0.8884916,-0.16188557,0.9945883,0.3543484,-0.03315182,-2.5245726,0.72645503,-0.56635267,0.15064786,-0.47225913,0.7607968,-0.29190716,0.9822416,-0.3202957,-0.84240943,-0.7547929,-0.731225,1.1186913,-0.88100743,2.4218192,-2.644846,-0.6641413,0.05353105,-1.8608428,0.27436116,-0.49505857,-1.2499619,0.42838815,-1.8062956,-1.4689608,0.5781817,0.4231266,-0.069740474,1.0987056,-0.6803665,0.43807465,-0.9344913,-2.0436854,1.6267995,-1.2669404,1.8752484,-0.09135237,0.890272,0.13633157,-0.6225434,0.29989183,-0.11841008,0.55194324,-0.09683267,-0.85532886,0.5968471,-0.36146688,0.5429376,-0.6012469,-0.5015493,0.26371875,0.031879473,-0.1453426,-1.3552712,-0.4716593,0.0063180584,2.1336682,-1.3639731,2.0034084,0.6232607,0.9571872,0.4487766,-0.6587609,1.3062105,-1.6212746,0.48430523,-2.7073317,0.21322165,-1.6221461,2.6239843,2.7185688,0.06398818,-1.9443662,0.75578445,0.6249546,0.9589754,-0.29535705,-0.38187596,-0.46728542,-1.2658311,-0.75201285,0.9204753,-0.6737023,2.134333,-0.45506552,0.05052892,2.2077322,0.9428073,0.82408786,0.95865476,-2.5091574,1.3414588,-1.46952,1.7306868,1.2929245,1.0044487,-1.63893,0.76614076,-0.12836444,-1.2854214,0.86252993
P06737	-1.153552,0.06898979,1.1382496,-1.9937617,1.1622423,1.0747287,-1.4447466,0.978188,0.94296527,-0.13921875,-1.1746198,0.091383286,-0.6581061,0.42496803,-1.6024618,1.9702847,0.1728784,-2.0055919,0.6397455,1.0629607,1.2286971,-2.2377512,2.0976877,0.85755503,-0.23521778,1.0243037,0.88755304,-0.95837075,-0.45980495,0.91070485,0.813024,-0.9303612,-1.1324248,0.02538658,-0.081773765,0.89265656,-0.58703655,-2.911562,-2.7346618,-0.021570956,0.6421369,2.0948613,-1.4180644,-0.18637025,-0.5419938,-1.4392587,-0.6892163,0.75281054,-0.5602069,-0.8359586,-0.7620026,1.0296197,-0.8000456,1.2168403,-0.10184217,-0.03786031,-0.9010735,-0.4890653,0.27228203,-0.052564904,1.931755,-0.49627632,-1.8333781,1.252332,-0.20774415,-0.8456865,0.3763895,-0.49758384,0.47872683,0.7562379,0.100342914,-1.4859663,2.5485523,1.7322775,-2.1206293,-0.9093583,0.87849563,0.114429384,0.7848987,0.9658152,0.5488475,-0.43009382,-2.9946876,-0.8391022,-0.19743276,-0.08632214,-1.372271,0.23982851,-2.141948,0.28087738,-0.38624427,-1.1691835,0.8989152,1.3596977,0.3011226,-0.8447989,0.72410744,-0.476839,-0.59512794,-0.913575,-0.3459061,-0.7011323,-0.9564555,-1.1453389,0.54382217,-0.13150862,-0.08915306,0.81564337,-0.9107661,-1.9877377,-0.64932966,0.91805446,0.3640571,-0.049825158,0.49811906,-1.2001994,0.41457576,-1.3140588,0.056694083,-0.90145564,0.71362656,1.2498229,-2.2926083,-0.19286369,-1.9061902,1.693673,-2.0367062,-0.6345828,-1.008653,-0.67022026,0.022816041,0.116218,1.1941825,-0.7767308,0.0953467,1.307012,1.62975,0.32623032,0.88175374,1.3652223,1.673477,2.0944865,0.8498233,-0.9918251,-1.213754,2.1788282,0.14267272,0.6608774,1.4861224,0.95142233,1.0332803,-0.69206876,-1.8352929,-0.8361954,2.4109478,0.041920923,0.3698252,1.9116356,-0.20990978,0.64902735,-1.918509,-0.43945175,1.5904585,-2.3430016,1.1004695,-0.13990861,-0.2660728,-2.2711945,1.6543502,2.036148,0.6371505,-0.4643086,1.6662796,-0.20156963,-0.88998026,-0.910976,-0.49014363,-0.8091722,-3.8921592,-0.5969356,-0.31813768,2.205295,1.40886,-0.98645633,-0.99177605,0.23754331,-1.4434403,-0.87981915,-0.31720802,-0.81319743,1.7955616,-0.12700218,1.6689337,0.6130745,0.5849213,-0.9205217,0.5146064,0.121899605,1.0540822,-0.34854904
P17483	-1.0390705,0.6483713,0.5260959,0.3869393,-0.44903353,-0.43729803,0.20025009,0.96710294,0.2642124,-0.15982178,-0.6969314,-0.5247535,-0.9892384,0.82125455,0.08511553,2.244313,-0.19091767,-0.25056675,-1.0054343,-0.33367276,0.8559271,-0.33650678,-0.7131878,0.43812677,-0.5691591,-0.4133864,1.1460032,-0.5616534,-3.80737,2.0665195,0.0037644417,-0.7991867,-0.3734598,0.6516809,0.29800656,0.35421905,0.82591796,-2.8918042,-1.6684129,-1.3260494,1.5430093,0.2744934,-4.4453144,0.3338729,0.35550606,0.5242451,0.9266128,1.5217677,-1.8088497,2.7924929,-1.2912267,1.8479581,-1.7086207,1.5692139,1.3569498,0.8576855,-0.50136083,0.02369172,1.3675205,-0.9509397,-0.63690805,-0.34420115,-0.7557635,1.007422,0.16611962,-0.8477619,1.249483,0.40605995,0.7837436,0.15670358,0.3147594,-2.1022816,1.5542946,-0.024912605,-2.0859601,-0.5593564,0.29959658,-1.3423934,0.113349795,-0.24344,0.36272624,-0.30882886,-3.4637222,0.49262387,0.35482913,-1.9384576,-0.3641885,-2.228297,-0.7849008,1.4840829,0.61567694,-0.90222335,1.5290105,2.2871783,0.58749247,0.5851955,-0.8640513,-0.2028767,0.44788337,-1.0078688,0.07007087,1.6219717,-0.80357975,-0.19673364,0.4549405,1.1956984,0.48774344,-0.15003927,-0.9877831,-0.6565957,-0.3806839,1.1883227,-0.40970528,1.2366675,0.19135152,-2.2970636,0.62643,0.96947163,-0.5457082,-1.3565365,-0.502548,1.9087864,-2.7352636,-1.0679331,-1.3843703,-0.19653116,-0.14584091,0.49976882,-0.30798855,-0.9716906,-0.5887188,-1.3327022,-0.054597523,0.0150074335,2.7186856,0.54700714,2.1501966,2.1231997,-1.7906817,0.8034577,1.0260341,-0.22972104,1.3378179,-0.416748,0.7461845,-0.3881659,0.74672747,-0.49437797,-1.1649356,-2.2335289,-1.5661222,-0.37792793,-0.6462868,-0.48136955,-0.4912454,0.19132769,1.5104103,2.0218527,0.85931015,0.1490863,-1.2097843,1.4967383,1.830038,-1.0189954,0.89730793,0.37106082,-0.8157951,-1.0951545,3.279204,-0.18124162,0.35788345,-2.7366388,-0.32284847,1.6264951,0.69598573,2.4644995,-0.06364261,-1.361858,-1.4063467,0.14974268,-0.8589012,0.14387268,0.23267065,-2.469179,-0.41193768,-0.7668544,-0.9153807,-0.9925167,0.8414929,-0.047367077,-0.8637432,-0.5216649,0.19674782,0.19241804,-1.1606919,-0.28471592,0.34507126,0.26502946,-1.7889512,0.8508807
Q9NYY1	-0.7734604,0.19207853,0.46880564,-1.299202,0.6668346,-0.18749937,0.2928695,0.71319824,-0.09384457,0.8544962,-1.6803536,-1.492946,-2.027489,-0.76899177,-3.2393801,0.5776254,0.90012383,-1.7627124,1.3543724,0.6389089,2.1627326,0.048039485,-1.0871266,0.71731406,-2.3789918,-0.36822423,2.322287,-0.35151252,-3.5460587,-0.42013127,2.0292027,-0.31648406,0.84962,-0.72804713,-1.2120354,0.644424,0.27754727,-3.729509,-1.7807926,1.4397565,0.45253423,4.221901,-1.4292561,-0.8007888,0.14600115,-0.90703225,1.1841221,-0.7836513,-2.080486,0.64918244,-1.0041827,0.04423016,-0.87415856,-0.44819483,-0.9475142,2.2357676,0.26809293,-0.10600218,-0.8307389,1.2892523,-0.70529634,0.07310404,-1.5410385,2.1511595,-0.016065136,-1.2274982,-0.22971669,0.052364886,-0.2731272,-0.022372432,2.1950722,-1.1807394,2.961525,-2.2344818,1.0091287,-0.9474674,-1.453494,-0.6929312,1.1377866,0.8195071,-0.5614212,0.46638307,-2.0197778,-0.10224418,-0.31421074,-0.9346473,-0.19660607,1.1463293,-0.4032229,1.9019055,-0.17830756,-1.0534731,-0.7902031,1.5249472,-1.9629049,0.1278405,1.5428262,1.337841,1.2012625,-0.82762796,0.4805303,-0.100451164,-2.890946,-0.5480209,-2.0312996,0.21164617,-0.06262166,1.6387413,-1.4318076,-1.8455875,-1.6290414,0.26723292,0.13040122,0.90377766,0.04577137,-2.01478,1.6373247,0.43560594,-1.9753466,0.7522286,-0.20512943,0.9773096,-1.0202106,-0.7416499,-0.14959022,0.15194553,0.6820293,-0.6145919,-1.6385477,0.8468392,0.7317772,-1.5186423,3.8629324,-1.626777,0.70209277,1.3871363,2.9086683,-0.1492831,2.3361251,2.5572526,-1.6539859,2.2647185,-0.18545158,-1.3518614,-1.06187,0.8584005,2.187168,-0.6980659,0.38672352,0.7587459,2.7971168,-0.3774168,-2.126322,-0.871759,0.12724255,0.8503292,-0.4158072,0.9646325,1.3069783,-0.09568959,-1.1004293,-0.71303463,0.32090193,-1.9772661,0.5678729,-2.173597,-0.6552027,-0.40242267,0.68436706,0.7969645,2.362317,-1.4631352,0.22336628,-1.9384604,2.947654,-0.6215508,-0.5041039,-0.15065596,-2.2422104,0.98263395,-1.9759061,0.9017506,0.63561785,-1.9535133,1.8734919,1.3285674,-1.7884341,-0.17813931,0.4486743,2.195899,2.2539477,-0.085058816,-0.65762246,1.2480525,1.1945521,-1.4583282,1.2287011,1.4558513,-1.1884354,0.095865265
P15880	-1.0721905,0.34053954,-0.9500011,-2.2556899,-0.46695638,0.09225911,1.1858498,0.29695916,1.1138093,-0.8848224,-1.1029023,1.1633853,-1.0161619,-0.3264025,-2.60955,0.4476927,-1.2305183,-1.7119403,1.4378347,0.38496533,1.9825358,1.5462496,1.2544,1.8508241,-0.30661893,0.2036446,0.34750518,0.70910925,-2.5460546,-1.13226,-0.95274895,-0.5611252,-0.08177853,-0.22387558,-0.9856298,0.775078,0.8876362,-2.7501388,-1.1434565,1.3127837,1.9807717,2.2410789,-2.175242,-0.8397002,-0.56574345,-0.15765803,0.94304913,0.50864,-0.8668863,0.36239812,-2.2361007,-0.95701045,-0.88308024,1.6007937,-1.2100563,2.2663505,-0.65674067,0.29836413,0.03810837,-0.6859227,-0.3180357,-1.1217781,-0.47922283,0.26173908,0.091210805,-0.24926862,0.11331919,0.8496335,-0.7014182,0.23357648,0.66627854,-1.5093032,2.7882488,0.21937557,-0.14575645,-0.26249686,-0.0749082,-0.6098671,1.2457936,-1.7618132,1.1341635,-0.5443766,-2.2406096,0.2523893,0.13057546,-0.9487828,-0.5363976,0.31124982,-0.9925917,1.9721401,0.40732142,-2.182227,1.4614397,-0.5296915,-0.2585512,0.21131784,1.1138524,0.9862205,-0.15935044,-0.8474711,-0.3021403,1.042307,-1.3894855,1.1828676,0.24925758,0.07010223,0.8710368,-1.258373,-1.394777,-0.639706,0.76166,0.82022643,-1.0810376,1.6752721,2.132827,-0.69476527,-0.12815289,-0.6763645,-1.016634,0.92054147,-0.40508506,0.40707627,-1.6086094,-1.6845566,1.1094112,-1.4768708,0.31346798,0.05784695,-0.048062965,0.83936715,-0.25514278,-1.1503239,0.48965997,-0.70894873,1.71839,1.3066782,1.1614844,-0.18029091,-0.9203543,0.9726411,-2.0130928,-0.3571786,0.9574266,1.5302571,-0.67580956,0.6728703,0.3412272,-0.62714523,1.1844711,-0.036434956,0.5182947,0.067748666,-0.7318269,-1.2102278,0.79818493,0.80504435,-0.58552337,2.0712352,0.5258256,-0.22265102,-1.4114763,-0.9627953,1.9008344,-1.5323677,1.2924504,-1.0599617,0.41086546,-0.5288855,3.4723022,1.3391738,1.9472303,-1.0712876,-1.366209,-0.3904285,-0.6762809,0.18658724,-0.65890455,-0.96927476,-1.2490826,0.3198888,0.39346525,-0.046690296,-0.501563,0.09231467,-0.44828597,1.0224998,-0.43265495,-0.4270882,-0.4602648,0.90348643,0.59002626,-0.3254959,-0.65755963,0.26050884,-0.2053672,-0.4828231,0.9400083,1.2168231,0.9777146,-0.7322922
Q9Y5T5	0.1669381,-0.7032548,-0.69787437,-1.0069124,-0.6800651,-0.29647473,-0.5706435,0.2882474,1.7690421,-0.790451,-0.40294567,-0.1688801,-1.2145953,-0.16797483,-1.5680022,1.3590902,-0.39490956,-0.5578339,0.4308379,1.0809482,0.66684383,1.2604147,0.38243407,-0.24701387,-0.87952,-0.34406346,0.38356304,-1.035762,-3.044925,0.32106584,-0.88514394,-1.8834897,-0.06633734,-0.31785727,-0.6607136,0.45910272,0.98533356,-2.0138483,-2.1171074,-0.67848504,1.2738968,2.281675,-3.412549,-0.91764235,-0.01088958,0.67977345,1.4705218,-0.30984148,-1.0450643,1.9361823,-0.179649,-0.809888,0.04998002,1.1150323,1.301505,1.349308,-0.5077203,-0.022776699,-0.1773951,0.027179096,-1.0560389,1.5272423,-0.72268724,0.9253474,-1.1134598,-0.41777763,0.18662456,0.59964675,-0.5458594,0.13852195,0.082727626,-1.0364954,2.3349862,-0.7136476,-0.23755607,-0.25421187,-0.9265393,-0.9660559,-0.21057501,-0.21262129,1.2769425,0.37492028,-2.894587,0.21302815,-0.048223484,-1.4644203,-0.8082111,-2.6750877,-0.82676816,2.4755857,0.8598833,-2.1213012,1.2749401,0.2093261,-0.9032614,0.9089616,-0.104031526,0.72981316,1.0261472,-1.1922016,0.34927663,0.5204583,-1.5916098,0.876403,0.46918893,0.15368852,-0.6608175,-0.6394477,-0.64846617,-0.5696717,0.51268095,1.2004182,-0.5149647,2.7780828,2.3999846,-1.7132995,1.9304526,0.31343183,-1.0475193,-0.4369233,-1.3828794,0.6327345,-1.3452195,-0.04162754,-1.1092135,-1.1487035,1.1002613,1.5972579,-0.030332096,-0.4590545,-0.8139833,-1.6975728,1.8262469,0.050750926,2.8301456,0.6130354,2.2809467,0.87769043,-2.4979043,0.9945899,0.1385409,0.5277495,1.7589228,0.80285335,0.4947839,0.83782417,0.95872635,0.090893134,0.9287824,-1.8568553,0.6399909,0.4603959,0.108264305,-0.58393025,-0.4186427,0.19072771,0.95634025,2.2302349,1.2741628,0.38435003,-0.3340208,0.26700196,1.0760714,-2.9802332,0.3404811,0.23963045,-0.8851646,-1.4303633,3.8308263,0.7286493,0.22609259,-2.3501735,-0.66621786,0.6427652,-0.442738,1.5511649,-1.2475083,-0.45598513,-0.33297879,0.6875027,0.53312415,0.52228147,0.9090854,-0.8320882,-0.25354192,0.48515162,-1.3331273,0.38339868,0.415526,-0.43712264,-0.03884397,0.24739261,-0.17820893,1.1864209,-0.718209,-0.4829509,1.7346503,1.2027438,-0.2003679,-0.21045156
Q13478	-1.8520341,-0.22109278,-1.9593009,-2.249327,1.6314095,1.2373465,1.0647134,1.2227646,-0.21468893,-0.6659698,0.48539278,-0.3983686,0.0652311,-0.19185857,-3.0185442,0.03138161,-0.05760118,-1.3488805,1.9461884,0.21006253,1.2360234,1.5459982,-0.12625612,-0.98677576,-1.9024615,-0.43130425,-0.5013932,0.6465061,-3.47046,0.084636495,2.6714594,0.8935713,1.6563532,-0.17535374,-0.52274424,-0.42466047,0.2473164,-2.9958315,-2.45256,2.595326,-0.07276967,2.5028155,-1.5441263,-1.1047895,-0.32502678,-1.5268692,0.036986552,-0.6738153,-3.2764008,1.0096015,-0.246491,-0.4833517,-1.4110982,-0.095526166,-0.37732187,0.9283572,-0.42224368,1.0453353,-0.6608938,0.06854692,-0.039050225,-1.1299669,-0.4055818,1.7863245,-0.2616337,-1.8356174,-0.37138435,0.63481396,0.23837523,-0.0014999947,0.74008584,-1.6119397,1.4420109,-2.0366838,0.21276431,-2.9717128,-0.15217856,0.004212101,2.0955114,0.70879924,-2.0948691,-0.8174425,-2.6380627,-0.8632965,1.4562898,1.4582175,-0.857831,-0.06940177,-1.2091525,2.8518937,-0.66259414,-2.6869013,0.15143585,1.107188,-2.9444652,-0.15322135,1.7530346,1.5073725,0.43034807,-0.57518184,-0.4334228,0.11481063,-0.8576224,-1.9017445,0.87507576,-0.71454054,0.23065367,1.1215035,-0.826924,0.84453416,-1.5482273,1.5573277,-1.4775625,1.0405222,-0.24666792,-0.45862898,-1.2262983,-1.2643219,-0.48105648,-0.37618932,-0.58530474,-0.109025456,-1.5406992,-1.153997,0.015632018,2.041836,0.17266901,0.6512366,-1.8600341,0.14408998,-1.1793634,-1.1004729,2.7968242,-0.7666676,-0.14365555,1.2707121,1.7665393,-0.90975887,-0.06412402,1.7234982,-1.1217638,1.6418984,0.41642725,-0.1547281,-0.25051668,0.05773042,1.3041717,0.120847836,-1.7674083,1.4890773,0.718563,-0.64496917,-0.24403894,0.29199052,1.2835855,1.9800009,-0.71497047,-0.14359337,1.5015539,0.26082653,-1.4125537,-1.0969206,0.32035935,-0.15889423,-0.16648425,-2.7369418,1.0391423,-1.0956874,0.12300818,2.4009268,1.4315097,-0.74412835,-0.6512846,-0.6796276,2.247246,0.36120322,-0.76480746,-0.47406578,-2.4548578,1.874355,-1.7394423,0.12155966,1.4185565,-1.5209755,1.8525338,0.98806477,-0.95843023,0.4084655,0.84609747,-1.1068877,2.416729,-1.2477388,1.9730973,1.6821196,1.9493998,-3.60226,0.18514901,1.6739829,-2.787388,-0.64029413
P40933	-0.93931556,0.50146526,-0.35941526,0.3789744,0.5499645,0.9807335,0.74859023,0.64494854,0.7086092,-0.35917434,-0.657045,0.51935756,-0.2272434,-1.3136373,-2.0504432,1.4758632,1.2354984,-0.48975387,0.8116873,0.10629203,1.3103964,1.1533879,-1.7832042,-0.49004763,-1.4381677,-0.09624375,0.9671089,0.7460239,-3.3384926,0.079198934,1.6603372,-0.7238067,0.09499618,-0.17516425,-0.45295468,-0.070685655,0.65428686,-2.0362997,-1.6045891,1.6689366,1.0987896,1.7002614,-1.9859945,0.58768207,0.5706526,-0.5502626,1.0355744,0.53899395,-2.1337242,0.9902831,-1.1790917,1.0995152,-1.3936561,0.25745362,0.36877403,1.5004299,-0.7591195,0.26561144,0.18209645,-0.11492217,0.25486052,0.2314918,-1.051723,1.3014702,0.04812529,-0.47334766,0.32338083,-0.19426969,-0.21010765,-0.27509508,0.30695802,-2.566954,0.4985012,-1.1233007,-0.089869656,-0.7013064,-0.7965376,-1.0631211,1.1165614,0.77440983,-0.40494373,-0.11287421,-3.0162113,0.10119446,0.18137574,-1.4392862,0.72775805,-0.7029688,0.1331872,1.8301579,0.53388965,-1.0416842,0.4314346,1.5383852,0.12446662,0.45785108,0.6698992,0.63726205,1.1733106,-0.952238,0.4736478,0.7056083,-1.6637502,0.5786995,-0.5259913,-0.32008874,-0.13998757,1.7266905,-1.4924982,0.08638223,-0.55008143,0.6783898,-0.37524483,0.36946526,-0.55902684,-1.087068,-0.14885278,-0.07949345,-0.6823102,-0.37469107,-0.88416547,0.07861574,-1.5718764,-0.71549517,-0.43878558,0.5320278,-0.102297366,-0.35039884,-1.5809296,0.45960212,0.51515967,-1.1307269,2.0594962,-1.166254,1.615876,1.0839663,2.4429934,0.22789583,-0.35440603,1.2033064,-0.49918512,0.5738602,-0.85409003,-0.83105856,-0.17339745,-0.5825363,0.7874833,-0.059533805,-0.2186068,-0.34266537,0.836826,-0.41742268,-1.3588382,0.65009946,-0.9242353,1.6528221,-0.79376715,1.9107953,1.2590585,0.25951833,-1.232956,1.8072207,0.7334654,-0.92565423,0.579115,-1.3694167,-1.056689,-0.35519108,1.0600011,0.06516226,1.1597513,-0.9464672,0.63299084,-0.09831712,0.82134974,1.1850028,0.092159726,-1.3054411,-1.7324953,1.3005725,-1.0806235,0.7300528,0.4715405,-1.8158892,0.3482006,1.2681286,-0.42743,-0.49857455,1.7202853,1.2298023,1.020003,0.045445543,-1.0722396,0.70434517,-0.8616441,-1.1413037,0.37154695,0.6746404,-1.3576026,1.0049897
O14977	0.9803742,-1.2089546,1.356041,-0.6119061,0.25520784,-0.68549544,-0.5261597,1.3363615,1.3598058,0.22625302,-1.51928,-2.5100906,1.1346768,-0.6933647,-1.3156949,0.14150615,0.72829366,-0.72534144,3.200161,1.86693,0.45024306,-0.9452398,-1.4124595,-1.3966849,-1.9661299,-0.118578605,1.0223535,-0.96883816,-2.4577913,1.2056464,1.3692198,-0.47273472,-0.017987689,-1.1847639,0.18468848,0.32108572,-1.0878314,-4.0603657,-1.1754864,-0.7105708,1.1565486,3.043011,-0.7220677,-0.21728621,0.39229316,-1.0077034,0.9183952,-2.131495,-0.9099693,2.1280832,-2.0416465,-0.59143406,0.34046346,1.7814053,-0.27608335,-0.3825229,0.42515382,-0.9337835,-1.2088742,0.49593228,-0.35510114,1.974639,-1.9518355,2.7478282,-0.453881,-0.33928418,0.46160942,0.09831996,0.90723217,1.5442154,-0.18983744,-0.039769452,2.1003926,-1.8936497,-0.3315346,1.3000923,-0.8774485,-0.82788414,-0.4610408,-0.08381697,2.068143,0.9912784,-1.7222902,0.83524394,0.43150252,-2.1222246,-1.1042176,-1.9131721,0.07879243,2.2564228,2.0445366,-0.77836454,0.33864734,0.3848836,-1.4375986,0.5304105,0.4711289,-1.2516888,3.2426393,-1.2605741,1.2860644,0.72765684,-1.3658473,0.14486367,-1.2201542,-1.4856516,-1.1424891,1.5114679,-1.707032,-2.8738666,-1.2460631,0.43331233,0.15229845,2.1164773,0.4620563,-2.8166845,2.9223902,-0.3806364,-0.29150522,-0.5664857,-1.3892392,-0.8775989,-1.9510998,-0.14079526,-0.0175983,-0.27621308,0.68307567,1.3399278,-0.46086085,0.27164924,2.0274692,-1.235967,3.2583,-0.5010371,2.4274013,0.37051937,1.3984414,-0.5944052,-0.34214482,2.1306381,1.6084249,0.9147246,0.9953226,-0.73459774,-1.7921166,-0.05796803,2.634012,-0.39660943,1.0591668,-0.71012133,2.3140407,0.48291388,-1.6466924,2.251346,-1.0960689,0.4943821,0.4966209,1.0302031,0.40424582,0.2453143,0.61751693,0.9351673,-0.4103564,-3.5851016,2.2646756,1.0679736,-1.2640829,-1.1092408,1.2100327,0.016375385,1.171066,-0.9413961,0.25700337,0.7701809,2.0836048,-0.88898647,0.45251864,0.86202896,-2.802105,1.5758271,0.4868012,0.5932178,1.6363125,-2.2806466,1.053054,2.3490243,-0.038034227,-0.33327928,1.4987199,0.34099934,0.57134426,0.937615,1.0368931,0.8132461,-1.4328624,0.16038352,1.6284701,0.39354646,-2.2,0.7517538
Q5VZE5	-0.15079954,-0.4236907,2.2094014,-1.9039646,0.6812171,0.55490655,-0.6729472,1.2440336,0.66314834,-0.26007256,0.8587242,-1.8174022,-1.0270194,0.13940562,-0.36162522,0.86828196,-0.06349672,-1.4347718,0.39855123,2.5259151,0.37285268,0.5304907,-0.065789275,0.45592445,-0.14300178,-0.46885374,-1.0019268,-0.8164211,-2.4154067,-0.1401314,-1.5508236,-0.08302764,-0.95392096,2.3477955,0.8748663,0.52217734,-1.501757,-3.858936,-2.3413498,0.6224533,-0.5592345,3.3829367,-2.3087473,-1.0027194,-0.4995025,-0.5663563,0.39019436,-1.8431956,-0.009275286,1.010968,0.055919345,-0.69078934,-0.16445191,2.7161503,-0.6097018,2.23603,0.8648,-1.4237187,-0.2726655,0.62000513,-2.9954457,0.8098555,-1.978426,2.6858883,-0.8516871,-0.4870068,-0.3158945,0.49764642,0.30934256,0.5322853,-0.37542883,0.30350095,1.1278758,-1.4587307,-1.1799139,-1.1776688,0.3838436,0.6836103,-1.8049414,0.601966,2.0059292,-0.839574,-0.9869831,2.3685129,-1.0007547,-1.3505225,0.16280654,-1.7395262,-0.060032945,2.720857,-0.09120076,-0.21718591,-0.2448307,-0.35502276,-2.430298,-0.76855564,0.65575427,-0.30049032,2.2577264,-1.9828016,1.7692658,1.3989811,-1.3832685,-1.1783798,-0.54204285,0.8450136,-0.32629567,1.3925066,-0.6319991,-2.118261,-1.825834,0.42799473,-0.27290714,3.9434075,-0.5137764,-3.513724,2.1176815,1.165524,0.302537,-1.4875066,-1.2156286,0.76173306,1.9706144,1.4929767,0.26448622,-0.51224077,1.1942991,-0.6141798,-1.2937808,-1.4718137,1.8651286,-3.7293942,1.9574995,0.06497134,1.8728331,0.9028444,1.8500637,-0.4595822,-0.10993909,0.72929114,1.8184671,2.4373634,0.5792074,-0.35871863,-1.2060479,-1.3096079,1.8434975,-1.3398192,-0.42710236,1.1083356,0.13244548,-0.5932876,-1.6615514,1.2395729,-0.34039283,1.152855,1.7317636,1.5460526,-0.3359823,0.11866272,1.1688249,-1.6888855,2.348291,-2.750959,0.7772709,-0.98965174,-1.299567,-2.4475071,2.9932942,0.9842387,0.20843732,-2.5033383,0.62846506,1.3015696,1.4802403,-1.4202963,0.7471985,0.62133217,-1.7052778,0.2729055,1.6318873,-1.1448067,1.4037644,-1.7140157,1.0159122,3.0181706,-1.511095,-2.626744,2.189873,-1.1670119,0.2972227,-0.77386016,0.33516023,1.5797544,-0.6593764,-0.5322668,1.5056851,1.2369188,-0.7445616,0.2622009
Q8WUW1	-1.7265091,0.97653484,0.6398882,-0.6313847,1.1747456,1.9200727,1.0780644,2.3110905,0.1366027,-0.5893466,0.02364851,0.3345204,-1.2567401,-0.62920034,-1.9686779,1.6366868,0.14201537,-1.8082576,-0.3733698,0.107758164,1.5607892,0.85916585,0.8869457,0.82391375,-0.92651963,0.65303195,0.25842807,-0.18621229,-2.9252408,1.2534801,0.43418506,-0.6224277,-1.1077998,1.210456,0.8010431,1.1258345,-0.73736686,-4.02856,-1.7184192,0.054649185,0.28312665,0.41470805,-2.115119,-1.022108,-0.23481928,-1.6789634,0.2227897,1.152446,-2.4820685,0.5327216,-0.46414044,1.0546808,-2.2824082,2.231014,-0.7301661,0.9015761,0.5691299,-0.48501998,0.5117717,-0.15995726,0.6291489,-0.9576417,-2.1074915,0.7121853,0.14821757,-0.6227741,0.28388828,0.042102184,0.41368344,0.87564135,-0.84222794,-1.6601318,0.8909752,0.063956335,-1.3573996,0.6100997,0.95302665,-1.3142875,0.11088889,-0.41056293,-0.3262063,-0.73334205,-2.6118097,0.68040895,0.6599339,-0.5608806,1.00793,0.3093997,-1.0845907,1.4903996,-0.9686648,-0.79929036,2.495187,1.6477085,-0.5712937,-1.35638,1.558159,0.33871892,0.70378107,-1.0845255,-0.27699313,0.30065626,-1.4910681,-1.0203346,-0.25730035,1.2857348,0.4937888,-0.27726585,-0.4848317,-1.6069888,-1.2907277,0.16718562,0.20891406,0.001792729,-0.8852323,-0.61919117,-1.05078,-0.83041716,-0.7903298,-0.7069089,-0.2238936,-0.025900168,-1.7126302,-1.1069192,0.607105,0.75218064,0.20939203,-1.0391117,-2.1388943,0.33893248,1.1774293,-0.39026937,0.912456,-0.6266354,0.7336203,0.06682781,1.6764584,0.87050104,-1.6013902,0.62720484,1.6048278,1.1194552,-0.0702062,-1.2852122,-1.0800478,0.45877984,1.6743255,-0.5442668,-0.6406634,-0.09272793,-0.3734452,-1.2357022,-1.7040681,-0.86230135,0.29069662,0.14892624,-0.49365848,2.3074286,1.0469456,1.1244048,-0.6143201,0.9099795,2.1758647,-1.8034165,1.3002646,-0.28001034,-0.35809138,-1.3631301,1.2869836,0.928362,0.98417187,-1.7468187,0.76944935,-0.3708034,1.4516577,0.7563495,0.7966652,-0.24713832,-1.9428147,-0.3918865,-0.16292161,1.1138318,2.0155215,-0.099559225,-0.39237905,2.1630015,0.9023169,-1.5271529,-0.06831477,-0.6493323,0.22420025,-1.090506,1.1812478,-0.38570112,1.0098708,-1.0455874,0.3696139,-0.3969727,-0.17873198,2.042803
P14854	-1.284499,0.21976142,0.6418737,-2.6258311,0.71859986,2.0782666,1.393195,1.9206874,-2.1403558,0.33201015,0.3556464,-1.9026,-1.4418983,-0.35850412,-1.9134657,1.0958521,0.28978014,-3.2287796,-0.6301583,-0.15679215,1.0733261,0.9410584,0.92211443,1.2047884,0.035114676,-0.12035629,-0.023837494,-2.2605402,-3.6895611,-0.019873025,0.55495906,-0.83274597,-0.7361249,0.55803126,-0.2064142,1.3708202,0.7498811,-4.830434,-1.7455336,0.5262388,-0.44849154,2.9933403,-1.0599383,-3.0277169,-0.18912926,-1.0262557,-0.46179658,-1.6595399,-1.3986168,-0.12180924,-1.2574465,-0.37345004,-2.313763,1.173328,0.641396,1.6905133,0.8095497,-0.5457948,-0.52859473,0.8748598,-0.86157537,-2.3211875,-1.5711325,1.82868,0.96092814,-0.24570878,0.8978886,1.4890738,0.018301636,0.7969515,2.9574418,-0.47120827,2.9501624,-0.9213411,-1.2077963,-1.9179995,1.3450601,-1.5496132,1.541828,-1.085809,-0.24439621,-2.2740622,-0.062312465,-0.8123786,-1.550159,0.6509405,0.1273592,0.54694384,0.572326,-0.3769639,-0.876871,-1.4298797,0.55404466,0.70488346,-1.9299618,-1.5010511,3.8765883,1.5547675,0.19463232,-2.158785,-1.7325295,-0.7187477,0.27761817,-0.79531026,0.75136346,1.3025452,-0.569592,0.03809362,-0.96628606,-0.6125596,1.2469313,1.32281,-0.6311589,2.4559166,-0.8906704,-1.5569012,-0.38788745,-2.4320343,-1.3328644,-0.5894846,-0.4592792,0.1544956,-0.42537075,-0.99798423,-0.035212506,1.0105406,1.1089506,0.35736555,-0.8211723,1.3615092,1.1402209,-2.9319553,1.599097,-1.5521567,-0.04345498,0.38666287,2.6462762,0.69505024,1.8862163,1.0131396,-0.48441842,-0.6010182,0.05537696,-1.8525499,-0.5317157,0.6747198,2.273374,-3.793544,-1.5034242,1.2004882,-0.029658448,-0.90983146,-1.2372249,-1.7780874,-0.46053767,2.158357,-0.20576869,1.7518989,0.9892771,2.5635166,-0.37828153,-3.041644,1.6501074,-0.8354948,0.28845173,-2.2561107,0.82442194,-1.4447663,1.945943,1.1732078,2.6356862,-2.9393365,0.8374198,-1.459234,1.1966778,-0.5842028,0.39751762,1.4782357,-2.5574415,-0.7972526,-0.29918194,-2.4942422,1.1914495,-0.74757326,0.5325663,1.5512149,-0.036362547,0.28716004,-0.73032165,-0.33763668,-0.16999166,-2.6805542,1.0835669,0.4873705,2.6668973,-2.5468092,-0.39453223,1.47248,-1.7796029,-0.70217746
P11532	-0.8808669,-0.31039202,-0.10211697,-1.56256,1.6212965,0.80197656,0.23407327,0.7373167,0.9130271,-0.56267786,-0.32989916,0.9193653,1.627817,-0.27996632,-0.40845713,1.3992174,-0.7257885,-1.4715344,1.7890859,0.19522229,0.0014680653,-1.2034588,2.289995,0.3899363,-0.75046706,1.1866558,-0.34214908,0.7997773,-1.2562057,0.7060842,0.20037167,0.7516214,-1.436234,0.12764613,1.6708301,1.0033332,-1.6864752,-3.59946,-2.975276,0.20100394,0.26568204,1.0163502,-0.9171899,0.11019673,0.21032444,-1.3879107,-0.08912044,1.5279965,-1.582776,0.0908856,0.2066659,1.1978923,-1.9227225,0.69521713,-1.165694,-1.1661408,-0.33243954,-0.84252214,-0.5824535,-1.2413694,0.01869885,-0.48862612,-0.5975432,0.31208858,-0.18797252,-0.9561963,0.6470478,-0.1764867,2.0484338,1.5611506,-2.0304995,-0.98694265,0.4792772,1.0166767,-2.288056,-0.16038886,-0.1351814,-0.35206568,1.45877,0.738894,-0.38167536,-0.7102788,-2.8877237,0.1143556,1.2317044,-1.5542024,-0.9440791,-0.5416187,-2.9559538,1.9088627,0.1716681,-1.2710865,2.243332,1.4388214,-0.69937664,0.18595046,1.1371557,-0.31285062,1.6264837,-1.308643,-0.90297943,0.82770306,-1.3954192,-1.1775125,-1.2932936,-0.74761873,0.5349008,0.6998126,0.3424868,-2.1128051,-2.2131925,0.7251666,-0.089358345,-0.50536865,-0.4123524,-0.5438647,-1.5311826,0.044814657,-0.08705769,-0.81169325,0.35938582,0.72571844,-3.6420636,-1.5817662,0.2741005,0.90867895,-0.6853326,-0.4104528,-0.66795295,0.9060058,0.48428035,-0.104421526,0.46190277,-0.38505158,1.1796921,0.44141513,1.5270488,-0.82565933,-0.5802391,1.0524312,0.97399753,0.9378993,-0.0783911,-0.091982625,-1.2215986,0.7498459,0.61923116,1.1895239,-0.34428048,-0.48253205,0.15139522,0.0056816214,-2.294019,1.8344811,1.7807333,0.52622366,0.016899835,0.01976135,1.0075717,0.021412015,-0.6226318,0.7392519,1.0125611,-0.90528166,1.5382535,-0.3347151,-0.22858703,-1.0962716,1.361036,0.96006036,0.9456463,1.0141844,0.52413327,0.43169242,0.28113294,-0.44175807,0.41121396,0.21870357,-2.4228342,0.17293668,1.1806414,0.6279189,1.1209804,-0.23689948,0.53448755,2.5039802,0.61262244,-0.77440834,0.94003344,-1.0757755,1.0649796,0.10581795,1.2160904,0.14443201,-1.0762514,-0.7126024,0.6215894,-0.97762877,-0.41146722,1.3603542
Q8N2K0	-0.9043542,-1.0018849,0.08195644,-1.8537025,0.4706467,2.211795,0.6722071,0.9649498,0.2894656,0.24978305,0.668198,-1.3672229,-0.19198035,0.6217781,0.18992582,3.324463,-1.7596817,-0.838291,2.7353497,0.55153537,-2.0428212,-1.7443799,0.43631113,-1.1407906,-2.6335213,-0.80066556,-0.31258497,-2.5461028,-1.5670286,-0.473372,-0.5617568,0.9014167,-0.18584998,0.0997591,1.0936121,-0.022942942,-0.026460817,-2.007392,-2.880934,-0.59786046,-0.20124674,1.5463583,-0.8500799,-1.6032323,2.492787,-2.1728897,-0.65212744,-0.47492963,-4.6296616,0.27446076,-0.7251321,0.21274959,-1.0671371,-0.13727778,-1.7915853,-1.7280824,2.3118258,-1.632153,-0.94542676,1.237315,-0.7145206,1.7239465,0.20789903,1.1279235,0.31386817,-3.4511476,2.1958272,0.8129909,1.4176233,1.0659609,1.0216962,-1.5371819,1.1511914,-0.23092708,-1.1895463,-1.324478,-0.11907813,-0.062165916,-1.5163347,3.871519,0.45870194,-0.72097725,-0.65240943,-1.8157243,0.113688126,0.6760807,-1.3330135,-1.7134728,0.004764472,1.2390721,0.19503233,-0.8154121,0.9775055,0.87181795,-0.08520891,3.2096226,1.8020025,2.9488611,2.2960958,-1.0050805,-0.04985289,0.306394,0.25042146,-2.2479498,-1.559992,-0.55498403,-0.17884524,-0.37983504,-0.3217151,-0.31064528,-1.0987636,2.080231,-3.6044858,1.1338369,-1.0548337,-1.2944069,0.5921074,-2.3084018,-2.3788757,0.09392795,-0.6782687,0.36354408,-2.9037106,0.32927445,-0.8053185,1.8969338,-0.48121664,3.0995195,-0.15530694,0.51603013,0.2693649,-1.4053134,2.556322,-0.9857653,1.3618456,1.0021626,3.6708264,-1.8253608,0.64070857,-0.88977474,0.3873207,1.6801804,-1.4344848,-1.282573,0.5862268,-0.37404704,0.9509276,-0.057574082,-2.426191,-1.114552,1.1039659,-0.21353571,-1.3605064,-0.09683944,0.7831405,0.8880225,1.1440891,-0.41649118,1.171369,-0.81375736,-0.77511466,-2.3322978,0.1802155,-2.584834,0.8830601,0.018007804,-0.47711393,-0.23080495,1.5995992,0.47802916,2.2362297,-0.8809302,1.5373805,-0.2515837,0.97468084,0.9419292,0.8066393,2.0766897,-3.4493153,-0.2972279,-0.32041252,1.318498,2.7338552,-0.98228663,1.1968886,1.2588117,-0.8982029,-1.2402639,1.0572644,-1.5416938,2.027779,0.3378209,1.9964958,2.1941893,0.5039288,-1.7202905,0.21941163,0.69639826,-2.5909421,0.43131885
P62699	-1.9672949,0.15875493,2.252454,-0.46047854,0.75725204,1.3887846,-0.7604374,1.4354682,-0.99514914,-0.24231176,-0.40035677,1.3793864,-1.350148,1.333193,-1.3414212,2.5460658,0.15986577,-2.8396766,0.63673663,1.1171405,1.4799166,-0.6947787,1.1642761,2.3191297,0.57705194,0.79474574,-0.27809635,-0.96044564,-1.1421784,-0.38704747,-1.3519942,-0.9934027,-1.1014296,1.3992003,1.0347738,1.0943364,0.1369173,-3.9391916,-3.3837125,-0.7202129,1.141622,1.5661318,-2.998099,-0.13878,0.006142256,0.49580917,1.4200964,0.8097292,1.2735895,0.058259234,-0.45452467,1.6849855,-1.828024,2.7161026,-0.19764385,0.81407833,-0.75685406,-1.6720705,1.9686443,0.780629,-0.44637886,-0.28618142,-2.3935404,1.1612755,-0.13189353,-0.28564945,-0.6970937,0.48337403,0.27457094,0.5971062,-0.14655016,-0.23832008,1.5643272,0.972937,-2.5065432,0.3901653,0.23122595,-1.2904246,-0.512155,-0.025341867,0.7507372,-1.7248427,-2.2846181,0.4212776,-1.7929082,-1.482001,0.12284062,-0.2566123,-0.43376595,1.746827,-1.0934117,-0.9562862,1.0546265,1.1334037,1.3847779,-0.18348923,2.2376587,-0.093844585,0.72085446,-1.2589352,0.3380318,-0.027055075,-0.5925628,-0.7125117,-0.46159625,1.1150373,0.076468535,-0.7400097,-0.46895194,-1.896879,-0.4306965,1.0601643,-0.8349649,1.1557311,-1.1459802,-2.2062414,-0.008435023,-0.6268153,-1.3510873,-0.087248474,0.3008599,1.3411462,-0.3461761,-1.0037813,-0.11126145,0.27868363,-1.0492918,-1.3407186,-0.35449728,0.42189372,0.85217553,-1.7404399,-0.028846052,-0.554292,0.50730246,1.0169476,2.4080892,-0.7695173,-0.57428503,0.6944838,0.59590435,0.18609537,-0.14712782,-0.62254775,-1.8258455,1.0466479,0.943731,-1.164185,-1.2168137,-0.0041825804,-0.21599418,0.067756504,-2.2680738,-1.1357512,0.4259111,1.3721141,0.8229425,3.2817225,-1.0414352,0.42841068,-0.15279332,-0.8879418,3.0428052,-1.9356954,2.60665,-0.66788787,-1.7535837,-1.1394044,2.6461976,0.830921,1.0204556,-1.8156455,0.77945054,0.5266576,-0.59610254,-0.3787778,1.5404434,-0.3302954,-2.0939958,-1.3380399,0.370604,-0.406752,0.90070844,-0.011330871,-0.22377177,2.3309662,-0.68810165,-1.8868,-0.91622335,-0.66059715,0.5853043,0.2557518,-1.062355,0.51970154,-1.312531,-0.6650447,0.94338536,0.42290252,0.55822927,0.5412504
P24588	-1.3411641,-1.325921,-1.5223835,-1.8569622,0.4025769,1.6277735,2.4011655,0.8479714,1.7905807,-0.48067135,0.30059293,0.06282135,0.42832354,-2.1658933,-1.9206836,0.96945083,-0.6340539,-0.9720018,1.7745298,0.32257673,-0.62719464,0.7179077,0.44896165,-1.917116,-1.3349751,-0.8020278,0.87289315,1.0073514,-2.7364058,-0.52682513,3.2249813,-0.5802576,0.7416194,-1.2530888,0.10964267,-0.10508692,-0.5822166,-2.2773395,-1.8807452,0.6758067,0.92875654,2.4867864,-1.6403266,-1.1540765,-0.04962076,-1.1711557,0.89772123,-1.0163649,-3.59696,0.058807928,-1.3788688,-0.007911921,-0.1611241,0.504275,-0.041922484,0.28023723,0.48347974,0.33117184,-0.9649578,-0.3373201,0.68616205,1.6098185,0.9382416,1.1462626,-1.1502194,-1.7703754,0.15792438,0.26909485,0.4806473,0.16326289,0.6907404,-2.3332856,1.9641769,0.627517,-0.31845704,-1.7066371,0.30170357,0.08324959,0.8147742,0.82934785,0.8264978,0.55233026,-1.9703068,-1.3745651,1.6683993,-0.30073202,0.30619884,-0.79432106,0.468557,0.95936537,0.63343847,-2.4783103,2.0764387,-0.062475458,-0.8071758,0.2997721,1.0482186,0.05419611,0.6838084,-1.0851265,0.43061918,-0.45740956,-0.7679524,0.14111888,-0.77604526,-0.40572965,-0.24888474,-0.024531426,-1.610318,-1.3628665,-1.1352687,1.5954691,-0.18146747,1.4749026,-0.42676386,0.2697649,1.2466162,-3.45704,-0.7391148,-0.35280973,-0.44161677,-1.130792,-3.3603618,-0.7459026,0.6598512,1.7048961,-1.1024023,0.94058603,-0.09460569,0.46325016,-1.2281641,-0.4423107,1.9330908,-1.5609335,2.811028,0.8927014,1.4510076,-0.86731035,-1.7079858,1.434687,-0.93185174,2.525718,0.4090809,-0.672442,0.059406675,0.8173603,0.030559061,0.8368294,0.7270429,-0.9814435,2.0329945,0.56671906,-0.23257822,0.5923091,0.9493957,2.0325284,-2.2266476,0.821392,2.8183513,0.2781124,-1.3161004,1.2428417,0.076465,-2.4682055,-0.21195477,-1.6994989,0.21736713,-0.47935727,1.6850297,1.5698223,0.49815762,-0.848589,1.1115738,-0.33957353,0.359945,-0.6087571,-2.2390566,0.73837364,-1.5257627,0.15369733,0.32476813,1.2472802,1.5372854,-0.8234953,0.57584566,1.3504208,-0.3847577,1.9294802,1.0579925,-1.1369231,2.475923,-0.15755336,1.559279,0.45101446,-0.23753859,-1.2211223,1.1725395,0.1458094,-0.4961642,-0.32459825
P04899	-0.43089268,-0.6246847,-0.17769708,-0.21945702,0.98354787,1.5791596,1.8379184,1.5475646,0.52778935,-0.54557127,-0.66998297,-0.15114552,-0.41830626,-1.5384848,-2.0847158,2.1181147,-0.37275165,-1.7644254,1.3379701,0.47754404,0.3765131,1.0223888,0.07905339,-0.50943667,-1.2454118,-0.20288503,1.2522163,-0.09973755,-1.9779334,0.61230195,1.9452255,-0.7855053,0.24310306,-0.48883024,-0.021271093,1.236618,0.108427525,-2.2463655,-1.7030699,0.3641072,1.4944876,1.4115121,-2.6369576,-0.7131255,0.18634957,-0.5992366,1.2170218,0.022495404,-2.438823,0.6063289,-1.5016586,0.46091345,-1.2800934,1.0763701,0.029995034,-0.31765097,0.4527189,0.21038209,0.08095938,-0.05473209,0.9673526,0.6603904,-0.38167322,1.0545127,-0.78462666,-0.7065466,1.0653236,0.2969156,-0.031602845,0.06477196,0.47311017,-2.7504742,1.5559843,0.2853395,-0.2527015,0.42641634,-0.5440807,-1.0559213,-0.38345465,0.9308954,0.27531323,0.44089746,-1.6921976,-0.14748394,-0.046181977,-0.56824553,0.99628615,-1.1652653,0.7114782,1.0102799,0.7067731,-1.5095928,2.1982465,0.25767574,0.45600823,0.304799,0.8958236,0.40618408,0.9683134,-1.5869837,0.82308966,-0.5928024,-1.011974,0.32989198,-0.8481184,0.5166942,-0.30831876,0.24277526,-0.6073314,-1.5476817,-0.43684882,0.5521934,-0.53007203,0.9478625,-0.21574517,-0.28937942,0.7542616,-1.8367721,-1.6569487,0.32767013,-0.7702565,-0.20474204,-2.0728486,-0.87740034,0.39855513,0.7633557,-0.2849769,0.63233125,-0.66615075,1.3202856,0.17254938,-0.9744027,2.249374,-0.7732135,1.8037742,-0.5361987,2.1028183,-0.5545024,-1.4692184,0.8036813,-0.32153642,1.2020246,-0.12287349,-0.72589576,0.18673256,1.2477117,1.2421478,0.109139144,0.65922034,-0.78433734,1.1949219,0.57325864,-1.243892,-0.39829352,-0.50451595,1.1690563,-1.7068015,1.8392425,1.4125147,0.6381111,-0.0053830016,0.7769664,0.6100695,-2.476522,0.30397585,-1.3078343,-0.9232818,-0.6178246,1.4623193,0.8656992,0.73477143,-1.5296173,0.94746196,0.08964751,1.5092621,0.58926874,-1.4232651,-0.059763506,-0.68159544,-0.71266216,0.08869651,1.3376139,2.046552,0.382818,0.52231014,1.993981,0.80744416,0.28206128,-0.041364647,-0.75525844,1.164602,0.105304316,0.21536176,0.058067445,0.38160363,-0.4726368,1.6571181,-0.36731896,-0.59554344,1.6759624
Q9H845	-0.38476723,-3.044204,0.52041006,-3.2977326,0.6402025,1.8062152,-0.061435554,1.5066814,-0.19004196,0.5769141,-1.1038284,-1.672598,-1.8394318,0.05907128,-2.692192,1.0588741,-1.4380728,-3.1081338,2.6213584,0.04168655,-0.64706856,-2.1056216,1.9300412,1.0406266,-0.9703401,-0.066919394,1.3517373,-3.3319907,-0.8210143,0.7838094,-0.5532665,-0.5593914,0.5223303,-1.1661774,-0.054709025,1.3692682,0.3169966,-4.022369,-1.785486,-0.20099609,1.0951223,2.3699906,-0.9722535,-2.1175678,0.4561321,-1.5426713,-1.3050815,-1.884729,-0.30678788,-0.5031511,-2.1488552,1.2756464,-0.22834198,1.1871164,-0.14482234,-0.5605658,0.12614988,-0.26696843,-0.2702083,1.1386416,-0.15638144,-0.7481519,-0.87292475,0.71013445,0.6459132,-1.2484062,1.8197765,1.8733035,0.25622204,0.7354094,2.8097813,-0.16984102,2.9211771,1.0154139,-1.7130011,-0.7038113,1.0217422,-0.8786878,-1.0938199,0.114450745,1.0365045,-0.59631985,-0.32057032,-1.4272435,-1.05913,0.46480006,-0.76193106,0.4215362,0.22412968,-0.9186144,0.051902223,-0.7435089,0.25563714,-0.3299922,-0.06559881,0.32486296,3.1875775,0.68080133,0.097219236,-2.0371678,-0.6403107,-1.0669092,-0.15049998,-0.42913324,-0.3362248,1.4847031,-1.6192001,-0.99814135,-1.0473647,-1.7173357,1.3056034,1.0233871,0.0044074473,1.3211884,0.023117581,-1.3821372,1.4181451,-2.9398441,-2.2663481,1.4989655,0.02881156,0.23228763,-2.2541835,-0.6034598,-0.42797533,1.681544,-2.1666281,1.031356,1.1029701,1.8647192,-0.36050236,-1.0957252,1.899542,-0.5947557,0.5129234,-0.010285842,2.9368072,0.0919583,2.701299,1.2479409,0.2536373,-0.48196903,0.5967131,-2.0910783,-1.0838116,2.974969,2.3163486,-0.6966861,0.051049724,1.2977407,2.5425525,0.03688293,-1.3230544,-2.0525205,0.077842586,1.4780797,-0.6844868,0.76201135,-0.8019748,0.997329,-0.87616265,-3.495106,0.7547504,-2.1686506,0.36427554,-0.67406505,-0.4806855,-0.77517647,2.5410535,0.55054426,2.281946,-1.676725,0.62744266,0.22214521,0.29984903,-1.0288824,-1.8463442,1.1738323,-2.9349704,-1.3808277,0.3983046,-0.25573894,0.94928133,0.039882723,0.46841294,1.0552768,-0.3408586,1.1105822,-2.0530975,-1.358146,1.7347488,0.07381273,1.296626,0.35798118,0.6705459,-2.0184286,1.4789176,0.9448393,-1.5389931,-1.6512982
Q9BXY4	-1.1898524,0.615478,0.35404265,-0.9261,0.63021684,1.4170717,0.6579885,1.6079599,-0.9333287,0.42532244,-0.6001206,-0.8709525,-2.57688,-0.17351547,-2.5825088,1.9117924,0.6868717,-1.2857332,1.0375756,0.66450226,2.0411344,0.3249237,-0.6676723,-1.0304317,-2.7131882,-0.11187004,0.5457556,-1.4078174,-3.4928322,0.028493712,1.5174067,-1.5433006,-0.013541778,-0.37564275,-0.21846718,0.34372813,0.57694113,-3.4355097,-2.0641038,0.041821398,0.48994312,2.638598,-1.2060573,-2.062478,0.8670652,-1.6961375,1.13086,-1.5040544,-2.952652,0.50355655,-0.05100044,-0.076985165,-1.248126,0.51759803,-0.0669627,1.8282921,0.432382,-0.69103813,-0.7073443,2.2309964,0.58217317,1.2028729,-1.7022691,1.9709061,-0.40952992,-0.91293293,-0.91523904,1.2495011,-0.7251101,0.10663348,1.8205701,-0.14471011,2.5904052,-1.5311182,1.1425025,0.34790364,-1.7207992,-0.68853915,-0.35728568,1.216409,-0.20083116,-0.39398417,-1.280534,-1.1870863,-0.72150207,0.09755042,0.24033833,0.36768153,-0.053452868,1.4717728,-1.3218569,-0.96103597,-0.24159877,1.438505,-1.8856351,0.33676594,2.9137506,2.5599897,1.1401318,-0.55877686,-0.21126704,-1.099802,-2.1176724,-0.8345284,-0.860743,0.2821291,-1.2554296,-0.63022405,-1.127166,-0.57197344,-1.0273509,0.91155803,-0.39023852,0.55599076,-0.71144307,-0.6071103,1.3277749,-2.6853201,-2.7750623,0.43379146,-0.7425364,-0.83418953,-0.24488822,-0.481453,-0.17618698,0.5987101,0.9584782,0.45628738,-2.3978205,0.95482624,1.0642233,-1.8123581,3.9103785,-0.8550476,0.39492658,-0.24116555,2.4387567,-0.83461964,-0.755649,1.484293,-0.13339563,2.811523,0.042148806,-1.892603,-0.7175578,1.8153157,2.2590237,-1.6752497,-0.32489422,-0.28863096,1.7596457,-0.45569843,-0.87988675,-1.5388712,0.712393,1.1474286,-0.073388875,2.162506,0.78971875,1.290931,-0.48006555,-0.9710674,1.3287154,-3.3416195,0.8984033,-0.8284569,-1.0499328,-0.6545155,-0.26319182,0.79807913,1.4478912,-2.7651818,0.74609727,-2.602896,1.9322968,0.53545904,-0.16005343,0.9935366,-1.8114336,0.19517128,-1.5685726,1.4406043,2.7325842,-0.8187757,0.43872046,1.6529125,-1.841572,-0.9194045,-0.035447083,0.47029802,1.6378583,-1.0137818,0.79681903,0.7926779,2.0070703,-2.2785518,1.1130623,1.1137681,-0.23679917,-0.65047747
Q9UK08	-0.2758377,-1.0036336,1.3982446,-1.1637464,2.384539,1.9673461,1.490765,1.4277049,-0.43435866,-0.9210293,-0.016052673,-0.14435382,0.39520112,-0.73980725,-1.0621566,0.5439461,0.44667596,-0.91341394,2.010441,1.8618137,1.1848334,1.6453167,-0.97885066,-0.41644216,-0.5518646,-1.0804099,-0.8573795,-0.08637172,-3.0292175,-1.8713589,1.4222488,0.8569633,1.9453505,1.3614373,-0.19511746,-0.38895923,-0.6033823,-3.1559553,-1.7290424,2.0362499,0.1168976,4.810718,-1.9706767,-1.4196068,-0.08779627,-1.108493,0.6157094,-2.2205534,-1.1199907,0.60324675,-0.8255083,-0.29805717,-1.321799,1.059857,-0.26605412,1.1736007,2.0250664,-0.42674866,0.15710053,1.2652317,-1.6496854,-0.4315291,-1.5836589,2.2512991,-1.4222416,-1.0303195,-0.28839242,-0.735056,0.7030187,-1.2977157,0.3974475,-0.4752714,0.7572051,-0.77187145,-0.5174278,-0.9002637,-0.8947124,0.29524156,-1.6142033,0.2239566,0.09179172,-1.7574704,-0.56012815,0.8825354,0.1475756,0.81667274,0.78662634,0.0750145,2.272184,2.7227268,-0.435389,-1.24889,-0.99468285,-0.43781772,-2.0786378,-0.84497875,2.3183227,0.4466389,0.6640082,-1.6966501,2.2486124,-0.61802304,-0.17917381,-0.24583514,-0.08800523,-0.1948788,-0.3242837,0.47627535,-0.53988916,-0.4886222,-1.5143245,0.7611771,-1.058214,3.1087008,-2.973268,-2.344018,1.2346503,-1.1658936,-0.26289472,0.19783004,-1.0576769,0.4767825,1.2403196,-0.171944,0.19797128,0.0041465354,0.36425042,-0.008837478,-1.0795583,0.5851699,0.82404953,-2.9589977,3.0373728,-0.90061194,1.8602736,0.84602225,2.433923,-1.362184,1.3468473,0.56974965,-0.68704253,1.791083,-0.3447245,-0.38549888,-0.6575228,-1.3215449,1.5876094,-2.7125027,-1.05477,1.6532081,0.8755985,-0.84887975,-1.9999291,0.16681024,-0.015824882,2.5351574,-0.1428762,1.1441479,0.19080588,0.19247878,1.244175,-2.09039,2.2588036,-1.6410569,0.52275574,-3.408099,-0.529095,-0.77419186,0.72361445,2.2912917,1.0011295,-1.6715606,0.8737745,0.6449413,2.3984742,-1.6646858,1.0448993,1.4061606,-1.1314106,-0.026153306,-0.10958758,-2.330284,1.5626827,-1.8904467,1.314127,4.062166,-0.46745986,-0.49516022,0.4942105,-1.0690033,1.0540137,-1.4463935,0.54941374,2.240341,0.17068753,-1.7109715,1.3649303,0.8638487,-2.0051699,0.66151536
P51668	-0.42269978,-0.6655317,-0.60169154,-1.6899987,0.18835323,0.62425905,-0.00014874335,0.5936976,0.670403,-0.9683854,-0.45519808,-0.91836154,-1.3310816,0.06323309,-2.3803942,1.7382225,-0.8356483,-1.7361058,0.9487854,0.7097957,0.42153028,0.28571695,1.5760927,0.004565424,-1.1188344,0.5386666,0.4811848,-2.0489593,-2.663511,1.7257245,-0.9831893,-1.6691222,-1.4428271,-0.89729035,-0.47496927,1.4694241,0.99096406,-3.059888,-2.0966594,-1.3473564,1.3830127,1.0748054,-2.6959662,-0.96477807,-0.30438733,-0.1757433,0.6711187,0.17546748,-1.618708,1.4855531,-0.40876496,-0.04409469,-0.60421914,1.468933,0.97354895,0.20165917,-0.6853747,0.9014432,-0.8113329,-0.17118165,-0.24130885,0.82041204,-0.84401876,1.109916,-0.16498025,-0.2315392,0.7785783,1.5497967,0.11953998,1.2221671,0.33294022,-1.1145499,2.9676223,-0.7656432,-0.7599998,0.8616195,-0.56701064,-1.9853678,0.51694,0.02849147,0.4285112,0.013668468,-2.3413837,-0.41011757,-0.31179848,-1.4846388,-1.3392127,-1.8311923,-2.0297983,0.924685,0.28837183,-2.0714848,2.7346385,1.1910397,-0.7710575,0.4900328,0.822271,1.1900754,1.2799282,-1.551776,-0.8856229,0.24702854,-1.7481339,-0.0894278,0.36881924,0.2821296,-0.6661899,-0.120810814,0.2798367,-1.3135751,1.1467558,0.4630121,-0.8035053,1.1951236,2.496939,-1.6862713,0.69106454,-0.22904956,-1.9546821,-0.27599847,-1.0796064,-0.3243245,-2.893456,-0.40169096,-0.50680065,-0.4483606,1.3447388,1.5391542,-0.6672274,0.51316845,-0.46551377,-1.2223113,1.494783,0.600594,1.0476667,-0.79141045,3.1273985,0.8641829,-2.0911174,1.1849222,1.1021328,-0.51609665,1.6608598,-0.21306537,-0.07632534,2.379127,1.7354327,-0.3540183,1.2870164,-1.3184743,0.7666135,0.58401334,-0.39845785,-0.3797353,-0.57618535,0.03510986,0.74558187,2.2633293,1.1387918,1.23936,-0.116429046,-0.91052026,0.43304855,-2.6200233,0.70193183,1.1061114,-0.96129936,-1.4528203,3.1157608,0.7338086,1.2955557,-1.5513214,-0.055514455,-0.55632496,-0.4213566,0.8700625,-1.022508,-0.045445535,-1.7466956,0.5066372,1.0260266,0.8898504,1.9556413,0.46040693,-0.14821565,1.0869268,-0.10688423,0.35303313,-0.043401703,-0.3542178,0.2333571,0.40296125,0.795723,0.12401786,0.47057557,-0.32527107,1.446591,0.44169188,-0.82744414,0.08088826
Q9Y5S9	-1.0855308,1.0007966,0.78143746,-1.1148856,-1.6850877,-0.2949143,0.37762478,1.1576823,1.319535,-0.46807897,-1.0891525,-0.22731222,-1.2303501,-0.4523642,-2.0130954,0.9172036,-0.87893575,-2.1191225,1.1975856,0.40550622,1.9090999,0.25834182,0.89274985,2.7305472,0.5052485,0.6849965,1.2319506,-0.6892425,-2.1961899,0.023397388,-1.8336,-1.7243162,-1.6634941,0.053420708,0.23400171,2.1783252,1.8256645,-3.633234,-0.7338442,-1.1873585,1.4058446,1.0759571,-1.8796701,-0.960548,0.16798931,0.07470882,0.9568721,0.17729619,0.4288903,0.060687277,-1.8827745,-0.9268271,-0.99276423,2.0835598,-0.14246462,0.96926033,-0.92998266,-1.3970741,0.86576355,-0.75807625,-0.11045883,-0.13748012,-1.1489239,-0.53731143,0.16111618,-0.05031834,0.7453575,0.94526345,-1.0973802,1.0745026,0.84200776,-1.519141,2.396869,-0.24365933,-0.84349895,1.0409877,1.3432465,-1.7390453,1.187466,-1.7272867,1.7742263,-0.23616123,-2.3200345,1.2016532,-0.5004828,-0.74470454,-0.5545593,-1.1153132,-0.10475032,1.4708756,0.6885869,-1.204951,0.94917816,-0.3637701,0.5240289,0.43501726,1.7897695,0.6115528,0.9537007,-2.4124746,-1.1609737,0.5417962,-0.83369386,1.2828256,-0.31785613,0.83621705,-1.030932,-1.2614276,-1.1506252,-0.8056597,1.4803182,0.68902075,0.62782913,1.1565119,1.9632734,-1.7743837,0.5444902,-1.478773,-0.4506491,0.28081283,-0.83886546,0.21694699,-2.7875466,-1.769524,0.8520114,-0.7068354,-0.39977512,-0.8128107,0.10307197,0.84469366,0.7521855,0.47338393,-0.011633829,-0.6828069,1.8180804,1.2123564,1.9678789,0.67401946,-0.98963606,1.6064531,-0.1163262,-1.3309762,0.35181105,0.30861968,-0.5218301,0.68556947,1.5288786,0.36802697,0.7874284,-0.7028529,0.34683412,-0.08337376,-1.5197171,-1.908604,0.45087573,0.07806591,0.22168343,2.6439435,0.023236545,0.29796085,-0.7723002,-0.18292555,1.2082297,-3.5222845,1.8042754,0.4629976,0.49017566,-1.3518765,3.7831357,-0.5604642,1.8284172,-2.6426752,-0.46958524,-0.27084997,-0.54856175,0.7202083,-0.11916935,-0.62017155,-1.5074667,-0.08645201,0.39313343,-0.09902942,-0.16010496,-0.014560072,-0.6492769,0.83642954,0.59276694,-0.015543185,-0.44400078,1.1383048,0.35536778,0.16078368,-0.5385679,-1.0803425,-0.4089122,-0.5823616,0.4173814,1.6988772,0.17468974,-0.7174459
Q9UPM9	0.005570072,-0.6836191,1.5357541,-0.45535645,2.1924603,1.8124197,1.1446477,1.300252,-0.83859,-0.33157566,0.041771967,0.61151016,0.7007702,-0.087808095,0.43044898,1.4208338,0.4006931,-0.50047314,0.9944385,1.1693242,1.2699074,0.8364794,-0.45570454,0.4546395,0.507319,-0.64966154,-2.1913223,0.31550336,-2.842889,-0.67151475,-0.20201065,0.5650726,0.016334448,2.9065933,1.4180758,-0.4288584,-1.2278957,-3.689434,-2.1656637,0.74748635,-0.42189744,2.9291725,-1.7578106,-1.2064527,0.079907484,-1.7846118,-0.019139644,-0.2286701,-0.39374337,1.6565226,-0.0063674175,1.640432,-2.5262485,1.7124124,-0.7336915,-0.19147249,1.7033483,-2.6309757,1.2718734,-0.07877823,-1.3499988,-1.6005815,-2.633815,1.414647,-1.0429169,-0.9224328,-0.21558417,0.16065067,1.5280675,-0.37848493,-1.7569189,-0.23160441,-0.893304,-0.21122019,-2.4189835,-0.38006195,1.33567,-0.408317,-1.2414621,-0.20781107,-0.23385745,-3.0594559,-1.4253691,0.77909863,0.008412161,-0.21307352,1.7251278,-0.23228414,1.0870872,3.6408427,-1.1672724,-0.7377092,-0.14131343,0.7504812,-0.5239478,-0.51533073,1.802745,0.9200214,0.7531989,-1.7477857,0.9338808,0.7210512,1.2743683,-0.3316161,0.08399928,0.6481655,0.21046293,0.85524464,-0.4478389,-0.8949755,-1.5703807,1.4121702,-0.8262477,1.6263472,-3.4842372,-2.907055,-0.5945125,-1.0175557,0.29448092,-1.1050261,-1.1263424,0.12545754,0.4972528,-0.5235565,-0.051678058,-0.07453967,-0.23579754,-1.0328977,-1.2933738,1.3237317,2.2848687,-1.8281958,0.5652418,-0.9090049,2.1732147,0.8871227,2.748967,-0.63151205,0.5500042,-1.0961335,1.0188608,1.5975126,-0.81148845,-0.9926073,-0.7874943,-2.4586372,0.8351376,-2.6567779,-2.6666205,1.2966877,-1.6514208,-1.5001734,-3.2440157,1.0913008,0.46829385,2.672584,1.2929715,2.0996273,-0.3321509,0.13237248,1.0681833,-0.4691886,3.1318135,-0.80220705,2.0325084,-2.0673475,0.3637485,-0.83431804,1.1644834,1.0808342,1.1078303,-1.8330461,1.9488487,1.1925831,0.8669187,-0.39330378,2.2811294,0.10384388,-1.7619187,-0.37164474,-0.5589175,-2.4510722,1.6900952,-1.7192931,-0.36339673,3.4474568,-0.13816737,-2.1894255,0.38838115,-1.2705834,0.13480018,-0.9535763,0.71875817,1.6683588,-1.751031,-0.3983469,0.5124229,0.0011572132,-1.2498456,1.3387872
O15164	-0.15440856,-0.63269544,-0.6863643,-0.81774205,-0.18080866,0.3483781,0.4758221,0.5510818,1.0781703,-0.58917594,-0.55876064,-0.048249148,-1.3823717,-0.6907253,-1.4222838,1.0757737,-0.38879532,-1.2873161,-0.5168321,-0.0020635559,-0.17285594,0.5235329,0.11622769,-0.73158807,-1.4273859,-0.7608546,0.70310503,-0.46205842,-3.6895165,1.3087059,1.0319798,-1.6154822,0.2854059,-0.4619151,-0.95789975,-0.28796864,0.9246097,-1.8616931,-1.8860029,-0.885042,0.69956726,1.1401908,-3.6185274,-1.0633441,-0.26017627,0.36002496,0.83549297,0.26370832,-1.5572227,2.2742004,-0.29051176,0.65064883,-0.48291016,1.1394426,2.3273675,0.76232,-0.97992074,0.59950227,0.263095,0.08467718,-0.1987048,0.7287482,0.2894549,1.126202,-0.9030635,-0.95566696,0.51667595,0.53627455,0.5805195,0.20120968,0.22588117,-2.131992,1.7649757,0.122871004,-0.76912117,-1.5486864,-0.6489727,-0.6726468,0.5073477,0.3071334,0.34107867,0.21548909,-3.4313223,-0.64254135,0.41364822,-0.25666034,-0.64228094,-1.9842016,-0.58450764,1.9389807,0.88137275,-1.8700858,1.4817479,0.51333153,-0.41823602,0.37165204,-0.030881103,0.0108344825,0.29465467,-1.3358591,0.094810754,0.0068508866,-0.771377,-0.78050303,1.2887771,0.6225187,-0.37828076,-0.35132954,-0.9594247,-0.51977855,-0.5048136,1.6305802,-0.37835592,1.4598382,1.0084368,-0.6100004,1.0172348,-0.69406134,-1.1217065,-0.72151417,-0.9345716,0.7365741,-2.4312742,-0.5239085,-1.2607245,1.0878776,-0.088371046,1.2500302,-0.6298185,-0.49279198,-1.7219876,-1.0500917,1.1273947,-0.52476186,2.683623,0.7486572,1.9482373,1.5409089,-2.389405,1.0760425,0.46961436,0.77743405,1.4251869,0.045458443,0.6556311,1.5574684,0.9364216,0.46964398,-0.08554405,-1.318146,-0.15125221,0.855958,0.27390635,-1.2607453,-0.5522269,0.27521077,-0.20589249,1.5348735,0.99222374,0.6009804,-0.9992776,0.92196137,1.0696558,-1.7240134,-0.02612223,-0.575141,-0.7417893,-1.794086,2.719519,1.3275094,-0.34945503,-2.401968,-0.8563517,0.6284025,0.8690383,2.0540333,-1.6600685,-1.0281299,-0.5081292,0.39440578,-0.24387805,1.277947,1.1735452,-1.504241,-0.16529231,-0.887198,-1.1986021,1.0159724,-0.061041653,-1.1647657,0.32655403,-0.14211878,0.3365668,0.8674719,0.49463466,-0.68384963,0.99918765,0.8052662,-0.6681951,-0.22747494
Q9BSJ5	-1.03433,0.3962542,0.9749081,-1.4483901,0.09782946,0.41236642,0.59050494,1.0172489,0.075111054,0.14926277,-0.5483247,0.17121184,-0.7726207,0.20085426,-0.9957053,1.5124189,-1.3466872,-1.6479212,0.026687521,-0.056804392,1.7667229,0.16841005,1.5610791,1.3682916,0.57151973,0.053039957,-0.009056545,-0.3051686,-2.1009912,-1.1029195,-0.27357727,-0.78136414,-0.7036614,-0.05298592,-0.54313505,1.6337698,0.23910688,-2.9942744,-1.255231,0.2762692,1.7730185,1.8785177,-1.1982926,-1.8437648,-0.01850838,-0.13358836,-0.13908325,-0.28126803,-1.111525,0.19612676,-2.2697608,-0.6726774,-1.7138724,1.4718283,-1.0428447,1.0836594,-0.40087816,-0.98285264,0.18254282,0.22372475,0.63009024,-2.024775,-0.28399092,-0.09553055,-0.039746236,-0.02259355,0.9403504,0.94254744,0.68544513,0.5501365,0.61538815,-1.8092325,2.9817317,1.4215723,-1.6813654,0.033436973,0.25835636,0.6347993,0.07920875,-1.2561734,0.27666742,-0.4303939,-2.0279007,0.16207737,-0.03264913,0.04447507,0.09209342,0.5476485,-0.6500983,1.4332356,0.7533104,-1.8285439,0.5506124,0.0415672,0.26086268,0.41183984,1.3623106,1.4352722,0.046356767,-1.7220724,-0.89571244,-0.20631967,-0.72237706,-0.15461615,0.074012004,0.9223365,0.8095885,-0.8799426,-0.9657865,-1.1918942,0.21440212,0.8195757,-0.26687917,1.4105214,0.16948143,-1.1041548,0.02845991,-1.8342943,-0.9508409,0.5699447,-0.22000994,0.91319364,-2.069427,-1.8609298,0.84565234,0.13791552,0.17454976,-0.14214931,0.34604388,0.78943914,-0.2175557,-1.5518234,1.2749014,-1.1574242,1.620788,0.74393624,0.67684364,0.18697222,0.2659189,0.65596104,-1.7983317,0.5841285,0.7534412,-0.8631453,-0.47629455,0.37512267,0.9449287,-1.1143426,-0.5112559,-0.55825675,-0.37690482,-0.35720488,-1.2186662,-2.8247712,0.3170975,0.7753109,-0.6550732,2.1320748,-0.13140236,0.0984765,-1.0660995,-1.3616027,1.656761,-1.6190497,1.7376405,-1.3843069,-0.2530028,-0.8564794,2.405257,1.2761924,0.49001896,-1.670482,-0.20052035,0.5550186,0.90957105,0.42973658,-0.8386777,0.33763984,-1.6882625,-0.8087799,0.30078867,-0.000105337574,1.0548731,0.42520562,-0.16611281,0.658147,-0.43509224,-0.91039765,-0.65900147,-0.42572534,0.29430488,-1.3330864,1.6667057,0.47937733,0.8912892,-1.2433988,1.4654802,0.7578441,-0.7529935,-0.457688
O00512	-0.8248346,1.4427437,0.93857205,-1.3168827,-0.40253028,0.021949325,-1.6258457,0.39363897,-0.59875333,0.7525684,0.34022564,-0.9168565,-2.6847863,0.6680747,-1.4642822,2.0694785,-0.14862192,-0.4036617,-1.5441424,0.03820454,0.8129064,0.19139133,0.9623029,1.3796139,-0.0757146,-0.004471458,0.15653098,-2.3591948,-4.2689195,-0.43378574,-2.0116153,-1.107006,-0.95571756,0.61029017,0.12963863,0.76195854,0.27347657,-4.1036415,-1.8345962,-0.6731828,0.28073642,2.130787,-2.5042572,-2.3183377,0.52654177,-0.1681968,0.09615856,0.18128368,-0.89931035,1.0620723,1.2099242,1.3259735,-1.4864364,0.49492326,0.58011997,3.2560792,-0.12469898,-0.36207685,0.5881296,1.5846779,-2.123597,-0.860705,-1.2162815,1.0197071,-0.9145496,-1.1364591,0.5213382,0.42899328,-0.7611446,0.69143623,1.4091874,0.5653023,2.5266845,0.009621437,-0.6390586,-0.89472973,-0.3828378,-0.23400584,-1.2695355,0.103119195,0.116469055,-0.84343934,-1.6722584,1.288197,-0.9905621,-0.8488859,0.039213687,-0.1047008,-1.2834272,1.4618827,-0.7301532,-0.5771449,-0.40436518,1.0923489,-2.4663277,0.027214117,2.4262102,2.6835756,0.8026869,-1.5511266,-1.3197924,0.34490055,-2.4233184,-1.1209637,0.53481185,2.4224546,-0.80625224,-1.8280736,-0.33971515,-0.51336604,0.46410573,1.3580936,-0.5589104,1.8028917,-0.5736592,-1.8345932,0.950606,0.9881136,-2.435721,-0.42490304,0.006247444,1.4435565,0.57296973,-0.3413199,-0.74723136,-0.53448635,1.3931053,-0.5076425,-1.7048008,-0.12770157,-0.3035881,-3.6473563,1.9204878,-0.2641226,1.749639,-0.008453286,2.397915,1.5945662,0.18926045,1.2164698,0.25663805,1.0121509,1.146898,-1.0780966,0.48754665,0.8992363,1.5561246,-2.1241605,-0.8848473,-1.1834924,-0.501326,-0.5541148,-0.49773207,-1.5445673,-0.27910325,0.13682926,1.54199,2.509869,0.32626462,0.8680807,-0.34567183,-2.5604231,2.7476537,-1.3919642,-0.22514412,-1.3135047,-0.92478436,-1.352132,3.484835,0.8877995,0.3549198,-3.6632376,-1.1811792,-0.75181085,-0.21005362,0.99478835,0.18481162,0.4191227,-0.7754958,-0.24569339,-0.6250797,-0.9639203,1.1180413,-1.8544006,-0.04248413,0.07366116,-2.091095,-1.1230348,-0.013030037,-0.37081864,-0.32454172,-1.837159,-0.61431295,1.4866378,0.9620492,-2.019645,1.629825,0.8644235,-1.1237682,-1.2782766
Q9NXR1	-0.48478562,-0.8839684,0.1637325,-0.9709262,1.1062266,1.8792651,0.6703103,1.3303226,0.08311695,-1.3357222,-0.14691544,0.5799699,0.32947263,-0.76300186,-1.2224005,1.5663829,0.039049067,-2.105144,1.7963701,1.4970136,-0.23758611,0.7340917,0.85296136,0.022624413,0.63527197,0.58040065,-1.725016,-1.1703124,-1.2052201,-0.2060964,-0.9579642,-0.37620693,-1.3809739,1.829396,1.4787209,-0.0006640114,-0.6249732,-3.2356837,-2.3565714,-0.69626194,0.2262492,2.78086,-2.753888,-0.77343476,0.3221495,-0.7769195,0.93299955,0.10019925,-0.51788795,0.7729478,-0.5986312,0.74773,-1.8678067,2.4615476,-0.3692015,-0.8644877,0.5098687,-2.1109436,0.8328979,-0.42325062,-0.49778023,0.7198825,-2.278935,1.9345412,-0.8787089,-0.90780663,-0.2374383,-0.43822616,0.92358035,1.122569,-2.045125,-0.7774164,0.29044044,1.0328585,-2.6490426,-1.172095,1.6997671,-0.2444533,-0.48768923,0.84875184,1.2540247,-1.4570603,-1.3872342,0.15063691,-0.4176646,-1.0519062,0.80927694,-1.0745535,0.26664147,2.314228,-0.76795006,-1.3650831,1.4296715,0.1062034,-0.3677804,0.14147624,1.7253889,-0.073998004,1.1227198,-1.4904226,1.1231065,0.04415987,0.76001114,-0.8392242,-0.6711185,-0.53285664,-0.1612627,0.43176085,0.11675596,-1.2953181,-1.5389513,1.5148643,-0.9215498,2.0935004,-0.90835714,-1.7846653,0.05173884,-0.846743,-0.7884857,-1.4160129,-1.1184585,0.73448086,-0.14726956,0.7123803,-0.3343555,0.22878006,-0.5173552,0.057208695,-0.20075156,0.004837319,1.1358624,-1.4326885,0.5745508,-0.7386885,0.9726797,1.2391398,1.4551225,-0.89359885,-0.5948917,-0.95773315,2.0959845,1.788291,0.026744701,0.00036982822,-1.0685567,-0.939913,0.7400922,-1.0238103,-1.4010551,-0.13557737,-0.5619717,0.37166345,-2.497451,1.0589602,0.6649338,1.2703722,0.9675979,2.5162015,0.1837222,0.4773788,0.7838394,0.24260382,1.9057016,-1.6666535,1.739789,-0.647765,-0.6423931,-1.927054,1.8370235,1.330098,0.61831766,-1.528314,1.701533,0.61183846,-0.08188484,-0.8538285,1.7156466,0.41315222,-1.5609596,-0.49989837,1.2819597,-0.29467946,2.0569906,-1.2695106,0.3040361,2.9774826,-0.5906522,-1.0822383,0.9599205,-2.2103758,0.9723384,-0.3887532,0.28138387,1.091989,-1.017051,-0.7425545,0.53681743,-0.2120582,-0.6359583,1.2068851
Q8TCY5	-0.6531975,-1.3488086,0.96947634,-1.8027151,1.1437923,2.0487428,1.2629167,1.7293613,0.76512223,-0.40309733,-0.29208675,-1.6658962,-0.04631141,-1.4688096,-0.8091728,1.1485059,-0.80610263,-0.44103825,2.1504576,1.0957365,0.011587547,-0.59316456,-0.105222166,-0.68887955,-1.991304,-0.8821841,-0.04104781,-2.2381504,-2.8673108,-0.80433017,1.2946106,0.7373172,0.7755508,-0.13916305,-0.0074207727,-0.045832586,-1.0657239,-2.6675384,-1.2466147,0.31205726,0.5178597,3.5871482,-1.6412386,-1.9027712,1.299747,-1.7218158,0.5395516,-1.1008557,-3.2503848,0.7557156,-1.4739805,0.69342995,-1.5607352,0.08185222,-0.34278512,-0.43345863,0.9103935,0.30882812,-1.0633944,1.220872,-0.47745836,0.6892927,-0.51476157,1.7581311,-1.733815,-1.7397178,1.3359877,-0.74780816,1.23197,-0.42252293,1.5994477,-1.3140807,2.0209074,0.25548187,-0.16207284,-1.6339175,-0.329646,0.66831803,-0.9237389,1.5376267,1.2351761,-0.011191544,-1.2255988,-0.42265135,0.6168853,1.6835707,-0.5281358,-0.97514194,1.7088459,1.3451809,-0.16166753,-1.6131107,-0.68468964,0.14806192,-2.6170564,0.6145561,2.4766645,0.6502441,1.2095094,-2.2994113,1.380121,-1.4100974,-0.25275266,-1.4899102,-0.30533776,-0.9567266,-1.0926566,0.5585315,0.007225353,0.124669105,-2.005177,1.9373838,-1.4868468,1.7860311,-2.111275,-1.2451887,1.5031475,-2.594654,-1.3800513,-0.51042354,-0.18066193,0.67975026,-1.2855253,-0.06798887,-0.8046389,2.0198252,0.02679231,1.5036427,-0.2604296,1.2462399,-0.35706666,-1.4556851,3.7889538,-1.3263173,2.3561363,0.55978733,2.3748162,-1.1413522,0.14989814,0.47856605,0.2781667,2.0386837,-0.19743785,-0.6829334,-0.61375856,-0.1852133,1.6446408,-0.80021065,-0.57348,0.55111384,1.6983818,-0.98093456,-1.4167311,-0.21270609,0.5825393,1.2996365,-1.1791917,0.95270693,0.5274793,0.17602403,0.09629023,-1.6802781,1.6581397,-2.796529,-0.039561514,-2.1715887,-0.3839938,-0.9839136,0.9760907,1.8406192,1.0611858,-1.940117,1.411857,-0.020354152,1.7081473,-1.0364563,0.30226773,1.9235183,-1.815383,0.2263969,-0.569043,-0.3948666,3.07425,-1.4067886,1.4318874,1.5865849,-0.9017751,0.04046533,0.297545,-1.6852002,2.1536522,-1.2289118,1.4243264,2.0635195,0.65149647,-2.3992472,0.5433765,0.3755927,-2.400161,0.20945677
Q9Y6M9	-1.4196995,0.07144354,0.2974941,-2.7317185,0.95750177,1.738787,0.67145157,0.89335126,-0.7648974,0.757338,0.17306948,-0.8144634,-1.5847942,0.25198093,-1.668946,1.9091123,-1.0835471,-2.3532896,0.16373675,-0.0026332722,0.82048804,0.3107964,1.6327246,1.6238773,-0.045479335,0.38986522,0.3890976,-1.898179,-2.6632166,-0.66463745,-0.33202094,-0.8366862,-0.16919312,0.28496456,-0.2107528,1.6215461,0.2811387,-3.898059,-2.0586135,0.7635588,0.5661478,2.2610226,-1.0806618,-2.5225708,0.35350826,-1.4763486,-1.3199869,-1.2239724,-1.9023172,0.21300784,-0.73144025,0.76203465,-1.2671183,0.71591425,-0.47635207,1.7506399,0.22335367,-0.32238683,-0.9659589,1.0804932,-0.44397882,-2.2495532,-1.2625732,0.11586528,0.22677207,-0.5638582,1.98558,1.6919827,0.23732443,0.3777194,2.7335117,-0.9041163,2.8914707,0.7849315,-1.5576702,-1.4301089,0.49930468,-0.20414446,-0.28546053,-0.4015251,-0.06695932,-1.1675223,-1.687004,0.18734953,-1.0153862,0.54490036,-0.01926085,-0.19088285,-0.8064902,0.08523672,-0.14396757,-1.2396752,0.029819306,0.64891213,-1.3903723,-0.19179502,2.7406137,2.0285945,-0.1969587,-2.3029814,-1.4995779,-0.5624753,-0.6716155,-0.4784585,0.19719116,1.4579995,-0.2198152,-0.714663,-0.9937755,-0.39696664,1.0440027,0.8356389,-0.92998326,1.8440353,-0.73760945,-1.1365381,0.21205424,-1.8664546,-1.3092853,0.6410687,-0.56811315,0.963767,-1.2323116,-1.2112075,-0.6150351,0.18205462,0.42193255,0.4051601,-0.34776014,1.7984574,0.053643335,-2.345607,2.461527,-0.64661753,1.4051721,-0.1889878,2.4188175,0.8784744,1.4124916,0.7212385,-0.99163234,0.1430189,0.8416628,-1.8590236,0.10037558,1.1767567,1.6172669,-2.0019805,-0.2450778,0.35289252,0.43976566,-0.9717563,-1.1483378,-2.216921,0.10053471,2.110648,0.1678532,1.8502195,-0.1878324,1.3942081,-0.67557013,-2.787652,1.792017,-2.0139096,-0.59778047,-1.7871628,0.17949566,-1.1478349,2.8865025,1.0715598,1.7296612,-2.6512258,0.6552542,-0.2342221,0.27990443,0.4622117,-1.4219451,0.8365549,-1.9510875,-0.9919869,-0.27363336,-1.2924446,1.3044971,-0.3145979,-0.104068644,1.212654,-0.6905336,-0.3882182,-0.36089146,-0.98996377,0.93786806,-1.5876439,1.6146712,0.83059126,1.533377,-2.617893,0.90072364,1.6719421,-0.9870644,-1.4287494
Q13526	-0.20762897,0.42566538,-0.058589086,-0.33488417,-0.65494555,0.5399238,0.534119,0.66175735,1.2609415,-0.60686004,-0.272219,-0.40261135,-0.53033507,-1.4258704,-1.3218738,1.254682,0.59259737,-1.4879946,0.90099394,0.45171383,-0.26778322,0.39530513,-0.7781116,-0.30712137,-1.0781294,0.13240887,1.087379,-1.1345773,-2.316568,0.07590844,0.49101615,-1.626946,-1.3373011,-0.12741597,0.41866338,0.14503591,0.4006268,-2.139556,-1.4470375,-0.60887724,0.62760806,1.9956119,-1.5063223,-0.58972335,0.94601667,-0.8182596,1.648021,0.00247894,-1.6971518,0.40405524,-0.28338313,0.5401847,-0.8159185,0.80828786,0.42196772,0.2088483,-0.37735954,-0.7025539,-0.20736523,0.32204655,-0.24433196,1.6694938,-1.7270066,1.8767966,-0.19766064,-0.6115049,0.6515989,-0.7854257,-0.14037633,1.5302294,-0.15123086,-1.8414747,0.90361637,-0.4214828,-0.33767608,-1.7895592,-0.37499556,-1.037411,0.48092332,0.76379555,1.2926667,0.8357395,-2.1112065,0.14909513,-0.41518083,-1.909615,-0.38585526,-1.8218707,0.5378225,1.233321,0.7907215,-0.47025838,1.1161683,0.77608454,-0.48574638,0.9152453,1.2104669,0.18680511,2.394419,-1.2053261,0.24253856,-0.083991855,-1.2163379,0.5823618,-0.83024377,-0.7855774,-1.1698494,-0.23482929,-0.903565,-0.63429385,-0.28278148,1.1395291,-0.040054154,1.666348,0.27444085,-0.000120528726,0.3954585,-1.104595,-1.3017792,-0.7681142,-0.7321514,0.0946711,-1.6020364,0.33264658,-0.15384369,0.52559656,-0.12630695,0.25501317,-0.4096829,0.3301557,0.5973002,-1.3174802,2.5105906,-1.3152534,2.0052605,0.6331589,1.4286616,-0.13384867,-1.1087397,0.7512296,0.8936285,1.0171633,-0.21266201,-0.5157606,0.3850547,-0.09751966,0.8182361,0.19429456,0.85448956,-1.5581114,1.397126,0.54716,-1.0347486,1.4465572,-0.18284187,0.4684006,-0.35455486,1.5522896,1.6855184,0.74578136,-0.30885825,1.4842533,0.11214376,-2.551531,0.8713908,0.345145,-1.2989473,-1.2901896,1.7677555,0.28934392,1.2102592,-1.3788781,0.45837203,-0.6089176,0.25229654,0.682718,0.28750163,0.34079286,-1.1536491,0.42186907,1.0841736,1.6907388,1.3633094,-1.7247108,0.056959543,1.2200649,-1.4886984,0.17066363,1.3965685,-0.028288107,0.5489758,-0.07720443,-0.4038719,0.17954203,-0.58468086,-0.65815675,0.44777817,0.34844697,-0.56907004,1.1731331
Q00059	-0.6338527,0.13881363,-0.8477344,-1.3214157,-1.2942394,-0.56568897,0.3724062,-0.8166671,1.2954136,-0.08681526,-0.6937962,0.99849176,-0.6634476,-1.0752946,-1.3700755,-0.27520907,-0.58615315,-0.67476565,-0.117657684,-0.81713516,0.34234107,0.6931954,0.6769598,0.5868173,0.70272696,-0.027972106,0.02316382,-0.76149243,-3.4961715,-2.5664926,-0.20295577,-1.8248448,-0.47649488,-0.94177383,-1.4632101,-0.3995455,0.9224376,-0.9719899,-1.3651413,-0.0063491943,2.0302184,2.8559718,-2.3773518,-1.0896777,-0.26623717,1.1410474,0.31273133,-0.3630273,0.2636819,0.4145558,-1.2757975,0.32119504,0.2687736,0.12326642,1.8692703,2.8774102,-1.6427714,0.4179581,-0.81820965,0.98901415,-1.1632836,-0.52889186,0.33750963,0.38027453,-0.51951253,0.0077878744,0.74289846,-0.8526947,0.5212153,-1.022657,1.1835922,-1.2846794,2.5766084,1.1306746,-0.7367154,-1.4359326,-1.0394266,0.32505032,1.1513172,-0.39392552,0.672271,-0.59747887,-2.338297,0.21616963,0.09131275,-1.8312327,-0.71827847,-0.89171916,0.12154805,0.6391344,0.41000658,-2.0741158,-0.08807263,0.35520476,-0.5023583,0.89508665,0.9417991,2.2982585,0.07779942,-0.74327695,-0.5995632,0.32692894,-0.26133385,0.90940726,0.61429524,0.1240725,-0.007741036,-0.76894146,-0.6231128,0.43484175,1.8435216,1.4403988,-0.728005,2.1283848,1.6434058,-1.0170658,0.08741914,-0.87441885,-1.8108172,-0.16301157,-0.9721144,2.006998,-2.131405,-0.78110504,-1.2211155,-1.428186,-0.06665145,0.58067673,1.077529,0.43843067,-1.3585025,-2.3744268,0.13648215,-1.4599621,2.6126354,0.9917446,2.1431515,0.6509198,0.8732597,0.21401504,-2.033601,-0.7171392,0.4028285,1.1677685,1.0847812,0.34504348,-0.6362768,-1.5234132,1.1254083,-1.2149179,0.13620928,-0.35032183,-0.18020533,-0.71586484,0.18916875,0.9321021,0.15113242,2.081542,1.1399398,0.83185077,-2.0761974,-1.14252,1.8266723,-0.6630426,-0.63276213,-1.1731603,-1.1699706,-0.4439086,3.9031005,0.6572587,0.9334615,-1.4352524,-0.91405183,-0.34639814,-2.082161,0.49555007,-0.9330667,1.3349546,-0.6482352,-0.094901845,0.5306386,-0.84102714,-0.45616153,-1.7820534,-0.7209412,0.07403879,-1.4396536,2.1785648,-0.48288614,0.58440256,-0.8577839,-0.9245196,-0.64394635,1.1086231,-0.6276742,-1.1425617,1.5039091,1.7506247,-0.5344923,-1.6983443
Q07820	-1.4389424,-0.07271066,-1.4529405,-1.7622854,0.8454873,1.2774397,1.003835,0.0789246,-0.6503939,0.13641925,-0.30773458,-0.08920456,-1.2941271,-0.82866263,-2.4618375,1.4397101,0.07930123,-1.9806088,0.2356458,-0.11935063,-0.9419748,0.74068916,0.09286367,0.1570824,-1.1159453,0.1876201,0.13240933,-0.46400172,-2.7984548,0.14241448,0.99791193,-1.2341992,-0.9694344,-0.42162284,0.15780713,0.6712422,0.39882353,-3.0387166,-2.5311499,1.3138041,0.4773695,1.9269867,-2.333375,-0.86881226,0.22899699,-1.0303972,0.35705194,-0.3726654,-2.3023875,0.31067204,-0.85781187,0.77076393,-1.3637437,0.40917262,-0.36747602,1.1331487,0.04915069,0.42675,-0.9372411,-0.44282538,-0.049103938,-0.010902442,-1.0532908,1.661127,0.49100387,-0.34167007,0.7218393,1.3180661,0.39565372,0.6504355,0.73566496,-0.95676345,1.9229472,0.06699154,-0.86857295,-1.5784285,-0.08704685,-0.6149848,0.96323633,0.9650366,-0.1762994,-1.0328606,-1.6456282,-1.1971525,-0.6548733,-2.154293,0.43629062,-0.36293504,-0.11580662,0.6927517,-0.15909712,-1.1950271,1.3837274,0.8261869,0.039652694,-0.03873086,1.1585507,1.2818925,0.08394687,-0.8141434,-0.67283076,0.05729926,-0.40638658,-0.14220347,0.40775347,0.27087185,0.55562586,0.6791646,-1.1393834,-0.7320891,-0.015554769,0.4556759,-1.3133433,1.2374617,0.4646052,-0.40442926,0.059783585,-1.2565631,-2.245345,0.12971428,-0.70782083,-0.65621805,-1.4595686,0.16977686,-0.7005219,0.99235094,-0.08457545,0.30556285,-0.63711673,1.436394,0.55635995,-2.6290486,1.6319653,-0.43186462,1.0965514,-0.10542971,2.7890062,0.16723523,-0.22932641,0.06520229,-0.26198792,1.1221765,0.15735097,-1.2798668,0.1258309,0.99674535,0.87004066,-0.5709681,0.326354,0.00407774,0.83023703,0.5799819,-0.60159576,0.87873054,-0.80386186,1.7077527,-0.23572353,1.7497095,1.2598823,1.0115027,-1.6255467,-0.32873026,1.165002,-0.53963995,-0.17650226,-0.48470366,-0.7667531,-0.47600514,1.7920116,0.4684004,1.27961,-1.4020879,0.71113807,-0.6330921,0.039530136,0.31196344,-0.62320113,-0.36473817,-1.9127952,0.7727063,0.4065867,0.025402108,0.8869789,-0.7351444,0.2741006,1.1445009,-1.0944334,-0.03532583,0.71714044,-0.078454494,0.53012675,-0.78067136,0.38663146,-0.16244932,0.44092762,-1.131373,0.7145217,0.1951009,-0.18593425,-0.15160708
Q8NAT1	-0.6843527,-1.3599094,2.00102,-1.9832201,2.0538294,2.5926266,0.6550492,1.567618,1.002591,-0.47431546,-0.86680895,-0.877847,1.3235558,-0.21477906,-0.21554944,1.5066146,-0.97992593,-0.799992,2.6029088,1.8668845,0.3723901,-1.5387956,0.58086187,-0.5154221,-1.0607368,-0.4647247,-0.027266061,-1.8208709,-1.4180719,0.5217537,0.17697905,1.3096765,2.0034776,0.653903,-0.24695733,-0.8502865,-1.1512431,-2.7181282,-1.7349533,0.719395,0.8040169,3.2203476,-2.2174098,-0.60642594,0.95903915,-1.611452,-0.32722926,-1.1764588,-1.7661453,1.5000094,-3.2810771,1.1318018,-1.342837,2.0096235,-0.13662954,-0.50210845,0.9013447,0.11148939,0.33554476,0.51311666,0.13159266,-0.5207101,-1.3951403,0.931854,-0.949393,-1.6280975,1.2528626,-0.5961808,2.5103054,-0.61188954,1.6591214,-1.0677025,1.4704126,0.97866553,-2.2465324,-1.1219617,1.5136716,0.78565085,-2.2165465,0.27667642,1.9178008,-1.2979381,-1.7780311,0.24532865,1.2115417,2.1214705,-0.8073694,-0.3832126,1.5991056,1.2995979,0.3753282,-0.79433316,-1.0694892,0.15880327,-0.8619289,-0.049535055,1.2928011,-0.58685577,-0.34026545,-2.9953065,2.1052833,-0.61536884,0.9387492,-1.4284776,0.4759103,-0.8215127,-0.8411571,0.14151588,-0.5468264,-0.17688765,-1.4015452,1.261279,-1.1172649,2.347197,-2.602329,-3.1966395,2.0079718,-1.7355576,1.3551204,0.18574446,-0.3693828,1.9681284,-1.3830881,-0.58242774,-1.625541,0.89473116,-1.7677933,1.4212238,0.7962267,0.01799469,-0.5656458,-0.5996354,1.9326738,-0.79959786,2.133883,1.6004206,1.464848,-0.24705213,0.74280906,0.4376248,1.4735498,0.40968257,0.43974638,-0.552778,-1.4156835,-0.5697749,1.725225,-0.2576413,-1.2687837,1.0654166,0.69300216,-1.8699983,-2.0286255,-1.2289759,0.5314356,1.3182832,0.40118578,1.3369602,-1.7970495,-0.12100284,-0.85966456,-1.6278841,2.429352,-2.3832211,0.9785842,-2.1581662,-0.078013696,-1.5755823,2.1814837,1.4705813,0.569206,-1.971332,1.5636795,2.35993,0.80655456,-0.73491716,0.35843366,1.1372454,-2.9052615,-0.13669741,-0.40421608,-1.6112162,2.0257156,-1.8938445,0.45205528,2.0479908,-0.091603756,-0.48311558,0.7149955,-2.0768201,2.1961558,-0.7559032,1.9595326,1.5488896,-0.47196704,-2.0812013,0.46284428,0.9158839,-3.280521,-0.5453082
Q8N0W4	-1.2216651,-1.1133535,-0.90583545,-1.1377478,1.0599267,1.7253844,1.3801266,0.57139856,0.92584383,-0.55911845,0.22143269,1.1303091,0.48430535,-1.7241354,-0.57001615,1.4789071,-0.45564163,-0.5737759,0.94728625,-0.071845114,-0.42349568,-0.2626085,0.39449495,-1.4201978,-0.81200767,-0.4892163,-0.11612082,1.6587337,-2.3352573,-0.65558314,1.9433782,-0.5950015,0.3533005,0.28831115,0.6539697,-0.98714954,-0.8984851,-1.9926049,-2.731472,1.3617877,0.5436295,2.9081361,-1.820544,-0.5023983,0.61238605,-1.0913631,0.1420365,-0.52136153,-3.1567612,0.25086468,-0.3645681,0.7509052,-1.1613278,-0.6247417,0.06285991,-0.6065388,0.44025567,-0.94887906,-0.49557412,-0.30228278,0.22054173,0.9176265,0.40646532,0.78469855,-0.82351214,-2.0917065,-0.28086036,-0.043884896,1.4595519,-0.75684613,-0.54148847,-2.073456,0.4486366,0.72856027,-1.7848978,-2.3037982,-0.04638781,1.1907833,0.7095329,1.6332589,0.36713758,-1.0082492,-2.454665,-1.0227993,1.3386095,-0.72994727,-0.040562347,-0.7355207,-0.05504567,1.9906366,0.49293843,-2.064798,0.72501415,0.35018128,-0.8107425,0.5696808,0.42447028,0.11385364,0.7866054,-1.0700854,0.8859989,-0.5228126,-0.33784747,-0.929008,-1.0820459,-0.8028939,0.08547653,0.40978396,-0.7861724,-0.5451024,-2.2708712,2.1103964,-0.38039902,0.8880602,-1.5610815,-0.89695024,0.06522289,-1.8125501,-0.43007293,-0.82571894,-0.4955816,0.24194063,-1.9461588,-0.11998177,-0.6683696,1.6455,-1.7951258,-0.15587246,-0.0033114771,0.020034267,-1.0458354,-0.7387916,1.142121,-1.3871149,2.4037008,1.9380933,1.7722108,-1.0225804,-0.8867693,0.2935789,-0.27800056,3.140009,0.021728108,-0.77069235,-0.1069541,-0.85125893,0.032739654,0.9280262,-1.1712114,-0.98684686,0.9074124,0.207095,-1.2223725,0.44428098,1.2809469,1.8483481,-0.8687756,0.21850477,1.7014723,-0.42950857,-0.98077816,1.3492545,1.554955,-1.6190536,0.5707328,-1.8504562,-0.48847613,-1.5377983,1.199189,1.3339374,0.13221787,-0.4289437,1.373193,0.91880864,0.619187,0.19025737,-0.6982285,0.60978764,-1.7597377,0.19594143,0.046523225,0.6546772,1.0786871,-1.6554826,1.0018967,1.7180502,-1.4638352,0.1665148,1.7011378,-1.5232987,1.4253933,-0.3659678,1.1664466,1.9401264,-1.3795747,-1.8019303,1.3148274,0.6652831,-1.1675444,-0.32507873
Q9NS75	0.15949228,-2.1488948,0.29052666,-2.204998,1.6359591,1.013787,2.2118204,1.552859,0.3212292,-1.5937005,-0.51857305,-0.98291445,0.92851794,-0.9108439,-1.0912938,0.9937503,-1.0141382,-1.1863651,2.1135368,1.5313677,0.47865,1.1386664,-0.10070831,-0.8554718,-1.1024693,-1.4399832,-0.41547707,0.062264,-4.275685,0.19633827,1.038604,1.1212299,1.2887031,-0.31595102,-0.020165768,1.292088,-1.1079447,-3.492597,-1.3249681,-0.19528896,0.13932267,2.4972196,-2.3729188,-1.4908446,-0.75494045,-0.15498087,-0.0705997,-1.3050116,-2.6363728,2.8546584,-1.1787522,-0.43063322,-1.3460859,1.8908728,-0.62695086,0.012772036,0.5232802,1.1737479,-0.15328565,-0.17341283,-1.6570626,-1.0607623,0.2055168,2.0924623,-2.2705271,-1.8816812,1.7810371,1.2444199,1.5532142,-0.055511266,-0.4506115,-1.5990753,2.0841417,-0.32296902,-0.700818,-0.039704178,-1.505495,0.3069756,-0.61314565,-0.0738728,0.02497371,-0.4933032,-2.2910597,1.0389887,0.4835516,1.0786638,-0.34607884,-1.922317,0.21362634,2.9832723,0.8420591,-2.4799807,0.6404243,-0.7689217,-2.610068,0.46765766,0.6821401,0.5066561,1.3487916,-2.050927,0.4688509,0.38076633,-1.687379,-0.6942149,0.8179454,0.30662253,0.44810772,1.1682504,-0.26530632,-1.3346155,-1.4746937,1.2228246,-1.132758,2.665644,-1.2949815,-1.6201476,1.3833584,-1.0851141,0.35249382,-0.6709132,-1.6163936,-0.13428545,-1.5225372,-2.0186296,1.068223,0.27933735,1.7513949,1.7434951,-0.99939585,0.13437034,-1.4546614,-2.276388,2.7842662,0.07623978,2.8863027,-0.4744695,1.7187054,-0.5872817,-1.3750018,0.8727222,-0.69183445,1.0112729,1.949164,-0.19182132,-0.6000071,0.21782663,2.7838295,-0.6764801,-1.2552112,0.43767983,0.61015075,0.17676102,-0.8707913,0.13833068,-0.7846148,1.8065134,-1.0924373,1.0115893,1.0160785,0.33026168,1.775253,-1.477111,1.1562537,-2.5558558,0.4214864,-2.8722641,-0.064407006,-1.4838394,2.3775587,2.6815836,-0.16611774,-2.4107244,-0.31983942,2.5592754,3.579104,0.25321534,-1.2649181,0.43105635,-0.87065846,0.33616334,0.04685102,-1.1009542,2.3945606,-0.5053621,1.7497966,1.3584839,0.7115451,0.023199841,-0.54447675,-2.1285675,1.0350964,-0.18108653,1.5362616,1.9810977,0.06672549,-1.3313564,1.0842265,-0.2839305,-2.066174,0.9421143
O00411	-0.49661195,0.20482717,-0.18743643,-1.2140577,-1.7004986,-0.7429026,-0.1264472,-0.8474999,0.999925,-0.3966044,-1.3415762,0.7846012,-1.2956012,-1.0106255,-1.3543226,-0.70185083,0.01423364,-0.84826833,0.06850756,-0.60586905,1.0513805,0.58425367,0.85656244,2.0662737,1.5783417,0.08353833,0.14877163,-1.3780422,-2.8235042,-2.7539895,-1.3077312,-1.6234617,-0.75649375,-0.4776608,-1.6887575,-0.034008753,1.4492861,-1.5383557,-0.80121773,-0.33989236,2.054765,3.4620996,-2.625849,-0.7055945,-0.5297134,1.2762135,0.66262037,-0.23795438,1.557633,0.21225645,-1.58692,0.13980946,0.1363193,0.3401743,1.811732,2.8770032,-1.9667124,-0.32298914,-0.09609556,1.2128371,-1.4409479,-1.0278022,-0.43462393,0.5084989,-0.69531286,0.15213062,0.7275588,-1.3977104,0.16780327,-1.2032663,1.4427902,-1.2045734,2.6469562,0.60890925,-0.58872205,-1.2422137,-0.20190051,-0.0031627545,1.081922,-0.72601366,1.3754495,-0.7974145,-1.8901082,0.52715844,-0.70272964,-1.3040357,-0.57906675,-0.3724817,1.0004499,0.6395224,0.04920706,-1.6876625,-1.1766471,0.051843084,-0.66826785,0.5668809,1.4428672,2.0279186,0.17438321,-0.9697754,-0.02166787,0.035922166,0.30638352,0.8242109,0.27971178,0.26434943,-0.38792986,-0.39430535,-0.38392293,0.6538157,2.0856009,1.3203567,-0.24224183,2.4673114,1.407604,-1.7683773,0.5041615,-0.68166685,-1.2680721,-0.31221515,-0.97191584,2.733885,-1.0978583,-0.3720601,-1.3336959,-1.9173759,-0.1891684,-0.37184623,1.5317488,0.6555827,-0.7688546,-2.1142192,-0.25593498,-1.8541013,2.110232,1.2285788,2.2313802,0.47653118,2.359646,0.38601732,-1.9060934,-1.2572775,0.019832138,1.4503622,0.76435703,-0.09400501,-0.16219075,-1.9232177,0.9106048,-0.17451212,0.0601925,-0.85951215,-0.56397164,-1.2318112,0.2681882,0.81406254,0.56844634,2.4393535,0.073046245,0.78173643,-2.0250883,-1.6431105,1.88385,-0.89684194,0.10917259,-1.2265933,-0.86239743,-0.16035439,3.9601655,0.39948702,1.5476055,-2.0181656,-0.76991457,-0.31381342,-2.316085,0.004572096,0.004277381,1.5959926,-0.8655966,-0.547962,0.1629364,-1.3559173,-0.97613347,-1.9582728,-0.6425065,-0.28322363,-1.8703141,2.0611987,-1.2455069,1.0785698,-0.874888,-0.80703175,-1.4555665,1.1695391,-0.78882945,-0.7577244,1.1488218,1.8264174,-0.25525922,-1.6356128
Q6NUI2	-0.40516567,-1.0885502,0.5550562,-2.1373737,1.3088137,2.2338412,0.7513388,1.0432099,-0.84323126,0.12670118,-0.8187621,-2.3024182,0.26913095,-0.3757995,0.082171425,3.2844746,-2.3317268,-2.1534483,1.3960323,-0.8109436,-0.5148909,-2.6393652,2.3307004,-0.32919583,0.19214205,-0.07090846,0.61237,-3.041058,-2.056265,2.0673594,-0.39077446,-0.48222268,-1.7187792,-0.22564626,0.80884963,2.3477843,-0.930683,-3.9188454,-1.6356175,-0.6688041,-0.38501295,1.5331461,0.036860075,-1.1341689,1.8882912,-2.5749576,-2.1653523,-0.6657545,-2.8829916,0.7049704,-1.5205448,1.8707119,-1.8482484,-0.1868702,-1.3148018,-1.8590763,0.3405154,-1.2737572,-1.262186,-0.04727756,0.2650004,-2.298569,-0.30952114,0.40544862,0.15055466,-0.9961709,4.5756793,1.0870856,1.8677864,1.3090141,1.4999988,-1.1203299,2.8344996,1.4159371,-3.0342178,0.19493209,1.151965,-0.41478908,0.0025233144,1.2648677,1.0745516,-1.1073903,-1.0939343,-0.37130275,-0.577066,0.12998943,-0.6309442,-2.0559871,-1.4461173,-0.63278794,0.3110898,-0.7430476,0.79367733,1.5784593,-0.30429563,1.0720989,1.8287758,2.146634,1.4888039,-2.1963289,-2.8337667,-0.24775892,-0.32543132,-0.91723657,-0.4932232,0.7548512,-1.5545053,0.36874366,0.38124016,-0.8695636,0.73436093,1.5095307,-0.37465522,0.5629044,-0.7540412,-1.6154503,-0.15090653,-2.1219213,-0.2272638,-0.11009691,-0.6768672,0.7111455,-2.9819717,-1.9946715,-1.6826643,0.48338124,-0.9448466,1.9904879,0.7152227,2.048138,0.5542803,-1.52226,1.2725164,-0.31658563,1.4293324,-2.1632195,2.597982,0.77728266,1.8985118,-0.26749802,1.0706824,-1.1053052,0.369202,-3.6400096,1.1327865,0.8056688,2.6351192,-1.0121404,-1.3294958,-1.5013356,0.43405378,-1.4499155,-1.3510638,-0.8294434,0.16497356,1.6781455,0.6094731,0.8895666,0.41158736,0.5439647,-0.75034785,-1.5487293,0.5330263,-2.6902988,0.09196526,0.4650385,-0.025749695,-0.21165752,3.2108948,-0.5542766,1.4808053,-2.001377,1.6464615,1.6573045,0.6472236,1.517546,-1.8081368,2.3129244,-3.0629687,-1.5029325,-0.5956831,-0.40521258,2.645505,-0.3514782,-0.23070732,0.90087265,0.22724356,-0.4096724,-0.51007575,-1.9264417,0.6282699,-0.95720667,3.0147412,0.44424906,0.27624708,-1.8879702,0.3708853,0.44328237,-2.697625,0.17387208
O15085	-0.7361024,0.32760274,0.17028816,-1.2726437,1.151446,1.9958733,2.882544,1.4699423,1.0779485,-0.8513515,-0.008480884,-0.34329173,-0.79910547,-1.7815102,-0.6314435,1.2890949,-0.42464203,-1.531302,-0.9073637,0.7007735,0.6554633,1.5711386,-0.3234452,-0.7057029,-1.1166519,-0.92592,0.6621185,0.16920589,-3.4019501,0.68652755,1.461699,-0.23132056,0.26936284,0.3562837,-0.2644258,0.41669282,-0.13610333,-2.259294,-0.9418521,0.61069745,0.6759026,1.5895032,-2.4268196,-1.7347806,0.07833188,-0.8750044,0.4845472,-0.091586635,-2.7446725,1.7809849,-1.4145676,0.20119266,-1.5143176,1.5106593,0.60680556,1.1964958,1.1262765,0.17294215,-0.48050472,-0.47508934,-0.62968975,-0.31088224,-0.19458593,1.0636319,-1.3657211,-1.0166116,0.773983,0.46579033,0.43105644,-0.44474864,0.6999037,-2.6260324,1.3977401,0.17108122,-0.6457919,-0.67882955,0.3550691,-0.5931094,-0.000120217686,-0.21432218,1.0057563,0.16835834,-2.5191565,0.41994,0.39187565,1.1420548,0.73687,-1.4560659,0.27097183,1.2443932,0.46486166,-1.4334671,1.6582649,0.3009637,-1.6064781,-0.64700806,0.9034386,0.21955827,0.041404024,-2.5411944,0.925403,0.15650271,-0.6360655,-0.9518276,0.11742326,0.739804,-0.05402412,0.00034508086,-1.523689,-1.191346,-1.2100059,0.68316007,0.08230029,1.7190077,-0.7890746,-0.20314933,1.1655139,-1.4388149,0.622365,-0.19389983,-1.0871638,-0.049532972,-1.0733777,-1.1650757,0.99817485,0.505293,0.805426,1.0368258,-1.8298111,0.43446425,-0.6519889,-1.4095565,1.5175594,-1.2885299,2.8314621,0.09091939,0.70414835,0.85869354,-1.7382517,1.1527013,-0.07466353,1.1092684,0.94721997,-0.70948464,-0.23515838,0.41654915,1.5860116,-0.19192095,-0.24774283,-0.49248368,0.14477083,-0.54025143,-1.0998516,-1.7006866,0.038406707,1.1692016,-1.4282678,1.9284678,0.48259917,0.94292474,-0.09037549,0.7695677,1.3677597,-2.635564,-0.8996218,-2.2834377,0.3407312,-1.6825919,2.2040246,1.5065073,0.11119977,-3.1240644,0.74293137,0.23122112,2.1168163,1.2709421,-1.0709248,-0.25896445,-0.34243363,-0.39643046,-0.49581313,0.6947498,1.5853671,-1.001776,0.13374797,1.0878773,0.5488813,-0.27591184,0.51332474,-1.4737614,0.6487766,-0.6469385,1.2269901,0.581555,1.4830501,-0.54634666,0.5192859,0.88099855,-0.9266476,0.91255885
O75044	-1.7139645,0.48265117,-0.5308519,0.1311468,0.8436257,1.9267758,2.4771023,1.299667,-0.20820019,0.09160539,0.70153713,0.72324157,-0.14710377,-1.6244525,-1.3036009,1.7889401,0.6142479,-1.51553,-0.36359158,0.259649,0.05425188,1.4005814,-0.48417056,-0.39566886,-0.36563686,-0.49442774,0.57280415,1.591657,-2.424912,0.3997787,2.3057802,-1.4569013,-0.5439769,0.23066077,0.69983745,0.11574075,0.21776779,-2.6951873,-2.1992846,1.622576,0.722258,1.8636386,-2.249522,-0.6451383,0.33006468,-0.6691337,1.3231703,-0.3070068,-3.1243238,0.855829,-1.4787829,0.23775105,-1.9310461,0.88517857,0.30444384,0.52047485,1.3436736,-1.0303003,0.16123101,-0.7501596,0.6809375,0.2998404,-0.6588666,0.841712,-0.5219836,-1.2090472,0.2626791,0.6962915,0.10868523,-0.3398827,-0.040987883,-2.62112,0.9288883,-0.3061103,-1.4887706,-1.286525,1.2365819,-0.5777549,0.62113434,0.030276002,1.0788239,-0.45064586,-1.795912,-1.1144543,-0.28607896,-1.0034392,1.8468057,-0.3883711,0.65032136,1.2121229,0.7379515,-1.9864795,2.5054374,1.1676213,0.2170528,-0.18387805,0.96141016,0.28300464,0.3369654,-1.3720576,0.81549066,-0.09662241,0.39327362,-0.56414896,-1.7883617,0.4149038,0.2040782,0.08756099,-1.8821756,-0.9341579,-1.4138118,0.53984416,-0.28007334,1.3444262,-1.0625334,0.023550367,0.8285847,-2.3295274,-0.17878051,-0.50343823,-0.65331495,-0.5344079,-1.4118792,-0.82964605,0.54485327,1.0501558,0.14681062,-0.22013244,-0.8602065,0.78923166,0.6834957,-1.16491,0.8869993,-2.1119387,2.2603369,1.25968,1.5534564,-0.4763498,-1.3320599,0.907923,-0.7984491,2.0788267,-0.26087674,-1.5334172,-0.60086614,-0.23513949,0.65090805,-0.26946667,-0.7944525,-0.81113625,0.5204642,-0.07117625,-1.515839,-0.55095553,0.71535975,2.453767,-1.9761629,2.5157886,1.462885,1.1430614,-1.2616373,2.0175402,0.7798141,-1.9195269,0.1532561,-2.0942614,0.22172442,-0.76755,1.0579838,0.7387243,0.7973848,-2.085422,2.4328604,0.04660267,1.1319165,0.11773982,-0.64499503,0.21692562,-0.9872211,-0.7375154,-0.5640242,0.5210451,0.96776676,-0.58984846,0.0012755697,2.4775813,-0.15881176,0.65200424,1.097438,-0.29401067,0.851946,-0.5228935,0.17065337,-0.18244803,0.24874616,-0.8812905,0.6406674,0.20401503,-0.60260594,1.0900968
Q16478	-0.877391,-1.3173549,-0.5987022,-1.2577422,0.9080002,1.9585187,1.5352834,1.324263,1.2518135,0.007683963,-0.21705565,0.07355583,0.6104958,-1.7224861,-0.8630491,1.3198973,-0.4697025,-0.84150064,1.6311568,-0.53822035,-0.60208094,-0.42512718,-0.24859305,-1.5358601,-1.7952331,-0.07030216,0.25385523,0.34063503,-2.6496158,1.1825553,2.1419165,-0.45613238,0.6261922,-0.76162887,0.99994415,-0.14407575,-0.092840396,-3.5376675,-1.9136498,0.84741104,0.28676373,1.8941239,-1.2741299,-0.8357382,0.48872295,-1.7821714,0.046612702,-0.60735846,-4.0513597,0.16881028,-2.0186102,1.3242619,-2.10242,0.3268827,-0.045329217,-0.83186907,0.4187319,-0.09601351,-0.62509876,-0.7621965,0.9040602,0.5687796,-0.28878954,0.5285418,0.15774575,-1.7237542,1.1152922,0.38729882,1.1630788,0.46439907,0.5205922,-2.3403907,1.0840971,0.0005359029,-1.6310213,-1.7787331,1.0481306,-0.7276311,0.54333526,0.28572312,0.30729553,-0.42450303,-1.6019402,-1.6423689,1.3122289,-0.61561143,0.50807023,-0.44644713,0.8483651,1.0956988,0.9712912,-1.9973375,1.5005245,1.5716984,-0.068482794,0.23375927,1.3063734,-0.090811044,0.8541263,-1.1263894,0.35036176,-0.32746434,0.051637247,-0.20224322,-1.0801022,-0.952391,-0.36958924,0.7024708,-1.7004313,-0.1363161,-1.2344842,1.6428548,-0.65309817,0.2572514,-1.3916528,-0.5916622,0.16239741,-3.4367383,-0.9289998,-0.4718466,-0.27119818,-0.74227184,-4.227132,-0.6040777,-0.78029364,2.3762784,-1.2939832,0.8193854,-0.2784499,1.2734394,0.27513376,0.13381036,1.6715232,-1.8761464,2.5299518,1.0944057,2.432452,-0.690174,-0.67239976,0.5413142,0.11798118,1.449427,-0.3006925,-0.6913765,-0.35429353,-0.53682715,0.56687105,0.37612894,-1.1139776,-0.38013583,1.300877,-0.42486915,-1.5638971,0.77272755,0.57734287,1.8004006,-1.3778993,0.91461897,2.0096397,1.070479,-1.8318609,0.82726794,0.83801955,-1.6397713,0.76176494,-0.88672423,0.4165899,-0.3615022,0.7694922,0.4149734,2.138586,-0.2934807,1.8556789,-0.24251671,0.55734074,-0.052859895,-0.3845129,0.7307861,-2.588716,0.28115135,-0.1659744,0.114530936,1.8192483,-1.068064,0.16968271,1.6688577,0.5242957,1.2654352,0.9783524,-0.3928495,1.4643782,-0.7195118,1.1383505,0.60919434,-0.9320392,-2.1441145,0.11559985,0.005057268,-1.5811671,0.49233767
Q5BJF6	-0.8411163,-0.083234005,1.4643142,-1.4452289,0.35582095,1.1844145,-0.6343107,1.8057692,-0.12907478,-0.9061002,0.3795086,0.3452916,0.052332565,0.29868963,-1.107754,0.86574775,0.36629036,-2.0968843,0.87797904,1.1661718,1.4029553,0.38659835,1.0777081,1.3192177,1.7735645,1.0119125,-1.7707896,-1.0686684,-1.5422119,-1.3684528,-2.0925374,-0.49047807,-2.000214,2.930223,1.2236406,0.39662164,-0.20841141,-4.0346475,-2.6797085,-0.07847435,0.7251723,3.0836825,-1.8776344,-0.68955165,0.75950694,-0.2367529,1.1148118,0.38409427,1.2632015,-0.25125274,-0.50084674,0.15297502,-2.015068,2.577034,-0.32399657,0.32269996,-0.028013937,-2.6036336,1.1376028,0.37066835,-1.4672911,-0.32493597,-2.629029,1.7072047,0.20705475,-0.46288007,-1.2569498,-0.30237243,-0.10602397,0.8715057,-1.5107523,0.29140857,0.46185482,0.17143106,-2.6613514,-0.8509193,1.8243308,-0.66437745,0.24153943,-0.30616233,0.8784848,-2.520248,-1.200474,0.8235334,-0.6549032,-1.3306634,0.5584621,-0.58367383,0.092631966,2.5137722,-1.1996945,-1.1940284,0.9843037,0.17184536,-0.41625124,-0.6308925,2.833495,0.34210217,1.7930511,-1.340717,0.5861887,0.8009814,0.36227813,0.13586652,-0.4488402,0.38768384,-0.4933093,-0.20862895,-0.014859365,-1.099083,-0.36926946,1.6606362,-0.052234318,2.1412742,-1.3642149,-2.5050719,-0.8128984,-0.22554766,-0.7156296,-1.4546111,-0.39464614,0.4829602,0.7767271,-0.43930018,0.21817748,0.0076001473,-0.62711316,-1.47899,-0.24368156,0.08408244,1.666529,-2.170086,-0.42326626,-1.660175,0.08935787,1.7679797,1.3052533,-0.62242156,0.44811398,-0.00066048536,1.1781623,0.28991222,-0.74929774,0.042250432,-1.4549371,-1.5695451,0.57155424,-2.1449628,-1.7328753,0.25285867,-1.1976027,-0.29772404,-1.9579885,0.73515224,0.40830362,1.52626,1.1026558,2.372544,-0.13033235,0.3157933,0.7561642,-0.6544152,2.3978808,-1.1616051,3.167382,-0.79130745,-0.074313775,-2.069523,1.8692713,1.5252733,1.489118,-1.2875807,1.0202801,0.08145275,-0.7950491,-1.6301295,3.1315677,0.12533997,-2.0387146,-0.48955712,1.0130728,-1.61447,0.3948621,-1.2311504,0.16578783,2.8269677,-0.888261,-1.60269,0.30765507,-1.3052187,-0.2736441,-0.78653467,-0.32149032,1.4648565,-1.6716301,-0.76414233,0.5900804,0.4450868,-0.6384048,0.9184636
Q86WU2	-0.30767182,-2.7780387,1.1950822,-3.7393022,0.63744783,0.95806295,-0.5287168,1.4381207,0.35613778,0.3655409,-1.0507512,-1.8812684,-1.0196824,0.36460075,-2.5055864,1.38656,-0.55444616,-3.802089,2.959166,1.5145308,0.0039109015,-2.3266766,2.5969045,2.132967,0.21396331,-0.35294372,0.9278546,-2.4399364,-0.36653537,0.7675439,-1.1921964,-0.40945897,-0.51790065,-0.5748597,0.7683618,1.6990291,-0.8109204,-4.884081,-2.1043046,0.1743467,-0.8468693,3.0720973,0.24251236,-0.7253291,0.019382907,-1.8648112,-1.3644373,-1.9527376,0.6234482,-0.50643593,-1.5065544,1.6715382,0.02475698,1.497081,-1.273101,0.069618545,-0.6970839,-0.53088903,-0.28261316,0.8356016,-0.71479344,-1.105999,-1.6651757,1.8778927,0.01950013,-0.84549934,2.018477,1.1568571,0.14870043,1.4175372,1.9736987,0.66190386,3.400711,1.2145965,-2.2631834,-1.2053847,1.3269912,-0.5267024,-0.9790982,0.28677404,1.8462441,-0.42052358,-0.16286018,-0.56259704,-1.839819,0.036917627,-0.87014484,0.49044338,-0.797003,-0.24563536,0.39041623,-0.6277131,-0.9025012,-0.5852357,-0.45478117,-0.16723302,2.913984,-0.010026103,0.5134194,-1.6471682,-1.6282098,-0.45028234,-0.7546768,-0.33099848,-0.5760216,1.1771216,-1.7254831,0.026259542,-1.7771499,-2.050146,0.46225992,0.57877505,0.78330505,1.6605928,-0.07039881,-1.7500165,1.7650571,-2.3449907,0.013799208,0.20156188,0.13898458,0.56653935,-1.1236218,-0.88159907,-0.53761,1.3325143,-2.0710456,0.029380979,0.7564582,0.94921964,0.28042132,-1.5125612,1.9870951,-0.6217969,0.4591497,0.26738733,2.489853,-0.03981896,3.2556655,1.7142333,0.5340858,0.43816012,0.7409881,-2.4220119,-1.2576425,2.5987327,2.128804,-1.0441306,0.12881365,1.9409069,1.9187902,-0.03449499,-1.1980703,0.0065796142,1.070667,1.938337,0.29094756,1.1693859,-1.4710667,0.71660614,-0.43240854,-3.1183417,0.5975469,-2.8045402,0.67854583,-0.8321811,-0.43757603,-1.2314614,3.0434551,0.90433943,1.5512147,-1.9174182,0.7478774,1.4426591,0.11535215,-2.204926,-1.7572359,0.8461597,-3.4124599,-1.404372,-0.29409167,-0.5248487,0.8856736,-0.042455103,-0.12115404,1.1789465,-1.3165907,0.23906176,-2.156636,-1.6200151,2.5681632,0.25912425,1.1346536,0.3094013,0.090754785,-2.1980472,0.65919065,1.0016822,-0.32295927,-1.6387631
Q96QU1	-0.7447544,-0.9992653,2.2121694,-1.1698437,2.3911846,2.3751564,0.32164115,0.75909495,-0.2666396,-0.7695568,-0.31559137,0.47364345,1.2876221,0.7572429,1.5327717,2.6586864,-0.99541074,-1.0939584,1.4809037,0.9982232,0.6968716,-1.4470965,0.71936893,1.0633665,-0.40000013,-0.47543967,-0.04535322,0.73269325,-2.101478,-0.6921192,0.68420464,1.5875475,1.3256663,2.1888726,0.9580328,-0.2871069,-2.3511376,-3.2424703,-3.5074933,1.1563475,0.34236345,3.0247087,-2.7383497,0.011207705,0.40863746,-0.87680423,-0.20724866,0.02870042,-0.87942034,1.5132358,-0.7492713,1.9520636,-1.3538829,0.80311865,-0.6408305,-0.007448142,0.7285627,-1.0899261,0.90693194,0.44838354,-1.7967331,-1.1260476,-1.2541716,0.92670673,-0.7375202,-1.94484,0.5034465,-0.6019627,3.1307201,-0.6980752,-0.57832485,-0.9915378,0.5020183,1.0122992,-2.8337646,-1.8698592,-0.50240165,1.1498398,-0.53404945,1.5212744,0.5740954,-1.8716662,-3.5223382,1.3324282,0.8926602,0.043310616,-0.16379103,-1.1372204,-0.6145716,3.3455079,-0.36196458,-0.6130012,-0.26118702,0.18183748,-0.9719496,0.666497,0.36231366,-0.6823153,0.55412215,-1.9899853,1.180339,0.3358744,-1.1419705,-1.9361659,-0.50837815,0.4278183,0.87130195,0.6409919,-0.18146716,-2.122198,-2.493704,1.9527173,-1.1586493,2.7624211,-3.0667875,-3.1074593,0.3594229,0.36292353,0.94657993,-0.23677565,-0.14178471,3.1982458,-0.2672107,-1.450379,-1.2372463,-0.05497749,-1.5673746,0.028838292,0.20092085,-0.6164205,-1.084126,-2.1699114,1.1447774,-0.3373281,2.7108428,1.7265242,2.1817324,-0.13119596,0.36057708,0.37869626,0.35956573,1.1000487,-0.07868074,-0.63479537,-0.51861274,-1.2517253,1.2263694,-0.14735481,-1.8827503,-0.38349587,-0.1281339,-1.1972957,-2.1069956,-0.08607104,1.150082,1.8401805,1.0340093,0.6369741,-0.7661522,-1.7006432,0.1334283,-0.24675624,3.4919238,-1.436293,1.1713531,-2.8746614,-0.81211126,-1.3420498,2.7083936,1.5931381,-0.30111927,-0.9373522,0.55724853,3.4737918,1.948999,0.7385602,0.42922047,0.049226083,-1.7182817,-0.9029178,0.086598754,-0.8299046,0.92610914,-2.851777,0.72012645,2.499459,-1.7315241,-2.5514727,1.1822724,-2.8413377,1.4830537,-0.73989195,1.1920762,2.4110675,-2.096387,-1.0902882,1.1739883,0.9413089,-1.4652703,1.0655566
Q8IYK4	-0.9342659,-0.9197992,3.1607347,-2.3253372,1.6495779,0.46210632,-2.1009748,0.86649966,0.57147545,0.88501835,-2.3169072,-0.7491345,-0.5726988,-0.19221713,-2.153947,-0.24532832,-0.37088388,-1.5034114,2.2365594,1.8026272,1.7692052,-2.2552803,0.7889373,1.6832111,-0.2640567,1.1160091,0.14544135,-2.962675,-1.2106149,-0.78602296,-0.4191785,0.56654733,0.28344297,0.51770484,0.29209512,0.059305217,-1.2047848,-4.615739,-2.2799678,0.035398632,0.20127663,4.88023,-1.1265047,-0.61593944,-0.2568051,-1.4526389,0.46261784,-1.651537,1.1839621,0.22626476,-1.8884158,0.80040395,-0.9811866,2.0332427,-0.02173223,1.1844304,-0.5896687,-1.4301955,0.2672545,1.1530241,-0.20528038,-0.43202907,-3.3317504,1.8647217,-1.9187332,-1.3388045,0.4392419,-0.97950584,1.3016541,0.19680353,1.4348016,0.56447566,3.0933194,0.52583075,-2.191959,-0.7041407,1.3756491,1.4893837,-1.7467948,-0.7355341,1.5436481,-0.14704318,-2.047782,0.70513296,-0.08715059,0.36846185,-0.68461305,1.722746,0.37234473,1.023108,-0.75922215,-0.13216574,-2.7151012,1.0031606,-1.7868503,-0.12704097,2.6393998,-0.17110139,-0.39740688,-1.540304,0.50793034,-1.1307384,-0.116876766,-1.871067,-0.57353634,0.082903296,-0.66937625,0.9133444,-0.53076255,-1.237358,-0.8897179,0.65575814,0.8114239,1.7205104,-1.5607488,-3.5941691,2.3756077,-1.6460328,-0.78688437,-0.09711679,0.88158107,3.2788193,-1.03356,-0.5605939,-2.2052066,0.63121724,-1.343987,-1.1374815,0.44848877,0.017415851,1.146092,-0.7107237,2.6314847,-1.2704757,0.19352219,2.1186316,2.4282677,-1.0034014,3.6042957,1.3527887,1.1828716,2.0697312,-0.020127453,-0.9950842,-3.1254733,0.85779077,1.9192178,-1.4920391,0.022873348,3.0889575,2.102018,-2.260351,-3.4717646,-1.1077634,1.997617,0.15591948,0.9479572,2.9566655,-1.9583055,1.1736954,-0.33912155,-2.9277077,2.465302,-3.7641616,1.6303011,-1.579542,-0.56511134,-1.5302907,2.097562,1.0524921,1.5272075,-1.807273,1.0284575,0.25245422,-0.11430392,-3.5131392,0.545092,1.4125975,-3.6477695,-1.0216429,-0.058806587,-1.6310452,1.3126261,-1.632123,0.5557755,1.9224463,-1.8146614,-0.34320843,0.116175234,-0.53134763,2.5575821,-0.8361524,0.1428218,1.480702,-0.11688086,-3.1573045,1.0303577,1.4092838,-1.512965,-1.875711
P26006	-1.929343,1.0523938,-0.62808317,-0.55270725,1.3944461,1.7561504,0.85051906,0.9684427,-0.63489544,-0.47972065,0.0061252136,1.5670193,0.3499884,-0.40316704,-1.4538772,2.4398575,0.16856325,-1.392659,0.6311363,-0.5284798,0.18814076,0.019486034,0.98029774,-0.35367858,-1.192547,0.90870565,-0.39382863,0.85084295,-2.5132685,-0.17676808,1.2199382,-0.51486903,-0.3875994,0.27098387,0.8779845,-0.04620375,-0.8176005,-2.7535057,-3.02295,1.3087937,0.7871581,1.6255635,-2.2196324,-0.37475342,1.0439833,-1.1001656,0.6266498,0.9188493,-3.2351303,0.14223258,0.07114152,1.6368431,-2.2863464,0.13620938,-0.25520277,0.59263897,-0.39636508,-0.5347591,0.20387575,0.2841346,1.1406446,-0.1927789,-1.2002008,0.6828648,-0.1122521,-0.9752105,-0.28277713,-0.37783796,0.8693308,0.39544848,-1.1363168,-1.6953382,0.84228855,0.910186,-1.3565522,-0.7679651,-0.4217307,-0.022220673,1.1529876,0.9753169,-0.29752243,-1.1749264,-2.773952,-0.51414406,0.5337059,-1.4532171,0.14991361,-0.03222509,-1.1787924,2.0536673,-0.56657875,-1.4491639,1.4027972,1.4962643,-0.23997888,-0.06899631,1.2727783,0.7048905,0.55464476,-0.24127713,-0.09183946,-0.27698782,-1.2734413,-0.8215473,-0.70306224,-0.64247406,0.43242165,-0.17476863,-0.59651244,-0.20283243,-1.8251253,1.2396487,-1.3842,-0.21404715,-1.2630663,-0.33708587,-1.0509079,-1.3747885,-1.2977225,-0.38651198,-0.2212016,0.37091485,-1.7185625,-0.72309333,-1.0855049,0.89067185,-0.76896155,-0.09088824,-1.1925459,0.39015025,0.0325121,-1.1719722,1.3920665,-0.59245473,1.2170677,0.8094054,1.6379163,-0.2942539,-1.3937105,0.42732286,0.16877083,1.7970694,-0.16402885,-0.849371,-0.24875906,0.075986475,0.2312899,0.13576315,-0.7298427,-1.3339057,0.19107854,-0.5064663,-1.6900667,0.14238809,1.1436048,1.0660651,-0.54432863,1.9438184,1.3857902,0.5206168,-1.6932403,0.97623706,2.1588323,-0.6744092,0.79206145,-1.0968125,-1.1337157,-0.8425842,0.8338485,0.9242404,0.8117677,-0.38751465,0.68047,-0.14639643,0.2619721,0.95347893,0.22168104,0.34819064,-1.7902105,0.25797015,-0.3430192,0.7774238,1.6231818,-1.0839063,0.13742985,2.286031,-0.59859496,-1.0222733,0.958577,-0.8274682,0.6919471,-1.1494653,0.4670612,0.61012155,-0.24246857,-1.936096,0.7185778,-0.122987315,-0.15361866,1.0089183
Q8N4V1	-1.9109131,-0.64740944,-0.5055909,-2.077968,0.24572836,2.5364144,3.1780753,0.7397642,-0.53521913,-0.7126812,1.2896298,-0.4974498,1.8196137,-0.980651,-1.0167592,0.47451422,-0.44061765,-2.0186489,1.5976437,0.5312275,-1.739848,1.3342512,0.51384354,-0.6718214,-0.10404899,-0.30785668,-0.40516397,-0.94971037,-2.7623453,-1.3656373,1.7036804,0.31132945,0.5065225,-0.35371342,-0.98232454,0.1723838,0.45693874,-2.4217987,-1.1464958,0.95238596,0.7094265,2.4750373,-1.6609249,-2.4518623,0.13038793,-0.9789872,-0.34404805,-1.4631813,-3.3632379,0.4057209,-2.9368634,-0.28880972,-2.331022,1.426166,0.48657054,-0.086209945,1.1717472,-0.1815093,-0.9297658,0.14048266,0.060932618,-1.5255842,-0.059095446,1.4110832,-0.27819303,-1.315112,2.8081143,0.20403068,0.83810693,0.1083675,1.2824918,-2.9351783,1.9366189,1.1382979,-1.6011307,-2.8103676,1.7948184,-0.3579443,0.504395,-0.35244957,1.2523543,-1.3312123,-0.70546794,-1.2760016,-0.31930488,1.5103153,0.26992077,-1.7187787,2.5913281,-0.45931903,0.60413235,-3.1029305,1.5925431,0.98521686,-0.48686266,-0.029820018,2.5945978,1.1561292,0.802612,-2.3268156,0.6768449,-0.17182215,2.7816668,-1.1295404,0.1166221,-1.2787626,0.30489427,0.2947807,-0.9199339,1.1091404,0.7789407,1.4310935,-2.5854206,3.2745872,-2.2466686,-0.19269502,-0.08070362,-4.335693,-0.31252775,-0.19618636,-1.1269308,-0.16410668,-2.4758122,-0.801965,-0.084018745,0.9824056,0.15004265,2.1196327,1.0257094,1.5839387,-0.075059235,-1.7040684,1.2013389,-2.4248579,1.7698139,1.3863257,1.2276368,-0.64016664,1.0123744,-0.45601064,-1.0611907,-0.44646063,-0.9395406,-0.21750212,0.5239198,-0.79482675,0.3662771,-1.8954425,-1.4520075,0.2638341,0.76100576,-0.5279735,-0.8692725,-0.19129598,-0.080400646,2.8308215,-1.7455558,1.7823269,1.0299687,1.4601043,-1.8129414,-1.7234995,0.14579588,-0.940361,-0.10396512,-2.8601806,1.1391597,0.09684901,2.456264,2.3849332,2.1256065,-1.067467,2.0246513,-0.5421946,0.3656224,-1.4366119,0.097589634,2.0804338,-1.8617593,-0.71474683,0.29648775,-1.7986046,1.8190519,-1.2869159,0.6284077,2.1132646,0.35494462,2.7587407,0.72834444,-1.2498175,1.3955864,-2.6155486,1.344373,0.6921833,1.2210996,-1.5508245,-0.8039984,-0.098637365,-3.1592026,0.5145251
Q8IZS6	-0.883333,-0.18722391,2.0805037,-1.3566765,-0.16464888,0.51551896,0.6169939,0.5085562,0.642782,-0.61051244,-0.25265306,0.4272895,1.1817036,-0.8360907,-0.6127041,0.658544,-0.33573556,-1.9881425,1.8751798,2.0347533,1.1805296,0.09245405,1.6967427,2.1684074,1.7409816,-0.46049142,-1.376025,-0.00405948,-1.2477999,-2.593397,-0.837423,-0.026906678,-1.3793861,1.0046068,1.3870348,0.7028366,-1.3893256,-4.0567346,-1.3215222,-0.58640754,0.61843723,4.2099853,-1.3160557,-1.1317983,-0.7146966,0.15335256,1.3575648,-0.7815648,1.4435054,-0.5312485,-1.8704854,-0.86755717,-1.0960681,2.4892344,-1.2487468,0.1529305,0.6313673,-2.4571228,0.80048394,0.04265162,-1.5343046,-0.3197334,-1.5653168,1.2428293,-1.0699047,-0.46991158,-0.7229313,-1.1297777,0.60029286,0.39392266,-0.9664089,-0.6562297,2.1470487,0.9241111,-2.1518738,-0.8554454,2.0499895,0.52444875,-0.03782656,-0.56697977,2.6736517,-0.83555955,-0.85473055,0.849228,-0.03546999,-0.275078,0.68852705,0.26428908,1.4551065,2.7722185,-0.6123693,-2.0068614,0.025051298,-1.1623131,-0.96797794,-0.38289604,2.3857281,0.03483123,1.3512932,-2.4810028,0.7527147,0.041508913,0.9582221,-0.53025687,-1.2367911,-0.16545221,0.28389233,0.48661205,-0.7520271,-2.3051395,-0.9123367,0.9911452,0.24433868,3.1656644,-0.8440896,-2.350257,1.2906163,-2.3357654,0.5721708,-0.8337679,-0.574237,1.1145893,-0.99993116,-0.7652339,1.2730161,-0.10612039,0.19332139,-1.2683332,0.5708563,0.24961151,1.0417012,-1.5476522,0.36966503,-2.5758004,1.1556565,2.725433,1.2050987,-1.1091988,1.0981381,0.91115844,-0.2978588,1.107319,-0.6925569,0.60158837,-2.14807,-1.2210233,0.5775692,-1.5020081,-0.15138233,1.0354413,0.20210837,0.07690626,-2.8414073,0.28989685,1.4258348,1.536333,0.14916712,2.8409665,-0.4371834,-0.2925601,0.5263646,-1.039998,1.5807263,-2.5297334,2.820524,-2.1733215,0.26860797,-1.1633526,2.6505463,1.720066,0.6223868,-1.5155816,1.246964,0.73377687,0.23417763,-3.1810062,2.388391,1.55646,-2.427441,-1.1991227,0.84179604,-1.5771639,0.6220068,-0.5697693,0.09259073,3.0478475,-0.4653508,-0.5406984,-0.17050862,-1.0713111,1.8069115,-0.0048372704,0.2370103,0.6991237,-1.4941877,-0.012334731,0.9197164,-0.04024512,-0.4914217,0.7704208
Q5DT21	0.2913774,-0.72991097,2.990091,-1.7686753,0.77844733,0.23786113,-1.552571,0.42482114,0.567871,-1.2295907,-1.6748651,-1.2586479,-0.684584,-0.72352797,-1.5056114,0.20705539,0.6147741,-2.1145284,1.6743497,3.1627657,2.1814072,-0.033680078,0.20857522,2.1500874,0.6164559,-0.47363377,0.07630241,-0.3439844,-2.5776885,-1.3465236,-0.71004766,-0.14505647,-0.60337454,1.6067958,-1.0697578,0.92906684,-0.4695811,-3.7738097,-1.840024,-0.31064358,-0.0002712532,5.772307,-2.1508822,0.17100328,-1.3272475,-0.11418884,1.48137,-0.8186578,1.4212072,1.5229841,-0.69221586,-0.6822759,-0.792459,1.8945197,-0.5800252,1.202683,0.36070037,-2.1961882,1.004448,0.40616006,-1.9520973,-0.28812632,-2.5500612,3.9336073,-0.94116,-1.5509722,-1.159005,-1.2220839,1.1439577,-0.24238917,-1.1371987,-0.36645797,1.7592852,-1.0939412,-1.293445,-1.651025,-0.1860169,0.73914135,0.32920015,0.43244216,0.54025525,-0.3973893,-2.7576036,2.3568294,-0.6164982,-0.30967385,0.08707037,-0.33076292,-0.109229445,3.6313174,-0.1747541,-1.5499417,-0.33712405,-0.18296589,-2.9508424,-0.3448991,0.8774452,-0.4408958,2.3239467,-1.5427434,2.5860267,0.1887358,-2.040743,-1.3082856,-0.9371818,0.5933772,0.5351796,2.163918,0.34882125,-2.9907305,-2.3393362,1.2428122,0.73610044,3.6584988,-0.4678275,-4.1800094,2.3777318,1.2534862,0.43188673,-1.4000634,-0.7227774,2.3492327,0.8395621,0.47214568,0.40726545,-0.91420597,0.78121334,-1.4250852,-0.8145152,-1.9630277,0.1614331,-2.7744222,1.9976025,-2.331235,0.59433544,2.3407536,1.8899342,-0.6705573,2.230388,1.5538342,0.50963247,2.72247,-0.18755613,-0.25080538,-1.5771064,-0.63064283,1.935094,-1.0993294,0.17455414,1.3956097,1.4257628,-0.6875889,-2.5937698,0.32933545,0.1436621,0.5522795,0.6670446,1.8410691,-0.36338207,-0.16370776,1.2614464,-0.7879887,1.4212426,-3.0190527,2.6318252,-1.8414533,-1.2689848,-2.7389796,2.04438,3.2318952,0.43066993,-1.5582985,-0.06655814,0.90271103,3.0989933,-1.8469422,2.043405,-0.024059908,-1.8622311,0.29909822,0.22185357,0.5550003,0.94365984,-2.5007758,2.2597806,1.9161808,-3.2478955,-1.3557518,0.63520277,-0.8397407,1.5129744,0.31684113,0.04370739,2.5851114,-0.11472403,0.2544163,2.0051436,0.85990775,-0.55106264,1.4763182
Q9NPJ8	-0.7054575,1.866775,2.346665,-1.6395029,-1.2365209,0.10887505,-1.2982616,0.58249664,0.7031878,-0.5639779,0.6500888,-0.27822015,-0.247547,0.22099409,0.23315257,1.9402918,-0.59391165,-1.3423558,0.23368075,1.1286947,1.8195589,-0.3635676,2.1223426,2.4763637,2.007299,0.86525553,-1.0645704,-1.2225924,-2.0587475,-1.0856289,-3.2886288,-1.2928249,-3.3293166,2.116206,1.1429725,1.8009139,0.14775224,-3.9903202,-1.7266418,-1.5490587,0.26219323,2.0072548,-0.934851,-1.8905315,0.5981404,-0.6947419,-0.04840228,0.4462887,0.13328686,-0.6138648,-0.84648913,-0.5181655,-2.307728,2.1333094,-1.122217,1.2019,-0.04446725,-3.330357,0.86718583,-0.03311077,-1.4388007,-1.4607157,-2.1403062,0.6781118,-0.14823335,-0.63250196,0.74884236,-0.38170406,-0.17300743,1.812383,-0.7998537,-0.7269181,2.0190253,0.5381993,-2.3371155,-0.026226599,2.78017,0.32215735,-0.0024124135,-1.0381191,2.1022644,-1.3421587,-1.835883,1.4836361,-0.9011006,-0.12917818,0.72951055,-0.79086655,-0.04301859,2.3510084,-0.6192505,-1.0202782,0.52874386,0.4266082,-0.6220001,-0.5756037,2.592253,1.3958248,2.0941792,-2.288299,-1.1701121,0.34810457,-0.47725478,-0.51954335,-0.561408,0.43492734,-0.12655742,-1.3066741,-0.5011734,-0.89116985,0.3603213,1.269949,0.5951979,2.0011992,-0.006344215,-2.319285,-0.11775634,-1.7047396,0.6080883,-1.6506683,-0.96147394,0.9761037,-0.7489693,-0.6645936,0.46997023,-1.5856456,0.09954145,-1.0488017,-0.9840911,-0.27598464,1.2671322,-0.777318,-0.2209653,-1.9127747,2.0369098,1.6126693,1.3692987,0.66297877,-0.28267145,0.39656368,1.5209093,0.26004216,-0.33140877,-0.24241094,-0.6448758,-1.24958,0.5029616,-1.238941,-0.4808454,-0.19267103,-1.4002974,-1.153732,-2.12271,-1.1105427,1.1835972,0.967553,1.1685039,3.7415469,-0.15950873,0.37840924,-0.2523341,-0.8612741,2.465036,-3.1657372,3.8834317,0.152014,0.47335857,-2.0188901,3.3861034,1.3512089,1.1524391,-2.569762,0.89392793,0.22831303,-1.3327633,-0.10920934,2.4126458,0.42898983,-2.063645,-1.1199969,0.7114424,-0.89728814,1.013093,-0.81736547,-1.6572962,1.4058962,-0.69365084,-1.8183573,0.5090734,-0.96163327,0.26313144,-1.5329232,0.43880624,0.58005154,-0.4378335,-1.185209,0.0899806,0.51794183,0.7154827,0.49439973
O60443	-1.5034763,0.34590012,-0.07427697,-2.30155,0.7819436,1.7414324,0.77523947,1.089724,0.6179693,-1.3997278,0.4771701,-0.6025227,-1.6819729,-0.29316473,-1.7675464,2.2767382,0.06428864,-2.4045277,0.8190662,1.931527,1.076168,1.3532443,1.2551293,1.4034488,-1.6081274,-0.7330729,0.0986669,-0.4878354,-2.607593,-0.48182645,0.67245245,0.06853262,-0.05361513,1.4147613,-0.0075527737,0.64615345,-0.3184544,-3.1221693,-2.9249456,0.920007,-0.10045183,2.18751,-2.690784,-0.8580612,-0.32733276,-1.6449176,0.14949258,0.056611836,-2.1502504,0.41100186,0.2790343,0.36576983,-0.39098886,0.5845488,-0.34578085,1.457653,0.29373038,1.065405,-0.49662712,0.3333964,-0.4641577,-0.1429954,-1.2052224,2.2989721,0.33091342,-1.4127637,0.36565942,0.27437258,-0.10879003,-0.3493954,0.61903393,-1.7531216,1.090451,-0.08239366,-0.61377156,-2.774468,-0.7576161,-0.98685324,0.954811,2.035864,-0.9996522,-1.272838,-2.9685748,0.44120476,0.28734624,1.0015552,-0.2072678,-1.5426326,-1.2513698,1.9903973,-1.6470551,-1.4889424,1.667654,0.38173804,-1.6110283,-0.23352632,0.64476794,1.4446404,0.3243259,-1.4304094,0.51485217,0.39937025,-2.1952372,-0.93751085,1.1414372,0.3664755,0.8457134,0.3329365,-0.2716636,-0.9044312,-0.15655743,0.59618455,-1.5489008,2.2421057,0.37887773,-1.0703979,-0.0918819,-0.370944,-0.23648956,-0.47047305,-0.7236811,0.4035423,-0.703754,-0.16193305,-0.8079869,1.2733167,0.6539603,0.20701776,-2.7489922,-0.5598646,-1.2326773,-2.2789462,1.955945,0.20506021,0.88131994,0.283488,2.6950207,0.88846946,-1.4529997,1.2125137,0.3336622,0.8899319,-0.28115827,0.14157091,0.17327087,1.0333438,0.80346745,0.13022603,0.75721335,0.5617632,0.3825308,-0.32551,-0.39807478,0.73223305,-0.11166614,1.0700213,0.11209929,0.99238604,0.80628926,0.056307264,-0.05315413,-1.0458305,2.4025831,-1.5261129,-0.55552787,-1.6277367,-0.43923318,-2.6369143,1.7852857,2.6395092,0.9080336,-1.4309905,0.41874954,-0.14510088,1.7105099,0.7955301,0.56846917,-1.3498304,-2.127003,0.66643566,-0.25429106,1.1839474,1.1421413,-1.2189722,0.23962256,0.85602975,-1.311708,-1.6890554,0.832481,-1.8529932,1.1887364,-0.24893935,1.1358782,1.6830913,0.87827295,-0.90189666,0.19462225,1.3296185,0.9336925,0.88171494
Q9BRX9	-1.5955112,1.0928881,-0.39491105,-2.1940866,0.11197516,0.9176203,0.9177406,1.0722507,0.14820309,-1.6730995,-0.60386956,-0.7318246,-2.187069,-1.0831909,-3.4682074,-0.2205535,0.44695526,-3.4287586,-0.27635437,0.59248126,1.0691572,2.4270077,0.072392784,2.1117885,0.13412915,-0.07153708,0.25583425,-1.0987699,-3.5518095,0.013939055,0.4675514,-0.41586214,-0.5495735,0.9098113,-0.8147954,1.8559562,2.1330292,-2.9255168,-0.8123323,-0.2747112,-0.6820885,0.8717702,-2.314058,-2.1312551,-1.4083154,0.31929114,0.44521663,0.47823516,-0.12214992,1.3886882,-0.37239778,-0.09402796,-1.4076061,2.3353138,0.9881827,1.5887772,-0.7971324,0.4052881,0.7600016,-0.47791192,-0.68116844,-1.5147657,-1.7613037,1.455685,0.06308648,-0.96714574,0.17805119,0.7555311,-0.5272174,0.80411756,0.42596033,-1.834127,1.0404137,-1.2966043,-0.19943112,-2.0014524,1.2511282,-1.1205548,2.401634,-0.89510846,-1.6963905,-0.7344418,-3.098493,0.7325672,-0.3905913,1.8098148,0.48131374,-0.3195475,0.028224645,1.6574888,-0.7548282,-1.2079849,0.8327185,-0.19641481,-1.4289556,-0.2948566,2.3552763,1.1593803,-0.25488922,-2.536596,-1.2097356,-0.20052022,-0.34339547,-0.5331275,2.3600566,1.3598026,-0.13762449,0.22651942,-1.1011037,0.13581318,1.3880502,1.103443,0.61899406,1.5397413,-0.11993995,-0.64886725,-0.99324274,-1.4081945,-0.7956627,-0.64949465,-1.254576,0.24057452,-1.1855067,-1.2359834,1.0521392,1.2750653,0.088698514,-0.24632904,-1.5744207,-0.18106602,-1.0027912,-0.9798509,1.2296991,-0.91817665,-0.19573878,0.9341589,1.1548389,1.3834893,-0.23043342,1.5364593,-0.15856217,-0.91595036,-0.0029896568,-0.34478077,0.4419122,1.065234,1.7046461,0.21628697,-0.4471082,1.6522238,0.32911217,0.33905235,-0.9931245,-1.7079445,-0.10837993,1.1605703,-0.91235846,2.1292162,0.26546916,1.3799396,0.3422207,-0.9986928,0.6177704,-1.6315109,-0.2531709,-2.0207865,1.21703,-2.8300188,2.6826344,1.4163946,0.5804024,-3.4077487,-1.6097302,-1.1095672,1.6096278,0.8576681,-0.304008,-2.7206237,-1.0913064,-0.14071739,-0.092899844,0.050010573,0.3801819,-0.8009897,0.31536573,-0.12428295,-0.021400461,0.6177817,-0.15594837,-0.867857,0.90489113,-1.1882013,0.24982166,-0.46223065,3.2836154,-1.6345625,-0.9151047,1.9047865,-0.1993691,-0.7330844
Q13889	-0.97240657,1.3353807,-0.10331516,-0.20169169,-1.2348484,-0.036586888,-0.93433404,0.68654376,-0.80504954,-0.17771643,0.08186117,1.6424662,-1.4805562,1.3634781,-1.3925537,1.6061611,0.23619065,-1.6539733,0.14423886,-0.3863482,0.67664325,0.6056098,0.118410386,1.3494501,0.12173293,0.46188006,-0.32245645,-0.80705214,-3.8097696,-0.10929897,-2.1697712,-1.93387,-1.0693252,1.2888044,0.29271886,-0.18713216,1.473059,-3.210591,-2.11959,-0.5276027,0.9139503,1.0326613,-2.936228,-0.059292026,0.5286801,0.7427752,0.7652719,0.80696535,0.708276,1.2937329,-0.32260603,1.1723784,-1.5481565,2.4162462,1.4596514,2.4437318,-2.4312458,-0.81302166,1.7503346,0.9861357,-1.4335874,-1.0456748,-0.6407878,0.9564275,0.3877931,0.508754,0.20306751,0.53099525,-0.63390905,0.82635134,0.13728657,-0.0772689,1.4903914,0.1348505,-1.6327368,-1.0616381,-0.63387984,-1.7986251,0.08411361,-1.3581717,0.63655967,-2.0253448,-3.043377,0.57580596,-1.3588197,-1.9289603,-0.9832946,-1.892892,-0.86940724,2.0717342,-0.04348563,-0.87939775,0.7155569,1.2186452,0.4048452,-0.17682637,2.289342,1.036811,1.2276195,-0.92411095,-0.80005366,1.8902644,-0.48479536,0.08368891,1.2390327,1.2782443,-0.35447243,-1.8552659,-1.1323233,0.6407933,0.3722655,1.4056883,-1.404228,2.1728718,1.0198258,-1.2782354,-0.61089617,-0.18600294,-0.9875959,-0.5684952,-0.36423418,1.1399909,-1.1030933,-1.0114561,-1.0425504,-0.3663155,0.09865184,-0.007980689,-0.3998545,-0.6077782,0.29782337,-2.1414812,-0.13674186,-0.058218263,2.3609047,0.95731765,2.4106357,1.0080684,-1.5083749,1.0415175,0.32696012,-1.0342034,0.5788295,1.1950917,0.0010985509,0.441269,0.61935943,-1.6343464,-1.5688837,-1.0196936,-2.0058458,0.3164413,0.101693474,-0.42304447,-0.75138587,0.6293473,1.325447,2.636426,0.012819006,0.42301384,-1.3748507,-1.0334255,3.1144886,-0.9284643,1.6878072,-0.03017429,-2.0517106,-0.985802,3.9752135,0.25374654,1.4505204,-2.1203701,-0.98896,0.66000766,-1.239977,2.3166146,1.4781698,-0.60068583,-1.0155057,0.6910492,0.059890766,-1.1780452,-0.27800208,-2.2236917,-1.0481386,0.070535235,-1.0688412,-0.6026605,-0.30651516,0.50441575,-1.0861628,-1.0227767,-1.8475109,0.79727787,-1.3029605,-1.3204806,0.036651786,1.3345097,0.24109867,-0.4282731
Q6P582	-0.52646947,-0.84324306,2.008284,-0.014514953,0.37971696,0.47495478,0.5404292,0.4133114,0.7094984,-0.28010666,-0.5539077,0.42585728,1.1108714,-0.16676244,-0.034944747,1.4322829,-0.71820116,-1.7053102,1.2510757,0.69359934,0.11259624,-0.8252849,0.25027826,0.42971843,0.82824934,-0.1648313,-0.30624732,-0.4558097,-1.7674196,-0.010022914,-0.64906377,-0.8790597,-0.84573144,0.3155684,1.1208984,0.6306824,-0.2772592,-3.1349497,-1.789632,-1.2082322,0.9671508,1.5621818,-1.5559244,-0.31381205,0.4110005,0.17192097,1.1114327,-0.6170864,0.322612,1.2141852,-2.2804422,1.0477588,-2.1354299,2.5799735,0.22762257,-1.0126824,-0.40875164,-1.9967448,1.1619416,-0.14520884,-0.60076714,-0.39133877,-0.9982175,0.37908295,-0.25612494,-0.56875014,1.0310688,0.29408044,1.5680482,0.937631,-0.8892483,-1.5352774,1.307773,1.3423544,-3.4917326,-0.32213724,1.7502644,-0.2915972,-0.5534471,-1.0333544,1.9915826,-0.4761599,-2.1142688,0.28385177,-0.1167892,-1.1975642,0.115224764,-1.1308258,0.6470316,2.2556906,1.3945501,-1.530111,0.6850257,1.1449883,1.0587004,0.2619005,0.9328781,-0.908399,1.5052356,-1.8173499,0.13247421,0.38517365,0.96127266,-0.5149624,-0.9469606,-0.021275941,-0.19587086,-0.012937651,-1.3520523,-1.1801878,-1.1053561,1.2077427,0.3223625,1.5685468,-0.8166995,-2.1523952,0.34850252,-1.8547267,0.1089567,-0.49404556,-0.78549826,1.2574683,-3.0103526,-1.1365106,-0.05593244,0.8128621,-1.170416,-0.29835728,0.94122565,0.48820475,-0.008872965,-0.16761209,-0.29147682,-1.7660128,2.4494152,2.1816833,1.4290372,0.011900036,-0.2650288,0.09188598,0.47234747,0.046212472,-0.010420527,-0.79779714,-1.4275763,-0.82692516,0.6489747,-0.61786866,-1.6267133,-1.0889581,-0.15577921,0.23285191,-2.0759847,-0.26116955,-0.15123625,1.1368293,-0.08911028,3.032621,-0.784574,0.22043675,-0.5534714,0.802506,1.3179711,-2.3505921,2.7783954,-0.49722683,-0.76842713,-0.9956865,2.5813608,0.47997528,0.17883527,-1.1103522,1.3363063,2.0364566,0.30924794,-0.38219544,0.76258737,0.6519205,-1.9040457,-0.7198125,0.94788843,-0.7625442,1.1609184,-0.87732124,-0.38285717,1.6941164,-0.35374075,-0.22118455,0.088494994,-0.9324677,0.93188703,0.1184574,0.7385334,0.2718359,-2.0196304,-0.7583491,0.6986263,-0.23455274,-2.1763892,0.8116263
P19419	-0.29649067,-0.092876665,-0.8190715,-0.0375048,-0.59811544,-0.35768938,0.99060285,0.35176292,1.275557,-0.11083329,-1.1999245,0.832245,-0.56083375,-1.5433792,-1.320048,0.8502786,-0.8572512,-0.76109916,-0.14264989,-1.203231,-0.12682518,0.12103487,-0.9028069,-0.8663723,-0.8032293,-0.4314669,1.2469349,-0.29694843,-4.48998,0.5255842,1.0402846,-1.5960063,-0.2884447,-1.1281402,-0.2488513,0.20719746,1.5419885,-2.0521226,-1.0592303,0.007124523,1.6427946,1.8625054,-2.6668344,-0.38841277,0.2861652,0.13821381,0.4108541,-0.02657823,-1.9559695,1.4291632,-1.2068377,1.2444446,-1.3496332,0.15295461,1.5129926,1.217009,-1.7903152,0.73501855,-0.09604924,-0.6161407,0.5580796,-0.33206162,0.061388407,0.72325444,-0.3639646,-0.20921978,1.629876,0.06643467,0.3838236,0.101241544,0.58186585,-2.229112,1.9341615,1.1322306,-1.201585,-1.0907379,-1.1269602,-0.21656968,0.990409,-0.49516535,0.24223696,0.33371598,-3.345643,0.63862526,-0.020246346,-2.0293105,-0.7264452,-2.0935712,-0.16874647,1.0211697,1.7053297,-1.3848814,0.63991815,1.4215479,-0.18089056,0.9931548,0.26658273,0.76975065,0.26755208,-1.358115,-0.8222624,0.20994467,-0.7617442,0.87050986,0.7972161,0.28579322,-0.50424963,-0.5429306,-1.1475117,0.19292241,0.5463912,1.3919442,0.021717342,0.68421125,0.59941834,-0.4986694,0.098505415,-1.1561078,-1.214278,-0.33617374,-0.7354272,1.15198,-3.83086,-1.6366305,-1.6062291,0.5755188,-0.52723986,0.5755058,0.2255567,0.46568826,-0.5076539,-1.1881268,1.3237928,-0.42641413,2.7845397,-0.056938868,1.6981604,0.95527416,-1.1656772,0.7579679,-0.12439194,-0.21950899,0.97538596,-0.20915818,1.144091,0.6705386,0.48939762,0.061549116,0.14932926,-1.7645648,0.05371255,0.5957314,-0.67096764,-0.31563318,-0.53983593,0.5779792,-0.40541455,2.0634375,1.4584644,1.1115634,-1.7063915,1.0379449,1.5147312,-1.4024395,-0.19234815,-0.15980272,-1.2283669,-1.3660538,3.1868446,-0.23762754,0.47171667,-2.2008262,-0.70371115,0.40481627,-0.02709078,2.093771,-1.4290673,-0.2561493,-0.8262802,0.50752676,0.15322396,0.08806605,0.60545236,-1.6591731,-0.094480835,-0.36373475,-0.32353184,1.4816842,0.9409477,0.2296319,-0.7620062,-0.7486048,0.0035556927,0.050813474,-0.7015469,-1.7769212,0.81422585,0.7763856,-1.1201386,-0.7526458
Q9ULP9	-1.2798271,0.049264953,1.6204659,-0.28496805,-0.04278567,2.2910848,2.4583104,1.4955077,0.6562776,0.0728972,0.8107137,-0.5222314,0.63878995,-1.3983772,0.06433358,2.0044672,-0.3196843,-1.8357464,1.0860617,0.37843752,-0.65040225,0.10038327,-0.2956208,0.40208763,0.04024925,-0.65370196,1.3687357,0.6370949,-1.8159885,-0.44335827,1.186578,0.23381594,0.2556156,0.4285508,0.5592496,0.6604651,-0.6266266,-3.1475518,-1.2128904,1.2531384,1.4305534,2.0209217,-1.4952859,-0.3662358,1.3020378,-0.7315558,1.2381257,-0.29705268,-2.671978,0.19121315,-2.92064,0.690656,-1.9564904,1.1370853,-0.40421733,0.33538845,1.1215702,-1.1650459,-0.21661793,-0.15126018,-0.032512866,0.0061320313,-0.60320723,0.3497541,-0.63397706,-1.5534616,1.658518,0.12740183,0.51226723,-0.1855488,1.3908422,-3.520563,1.3741926,0.7798883,-1.7869625,-1.11652,1.7790112,-0.42667198,-0.30903542,-0.21674295,2.8327868,0.3176119,-1.7002296,0.38232368,-0.078068875,0.11374903,1.0018486,-1.8031354,2.1571574,0.2653637,0.86504894,-1.5558038,1.2870448,0.8424256,0.25348753,0.31322283,1.5575603,-0.55741584,0.8633483,-2.7419913,1.5113679,0.2546128,0.44770223,-0.69346017,-2.2167366,0.12461103,-0.5594199,-0.030185925,-1.5878401,-0.96084535,-0.67533576,0.8305037,-0.62285596,2.3861434,-2.7148433,-1.305471,1.3288746,-2.6134815,1.1081117,0.29698852,-0.13530633,0.54192007,-1.4327382,-1.5887929,0.36134717,0.5823378,-1.0775398,0.34706485,0.46812463,1.2426195,0.4171252,-0.7169071,1.0807432,-2.6898818,3.05995,1.1537491,0.55340034,-0.28543404,-0.42707545,1.406481,-0.6833162,-0.19258289,-1.0923209,-1.3325051,-0.10912565,-0.8789619,0.82589483,0.14563823,-0.9820228,-1.5979515,1.2437699,-0.7117405,-2.074428,-0.61456925,-0.0061319936,2.6537418,-1.828276,2.309974,-0.29801822,-0.40635517,-1.0327423,1.1064906,0.8141415,-2.5441737,1.0941238,-2.2487452,0.13617069,-0.37423143,2.8583217,0.22012983,1.3389405,-1.9727927,2.2046356,1.3049674,1.1123002,-0.014892675,0.2980966,1.2434496,-1.3226022,-1.087633,-0.05986153,-0.36362743,0.5589629,-1.3212327,0.77077115,2.4274259,-0.17398342,0.4012062,1.9563913,-0.8071969,1.4888664,-0.54966646,0.16112258,-0.6059692,-0.9737548,-0.8080759,0.47076753,0.4680869,-1.8966725,0.90484226
Q9BUE0	-0.5323281,0.71441823,0.724539,-1.7692914,-1.6472613,-1.0653493,-0.74963117,1.1816006,-0.3175153,0.015436166,-0.36818033,-0.6901929,-2.7419631,0.6748506,-1.7355558,0.46531302,-0.19086622,-1.2575293,-0.7822189,0.39313984,1.5520239,0.92908376,0.3727102,2.0460768,0.21710895,-0.6325132,-0.056868337,-1.883069,-4.525931,-1.3950816,-2.2978647,-1.5327798,-0.10463813,0.6545921,-0.26596582,0.5505394,0.93122,-3.807482,-1.40621,-1.6085072,0.6862587,2.5610104,-2.928987,-2.4933813,-0.20618057,0.77747476,0.8690628,-0.8733002,0.64101964,1.3243202,0.678845,0.13401355,-0.70475954,1.6477106,1.21287,2.9031866,-0.68942577,-1.2718917,1.0521445,2.0845106,-2.9547038,-0.99753284,-1.0681069,1.3238894,-1.3409463,-0.6688576,-0.46788493,0.55817366,-0.77652276,0.50111085,1.0888658,0.57899857,2.4743922,-0.7422591,-0.19882412,-0.7134402,-0.20777583,-0.38839304,-0.78733295,-1.135571,0.6796182,-0.31918135,-2.1100762,1.454581,-1.1749814,0.3307789,-0.8117285,-0.37764686,-0.32695913,2.7600532,-0.2842802,-1.0593208,-1.1283895,-0.60903966,-2.4433317,-0.16668552,2.8199573,1.6671302,1.3363446,-1.927923,-0.57608926,-0.005107835,-1.9492613,-0.6161672,1.0766886,1.8643314,-0.81137776,-2.364161,-1.0494027,-0.41991234,0.32042506,1.7214054,-0.12713204,3.0380929,0.2072136,-2.2197266,1.3509287,-0.2786002,-1.3592069,-0.5497853,-1.1184026,0.7806293,-0.058862016,-0.6331795,0.3912989,-0.6521867,1.2787113,-0.35330373,-1.3194479,-0.28613365,-1.0538375,-2.4162307,1.6367909,-0.72928435,2.6418388,1.2365304,1.8766155,1.467956,-0.55314165,1.7344471,-0.21261539,0.41797233,1.7528428,0.4905796,-0.098233916,0.861215,1.786263,-1.8257883,-0.86117476,-0.44499496,-0.8899904,0.059158254,-0.15866485,-2.6900039,-0.06393033,0.42729628,0.87547696,2.0484807,-0.17235734,0.48364142,-0.16833384,-2.6770186,2.668924,-2.5475316,1.2424055,-1.1544026,-0.544963,-1.7314142,3.3726943,0.8984308,0.48425326,-4.3355436,-2.350519,0.050622065,0.57160103,1.4467169,0.28120717,0.45839483,-0.30690554,-0.072974615,-0.61212796,-1.6052301,0.6738363,-2.0552564,0.12286951,-0.5840163,-1.7687824,-0.19255742,-1.180044,-0.3087219,-0.6359156,-1.394245,-0.31567693,1.6903588,0.78442895,-1.7713108,1.2821842,1.7896714,-0.63572913,-1.6585501
Q9UQD0	-1.715182,-0.54160905,1.3120528,-1.3883938,1.0204352,2.9092877,0.73994106,2.989356,-1.1659793,0.06855928,1.0716876,-0.56699306,0.028540937,1.4885886,0.072890766,1.8611832,-0.6679297,-2.3421955,0.8431776,0.28180996,0.14026316,-1.2652934,0.84492207,0.2858325,-0.3218917,-0.098963834,-0.04010585,-0.9347268,-2.5541663,2.0402288,0.6388452,0.6235933,0.25227535,1.4716766,0.54719156,0.19736174,-0.9744894,-4.9522758,-2.1549745,0.5240694,-0.3238381,0.5803311,-2.5518918,-1.7102174,0.04907661,-1.5302855,-1.0482283,-0.16661616,-2.077394,0.44369316,-1.8267014,0.855815,-2.8350708,2.0066469,0.54139984,-0.49580178,1.8885623,-0.61244386,1.6285486,-0.09195854,0.32563093,-1.7363758,-1.4653996,0.7120271,0.6739055,-1.8821447,1.103257,0.9636569,1.7519801,0.9780658,0.54526156,-1.9527295,1.2167268,0.480294,-3.3631916,-1.4582084,1.9878936,-0.891837,-0.072574325,-0.3099498,-0.013209061,-1.9705218,-1.2230566,-1.0445346,0.24831842,1.9605594,-0.59621394,-0.62966245,-0.3930498,0.73053825,-0.79632634,-1.6785166,1.8717128,1.2252338,0.15578604,-0.61899835,1.8165296,-0.906407,-1.0441291,-1.8663,0.039150015,0.5955976,0.7744433,-2.6174686,0.28616288,0.60894436,0.7494228,-0.21985488,-0.6988121,-0.63324255,-1.280117,1.3806908,-0.66278964,1.4638058,-1.9661665,-1.4144263,-0.8351566,-1.7842641,0.27354652,-0.40150777,-0.061614994,0.47344467,-1.8525002,-1.5104251,-1.2032012,2.082213,-0.31972075,0.22069673,-0.5613879,-0.5575458,0.25596797,-0.5736186,0.09004715,-0.94305795,0.32171652,0.675356,1.825316,0.4604578,0.25073418,0.91919655,1.7725431,0.2554685,-0.1011619,-1.5667418,-0.5846541,0.18139888,1.9849727,-1.1300948,-3.3152304,0.32239553,-1.0097749,-1.277595,-1.303013,-1.6932756,0.78760046,1.3915701,0.11331091,0.6281306,-0.16055186,0.3125979,-0.64375323,-0.38561866,2.3030126,-0.40264618,2.1397743,-1.3586122,1.1432996,-1.8726919,0.847899,2.345263,1.2362301,-0.958565,1.1472324,1.5232166,2.2620873,0.25740144,1.1461414,0.12529404,-3.1699815,-0.7946535,-0.47818255,-0.86954486,1.3807361,-1.3983424,0.42557833,0.93644077,0.5564592,-0.5291236,0.23007481,-1.9502959,0.49374467,-1.945214,2.454089,0.11458923,0.7752137,-2.039611,-0.50682014,-0.34237945,-2.561509,0.74290633
Q8N6T3	-0.9342052,0.27509314,0.76444817,-1.7340027,0.13730225,2.3639472,2.2404206,1.6758537,1.1333755,-1.1350561,0.703495,-0.58002347,-0.42090937,-1.370478,0.4268386,1.8134148,-0.598957,-0.23970239,0.056439787,0.36459142,-0.108250454,0.85063636,0.15770504,-0.07807234,-0.79981095,-0.22280303,1.0741208,-0.74116224,-2.523053,-1.0820553,0.19364136,0.39044055,0.4070781,0.7187703,-0.15478793,0.5674002,-0.17303835,-2.4323041,-1.4139123,1.0774738,2.077284,2.6872177,-1.7749543,-1.7626483,1.0763397,-1.3818796,0.4625919,-0.17874059,-3.2839613,-0.026147952,-2.5424173,0.2772185,-1.777755,0.67554086,0.3826829,1.8253554,0.7865299,0.35747182,-0.95403135,-0.05113981,-0.06820082,-0.5297168,-0.4315255,0.6591138,-0.9724966,-1.462571,1.700594,-0.24245346,0.035746805,-0.35638016,2.3513186,-2.7059898,2.092725,0.97070926,-0.4148191,-1.1566868,0.30738258,-0.026988396,0.08644699,-0.37552193,2.150173,-0.6271537,-2.0279942,0.85884374,-0.032709368,1.227531,0.09318061,-2.1808538,1.6543236,-0.2873204,0.20747854,-1.2502123,0.9191076,0.3591128,-2.040557,-0.15833776,1.7989366,0.39647618,0.6015099,-2.708103,1.6232142,-0.32293206,-0.70175594,-0.013774609,-0.13963823,-0.36029288,-0.5746291,-1.1113315,-0.5409279,-0.26861238,0.09305667,1.0922879,-0.8352015,2.8020341,-1.5622874,-0.6186378,1.2173073,-2.2780182,0.4445968,0.041600384,-0.43260977,0.4631677,-0.36699617,-0.7089367,-0.17679006,0.0420849,0.06476294,1.0402507,-0.7400658,1.0213497,-0.80742073,-1.4192194,1.7721636,-1.4237275,3.3920186,0.16297555,0.5320486,0.44232604,-1.4850765,0.96570855,0.18191206,-0.43088612,-0.0629645,0.2655614,0.184975,-0.12553568,0.4495961,-0.37856394,0.48945904,-0.46692118,1.0363314,-1.4329938,-0.4028466,-0.9656738,0.22593828,1.2216465,-1.6596094,2.5297406,0.62889254,0.7928871,-1.2710012,-0.8278608,2.849535,-2.6424296,0.07647371,-1.7172571,0.25454292,-1.2175695,2.9003296,0.6434317,1.7392092,-2.448089,1.9025908,-0.24542943,-0.30463672,0.6811173,0.763408,1.5062981,-0.9681296,-0.25210068,1.0466238,-0.45756513,1.2786926,-1.47037,-0.05350735,1.1742692,0.09411851,0.08024668,2.061841,-1.3830426,0.034030784,-1.9402287,0.078939274,0.8960498,0.3050828,-1.1309773,0.09040782,0.6170965,-0.21295632,0.21498594
P49643	-0.18871836,-0.8467995,0.48139963,-1.088408,-1.4442774,-0.9284622,-2.0329838,1.7006904,-0.11464271,0.24690038,-0.545875,-0.090138055,-2.306938,0.9280454,-2.3551989,-0.48513,0.7636324,-1.5743904,1.3478265,1.3533627,0.60088086,0.2925606,-0.5427499,1.6132048,-0.19584352,-0.31139022,0.5878885,-1.3775694,-2.8900893,-0.35401884,-1.2153497,-0.94193876,1.2084231,0.66573536,-0.07880492,-0.5469381,0.77393687,-4.3892374,-1.9417678,-0.4183337,0.8135021,3.9290338,-3.7145646,-0.52199894,-0.9847003,1.106008,1.2781061,-1.179254,1.2154306,1.1247989,-1.176981,-0.4194785,-0.0024344162,2.8380313,1.1477255,2.6563244,-1.2773464,-0.4061083,2.1646838,1.5834013,-1.6674384,0.25116235,-1.488983,2.502531,-0.3242207,-0.85111517,-1.6604272,-0.4527115,-0.54926074,0.22418927,1.1814092,0.3522239,2.9329245,-1.7512368,-1.0531925,-2.1003501,0.05993262,-0.7193574,-0.35057896,-1.4346695,1.70326,-0.16180661,-1.3795273,0.018165836,-1.0849522,-0.5803785,-1.0023953,0.34346104,0.6020234,2.485852,0.1522177,-1.5303897,-0.6959174,-0.57660913,-1.1349992,-0.4828395,1.8085588,-0.875761,0.035249267,-0.05754537,1.6328145,1.1423104,-0.88147795,-0.68109125,-0.3132341,0.8767008,-0.3822257,-0.4865734,-2.0395696,-1.0944299,-1.0914862,1.1356993,0.06946183,3.5660207,1.5071965,-2.7125185,2.4718444,-0.011019068,-0.96159846,-0.9651671,-0.6862954,1.361742,0.23374143,0.65703064,-1.0270087,0.24140601,0.5110058,0.18660937,-0.15793511,-2.1711013,0.09753784,-1.19452,1.4710795,-1.1081388,1.5498234,2.3937306,1.4911927,0.2032319,0.569721,2.1923137,0.28766984,1.3394413,1.5540512,1.7523663,-1.5824739,0.24250945,0.9844209,-1.1223942,-1.076106,1.6817672,0.1927938,0.23283108,-0.18108428,-0.70801526,0.31444108,0.5721823,1.0942295,2.0361056,-0.13348776,0.42440957,-0.64285904,-1.4363087,2.4086494,-1.7467359,2.1286836,-1.0360872,-0.939196,-2.0119953,2.4072886,1.0722913,1.6666002,-2.1184318,-1.2743385,0.56378156,0.20297852,-0.3561941,1.3462738,-0.033546805,-1.7720904,0.7424203,-0.5374663,-0.95913345,-0.38669375,-2.793956,0.17197502,-0.056324054,-1.9333928,1.0315287,-0.8937215,-0.08264657,0.18859893,-0.45666733,-1.4860283,1.2057532,-0.46321186,-1.5883346,0.78093773,1.0835756,0.19500563,-0.78220975
Q12772	-1.67563,1.1495429,-0.8910843,-0.24616584,-1.2199752,0.1868593,0.54680455,0.08607119,0.4986818,-0.06547584,-0.31466332,-0.059768394,0.013871764,-0.76237696,-1.0680043,1.966509,-0.55082625,-0.5040981,-0.5443547,-0.94126785,-0.6481132,-0.5977026,0.91340154,0.3502364,-0.23960584,0.4627598,0.5999277,-1.5053295,-3.0320516,-0.06982688,-0.32133767,-1.5664823,-1.6406038,-0.6192912,0.092471115,0.5518363,0.41533783,-2.0820522,-1.6635983,-0.24855559,1.6206778,0.58752,-1.9776025,-1.1054094,1.05078,-0.18165202,-0.45842603,0.8880633,-2.884387,0.70095146,-1.0367959,1.658241,-1.7229928,-0.0043421183,0.9744541,0.55638236,-1.5860326,0.59820336,-0.52642894,-0.05326086,1.1434709,-0.6409395,0.027326304,0.3160266,0.13407235,-0.17605689,2.378203,-0.045040347,0.47386947,0.49700335,0.81998754,-1.9915392,1.590543,1.5283005,-1.6336197,-1.1987596,0.2041326,-0.2542891,0.8101016,0.47864047,0.92705387,-0.40965313,-2.3248775,-0.4795697,-0.33112574,-1.513123,-0.5819057,-1.5464232,-0.52957875,-0.43385044,0.9060009,-1.7088083,1.0292544,1.9951701,0.35652074,1.1366992,0.69944865,1.8833146,0.7676614,-1.3541158,-1.159064,0.2737791,-0.35791856,0.019504994,0.2612537,-0.2101716,-0.20345746,-0.8466568,-0.42601895,0.7684984,1.1239719,1.2722564,-1.0745884,0.67150396,0.45380422,-0.29937828,-0.5328329,-1.8827412,-1.4789621,-0.8506662,-0.7029526,0.750615,-3.3076456,-0.64450514,-2.0555606,0.42811346,-0.2775744,0.7690229,0.45702347,0.7238012,-0.9420569,-1.3325552,0.6700055,-0.46547788,1.7345672,0.26869643,2.2981734,1.1717013,-0.78642076,0.20569725,0.015831614,-0.6557316,0.13923943,-0.4777492,1.108808,0.5665695,-0.123950556,-0.02597727,0.116574675,-1.8755275,-0.3315177,-0.5395016,-0.21020196,0.014300291,0.029431416,0.38957393,-0.24454892,2.3815718,1.1387092,1.2891675,-2.4085574,-0.0386716,1.4134969,-0.5349261,-0.062550545,0.22686598,-0.88761884,-0.3684703,2.6765435,-0.255431,1.1958522,-1.010767,0.54556406,0.21495494,-1.6602501,1.3313723,-0.62554604,1.0543448,-1.8337448,0.104576476,-0.073951475,-0.047410056,1.1484706,-1.2415534,-0.8818778,-0.21153261,-0.66769075,0.7680018,0.74792516,0.13717732,-0.5730799,-1.3611094,-0.3230965,-0.016609265,0.09885857,-1.7063506,0.31257516,-0.16982065,-1.637897,-0.50383264
P78345	1.0758612,-0.71110594,1.5636799,-2.1346858,-0.611464,-2.3726606,-1.4477842,0.015314227,1.5347632,0.08429871,-2.277343,-1.0270097,-0.03357613,0.15820277,-1.3352101,-0.39748043,-1.2543555,-1.7388829,2.9699335,1.4705161,1.5470822,-1.1647315,1.4804848,2.7856338,1.6430075,0.40324834,0.15230533,-0.9420185,-1.5988152,-1.0694993,-2.297161,-0.3230603,-1.1457833,0.033477277,0.064353935,1.553394,-0.279049,-3.382249,-0.5249143,-1.4461918,1.228484,4.267443,-1.312797,-0.5970366,-0.803397,0.6538416,0.49405876,-0.49749392,2.3837147,1.0992271,-2.0007157,-1.6120749,-0.09284946,2.4813097,-1.5060048,0.6058778,-0.45903242,-2.9298608,0.5528632,-0.47250587,-2.6664953,-1.3388381,-1.0302678,1.1645787,-1.2417891,-0.7965291,0.5825302,-0.06164976,0.31998935,1.3731247,-0.18112402,-0.016434003,3.3500648,-0.33700627,-1.1190149,-0.1352232,1.0305922,1.0037414,-0.018908968,-1.366161,3.1573303,0.24972065,-1.6958133,1.7363513,-0.42367065,-1.4223248,-1.1058306,-0.0038166102,-0.657437,3.3807583,1.0099149,-1.4369186,-0.56750596,-0.630492,-1.44942,0.15632915,1.4032519,-0.046304207,1.6284504,-2.0861192,-0.12581144,1.5721785,-1.0339916,0.0758889,-0.9923374,0.08802414,-0.1312412,0.46715313,-1.2842623,-2.9152296,-0.14305268,0.8576461,0.8602545,2.650765,2.3294916,-3.5992079,1.8510574,0.97048104,0.65085304,-0.289798,-0.6299516,2.675613,-1.648407,-0.7429137,0.73410356,-2.3349001,0.04081624,-0.7621414,1.2051722,-0.6236723,0.71822304,-1.0704714,1.2325983,-1.6502436,2.1707227,2.871463,1.0305911,-0.5276068,2.8621972,1.6475871,-0.4173475,0.8677003,1.548685,0.95710754,-1.8430096,-0.33935112,1.3766842,-0.5449899,1.449358,1.128905,0.9770363,0.04179348,-3.1742513,-0.5248442,1.593112,-0.16266747,1.3299848,2.0358398,-1.2110004,-1.1621059,-0.07615227,-1.9180188,0.47430736,-3.4904306,2.8982952,-0.78186107,0.62185746,-1.397127,4.55346,1.1673945,1.1435883,-1.8324068,-1.2787819,1.5518836,-0.08291968,-1.7419817,0.1655597,0.07496059,-1.6430314,-0.67210925,0.6258627,-0.83013785,-0.6117637,-1.7167934,0.33369112,0.8851679,-1.4345899,-0.6530117,-0.31262058,0.7407844,1.5449569,0.45505956,0.07598466,0.51937985,-1.4681616,0.10678845,1.5866013,1.2082481,-0.33420056,-0.15794241
O15520	-1.3553046,0.8746883,-1.2840674,0.012723913,0.74995804,0.77242196,0.5174303,0.41234025,-0.15740894,0.50676847,-0.26469353,0.3679635,-0.4150573,-0.30115122,-2.336402,1.0021802,1.2562971,-0.42770395,0.42958412,-0.36262244,1.0933173,0.9323172,-1.0427859,-0.7332318,-2.024683,0.63769937,1.1567973,0.7162433,-3.0128696,0.4504765,1.2788059,-1.2422115,-0.17057033,-0.07451217,-0.26466525,-0.59173864,0.50158703,-2.3051243,-2.2683148,2.3949952,1.3106716,1.2783073,-1.6711923,0.33581725,0.8958471,-1.2495269,1.024558,0.39181712,-2.465858,1.2468816,-0.2778946,1.0475904,-1.012573,0.12504564,0.53697467,1.1011275,-0.78550553,-0.06122286,-0.7680393,-0.0121688135,0.49113724,0.57444984,-0.64055413,0.8537321,0.5380923,-0.17389546,0.1148771,0.65692496,-0.50244546,-0.24970922,0.25156322,-1.4002908,0.6461177,-1.3568846,-0.5164996,-0.7790047,-0.6691299,-1.4058926,1.1879047,0.48629487,-0.33753106,-0.6084043,-2.967436,-0.73961866,0.20040226,-2.486038,0.31776828,-0.9524092,-1.0021573,1.0830426,0.46490267,-0.8298229,1.2097183,2.3717525,0.060300805,-0.07299478,0.7789824,0.87436956,1.4378127,-0.12792481,-0.08569478,1.4140639,-1.3226501,0.397272,-0.668694,-0.08580479,-0.5782632,0.71556294,-1.4719151,0.47440574,-0.6423417,0.35020247,-0.65648717,-0.059473827,0.21167152,-0.6192363,-0.29881063,-0.2592167,-1.466543,0.10846064,-0.68553185,-0.72021043,-1.5282722,-0.39363924,-0.9979772,0.6293842,-0.6222389,0.067308776,-1.2624294,0.7246149,0.8678487,-0.9052775,1.4311774,-0.7237111,1.3453772,1.1710961,2.5211997,0.4794041,-0.64328736,1.4427859,-0.3535966,0.7330892,-0.54648083,-0.80846786,-0.1274556,0.5129367,0.6637665,0.09594751,-0.38112676,-1.0590113,0.6237121,-0.29502988,-0.44491103,1.0146314,-0.53854287,1.3299369,-0.27352634,0.9134414,1.3013365,0.21378732,-1.459764,1.528426,0.76395136,-0.9497188,0.1428433,-0.47630373,-1.2475581,-0.24119967,0.93890446,-0.5778323,1.5526463,-0.3609219,0.7422658,-0.587758,0.33397305,1.4233764,-0.6160375,-0.74340886,-1.7698379,1.6220423,-0.91083,1.1060889,0.005268036,-1.9926718,0.17970984,1.2640347,-1.3033787,-0.43622953,1.5571729,1.3001636,0.41330668,-0.27133873,-0.5392058,0.12383228,-0.93160117,-0.99846303,0.6966537,0.9383005,-1.3596239,0.51469845
Q9HBM1	-0.5032242,-0.9464497,1.3493422,-0.094767764,0.099602565,0.9620064,0.7537125,1.1461926,0.7246543,-1.9226384,-0.029114656,0.498549,0.9953376,-0.7235222,-0.63941187,1.5509835,-0.65201783,-1.5606486,1.3021593,1.1848854,0.40632537,0.85632163,0.57864577,0.8770338,1.2425917,-0.14334248,-0.63950396,-0.46682712,-1.999379,0.035422403,-1.1516758,-0.3389095,-0.50343996,1.2715739,1.2733803,1.1602844,0.36721256,-3.094672,-1.3430167,-1.2962823,1.1202509,1.6638619,-3.0685596,-0.27578574,0.16828606,0.42793605,0.8204537,-0.46458942,-0.25238046,1.7001371,-1.5246313,0.44070956,-1.8793414,3.076987,0.37437713,-0.66044325,-0.73987734,-1.0903997,1.5547222,-0.54492223,-0.5901813,-0.7771813,-1.3346058,0.7272162,-0.77043533,-0.39330658,0.9423833,0.052017726,1.1407485,1.0140893,-1.790621,-1.6402748,0.5685407,1.5174395,-2.920027,-0.39707568,1.2978997,-0.44599417,-1.0563718,-1.313563,1.7178246,-0.6089767,-2.7395077,1.642962,-0.056216326,-0.38545907,0.46556324,-2.3099697,0.74207646,2.859072,0.9818416,-1.7726598,1.4338323,-0.06925012,0.24818799,0.26320675,0.6690383,-0.9458143,1.4460433,-2.193223,0.8514648,0.52393824,0.14638564,0.20997073,0.18239516,0.4780698,-0.22952543,-0.81043804,-0.38465276,-0.74947745,-0.26055783,0.9497051,-0.15672518,2.6531148,-1.2129335,-2.0175383,0.45651323,-1.1043255,0.70678884,-0.7673689,-1.5508387,0.58562374,-1.5755662,-1.2635368,0.27338985,-0.2380959,-0.49522457,0.029277153,0.5518391,-0.15404882,-0.54402274,-0.90609235,0.14286272,-0.3637892,2.7673311,0.94793254,0.89388853,0.6602339,-2.2125223,0.08245755,1.1333671,-0.7368899,0.6469878,-0.19158927,-0.84997135,-1.2057123,1.1112856,-0.24329768,-1.6433254,-1.4802506,-0.9742109,0.34964502,-1.3698786,-0.03300161,-1.2145604,1.2716945,-0.35522962,3.187928,-0.4923333,0.3750315,0.37327042,0.53226113,2.4382663,-2.4638205,2.6155915,-0.7493593,-0.9389891,-1.7722924,3.1318936,1.1145544,-0.29757133,-2.1960094,0.7812593,2.6288416,0.70492023,0.60185987,0.84427154,-0.038341966,-0.77916795,-0.49248737,1.5751075,-0.9421839,1.2746693,-0.74607354,-0.2868508,2.020933,0.40442118,-0.5270514,0.61682385,-2.0909736,0.043708675,-0.20592926,0.6048685,0.5742182,-1.919727,-0.7177381,0.60011685,-0.18165228,-1.4815737,1.3346612
Q14008	-0.5370845,-0.44873774,0.8662665,-1.0659606,-0.3339863,0.8640475,0.3484319,1.2703925,0.38089585,-1.2302084,0.518418,0.25544667,0.5216607,-0.032919053,-0.869902,1.3963215,-0.65009487,-2.0229955,1.8140587,1.4014934,-0.39743963,0.15536958,1.0549401,0.70792544,1.7190809,0.29369462,-1.6216499,-0.91116,-0.9343644,-0.5378844,-1.6982477,-0.5486666,-1.6907479,1.6692153,1.999294,0.9220788,-0.2762957,-2.9097214,-1.8733281,-1.0106117,0.25430703,1.9525261,-1.8737233,-0.5119287,1.0591812,0.050329965,0.7126975,-0.08915337,0.002251277,0.04580148,-0.29925275,-0.01967798,-1.5640602,2.2402987,-0.65281814,-1.0068644,0.30739072,-2.6951602,1.5419531,-0.41324824,-1.0993106,0.5087128,-1.2362328,1.5644685,-0.8090834,-0.8339395,-0.27306446,-0.09690049,0.01618525,1.6374867,-2.2627892,-0.8034,0.62035894,1.1451411,-2.62757,-1.6099012,1.5359651,0.15056881,-0.2797959,0.50833285,2.0180106,-1.0071704,-0.95229346,0.38513494,-0.60163474,-0.60503495,-0.031729817,-1.8263122,-0.058637295,2.4670937,-0.57179695,-1.998955,1.806667,-0.1359212,-0.18126678,0.254593,1.8456457,-0.25735644,1.581529,-1.4194738,0.38502532,0.6823859,0.5800005,-0.666942,-0.6048275,-0.03308247,-0.38536626,-0.25062403,-0.025865678,-1.0971656,-1.0200021,1.6228237,-0.3240654,2.3205783,0.0021597645,-1.3560153,-0.27629143,-0.7902066,-0.302854,-1.4663694,-0.7850908,0.34424064,-0.42104647,0.15149638,0.15328823,0.7601832,-0.17731318,-0.18222727,-0.0369138,-0.7952375,0.47680396,-1.3489813,0.37650907,-0.7431378,0.89238095,1.2738549,0.7455952,-0.76130706,-1.1443664,-0.606426,1.3244964,1.5306141,0.11970878,0.17147489,-0.70984405,-1.050821,0.41247123,-0.3983593,-0.96307236,-0.816745,-0.73719907,0.46028054,-1.8526092,1.0280336,0.91211563,1.2653373,0.29153562,2.156973,0.29310313,-0.17732732,0.7259904,0.14758737,1.489138,-2.1149213,2.440527,-0.6554984,-0.18870753,-2.0409708,2.0182858,2.0320837,0.44406867,-1.0541615,1.2722833,0.91452205,-0.37358084,-0.80724293,1.650234,0.5561292,-1.5230317,-0.6767749,1.4065956,-0.286935,1.4671805,-0.7282336,-0.13381921,2.070586,-0.7671901,-0.8283932,0.6430504,-2.2523544,0.7339117,-0.16974913,0.54252166,0.89366865,-1.5279392,-0.8212168,0.3795694,-0.18927343,-0.2694512,1.4223177
Q5TCM9	-0.73126256,0.9389947,1.3691841,-1.9127055,0.9713471,-0.12892075,-1.8813866,0.42006257,-0.6670993,0.27222282,-1.134642,0.088874556,-1.272207,0.09577019,-1.8790352,0.87699753,0.2298526,-1.8024099,0.2682086,1.0219617,2.1848106,0.22397745,1.7467471,2.1564415,0.6424146,0.8037971,-0.7131823,-0.9890387,-2.3658202,-1.7003604,-0.98965377,-1.3556079,-1.9948549,0.83405375,-0.33085093,0.85002285,-0.8116121,-3.8224247,-2.2836366,0.10102638,0.7286045,4.1591954,-1.0018343,-1.5600152,-1.1757184,-0.63904154,0.6530551,-0.37165874,1.3507345,0.3021902,-0.5370818,0.22015375,-1.0036523,1.3642775,-0.8428806,1.9575416,-0.5547184,-1.9647387,0.19179866,0.67626965,-0.7877884,-1.6941644,-2.2406654,1.6942973,-0.6874347,-0.14958802,-0.69121957,-0.067720056,0.5229199,-0.15882501,0.65089476,0.26841068,3.08754,-0.08199224,-1.6311562,-0.60603535,0.27046427,0.6136855,0.5538669,-0.5250918,0.3916348,-1.2738607,-2.243954,0.6673805,-0.8354357,-1.4311248,0.66879815,1.2368335,-1.0796582,1.8418919,-0.7941161,-0.72386795,-0.81117815,0.32215306,-1.6209996,-0.8519991,1.9362944,1.6531109,0.862814,-1.1303298,-0.6325804,0.064548485,-0.76422125,-0.47569326,-0.13334188,0.5653078,0.50777745,0.61015207,-0.45509037,-1.6794817,-0.28856185,0.5803911,0.17411828,1.6501677,0.29531124,-2.7593985,0.8668,-0.51349765,-1.146274,-0.83548474,-0.19224861,1.4129165,0.35386425,0.03567671,-0.39676002,-0.7510166,0.5537305,-1.5581049,-0.59886646,0.33344224,1.5718508,-2.193413,1.5210099,-1.5271887,0.5715176,1.625034,2.3793101,-0.33150676,2.4710038,0.92848456,-0.13925166,2.1349783,0.33498514,-0.49295306,-1.6874541,0.43906468,1.0566992,-2.374871,0.1488148,2.0574238,0.42209786,-1.0462037,-2.3894913,-0.9901076,0.8830103,0.73259413,1.2470809,2.9715858,-0.010107025,0.80292153,0.03762869,-1.799157,2.3208966,-2.2413762,1.5280232,-1.1727335,-0.91115016,-1.8917749,2.6151648,1.2195519,0.791121,-2.1207645,0.1442732,-0.39240742,-0.0665657,-1.5210406,0.71172327,0.38171184,-1.9430525,-0.37825236,-0.26675138,-0.9325512,0.6697581,-0.66857314,0.2043387,1.742953,-2.246014,-1.3138248,-0.47872156,0.12248822,0.4678328,-1.1171582,-0.0939249,0.9313778,0.344751,-1.0550933,1.4366648,1.095409,0.7205085,-0.9055742
Q9Y2X7	-0.6111938,-0.08736573,0.55080575,-1.4015378,0.13917507,1.3458161,1.5585337,1.9488366,-0.11285077,0.114225626,-0.030025894,-1.0978982,-1.3229996,-0.38758108,-1.5535575,1.9893848,-0.14130905,-1.8283972,0.92234653,0.9875278,0.5967769,0.613466,0.32494283,0.55494595,-1.4802786,-0.4979128,0.87236124,-0.89589673,-2.3760946,0.4739712,0.42704338,-0.4109927,-0.056177765,-0.42260262,0.53780746,1.3496473,-0.30489644,-3.8071,-1.4961935,0.27708012,1.0674045,1.872472,-1.8118173,-1.799319,0.27066368,-0.77191794,0.48923275,-1.0168383,-2.1065176,0.45069343,-2.0009456,-0.35884127,-1.1371529,1.3636421,-0.32694864,1.3139595,1.2511188,0.60355574,-0.35837814,0.57911927,0.26182052,-0.092042886,-1.493703,1.1544889,-0.56357306,-0.64465314,0.76550967,0.9589421,-0.74524224,0.80769026,1.694675,-1.6382364,2.6601303,-0.3253924,0.089718774,0.6504776,-0.45524237,-1.3244101,-0.646101,-0.29592276,1.814285,-0.13164286,-0.864077,0.36380908,-0.8272229,0.5888931,-0.036913775,-0.26075345,0.4810135,0.43673205,-0.13047785,-1.5877686,1.204125,-0.29326898,-1.5849749,0.1469503,2.0450776,0.7160156,0.30452037,-1.9788642,0.29684418,0.009151711,-1.3485466,-0.58942413,-0.51191825,0.45610145,0.05504307,-0.40532964,-1.2736497,-1.7297689,-0.00046386872,-0.095329426,-0.8647189,1.8064346,0.22676277,-0.6264595,2.0027413,-1.8631444,-0.8770976,0.74626505,-0.5924088,-0.43022627,-1.2175126,-0.7832396,0.8865951,0.16401193,1.4337283,1.1213324,-1.661154,1.2635896,0.44619128,-1.6726766,2.6694863,-0.2869237,1.9329511,-0.2788381,1.6505836,0.18392572,-0.922928,1.8982563,0.12143254,0.37494826,1.026679,-0.47885227,-1.4654979,1.7659062,2.4165287,-0.79399437,0.8235137,0.18930756,1.4184431,0.009520352,-1.288775,-1.0331615,0.21312268,0.94013375,-1.0123068,2.278598,0.2911878,1.1401216,-0.2727207,-1.379969,1.7467581,-2.2252169,0.2261572,-1.2324412,-0.22028399,-1.0171841,1.8102413,1.0567533,1.6195194,-2.5896192,0.9793001,-0.566691,1.635217,-0.2964128,-0.38182274,0.89494735,-1.5586995,-0.51827675,0.038533453,0.44255683,1.5925369,-0.12121265,0.16800255,1.8683453,0.5527518,-0.46176186,-0.28868568,-0.60308707,0.8700745,-0.18413177,0.08712205,-0.20239039,1.1105239,-0.88820225,0.7377409,0.20801443,-0.55224216,0.16225985
Q9Y4H2	-1.1592962,-0.57490414,-0.84541464,-2.0264044,1.4374706,1.572196,0.74979424,1.6534222,0.21012598,-0.23043206,0.12800507,-0.98525345,-0.64597964,-0.3516105,-2.4179003,0.6662991,0.26026538,-0.88549393,1.9309915,-0.13097921,0.20958534,0.39835942,0.25452548,-1.685694,-2.6275785,0.50384355,0.47077784,-1.3137543,-3.3328297,0.90296805,2.1049001,-0.27338967,0.33248934,-1.0117753,0.22866523,-0.22066134,-0.46342185,-3.790372,-2.190902,1.1625983,0.575014,1.9151925,-1.5281236,-1.0464534,0.52839935,-2.1888614,-0.01563455,-1.1307691,-3.3171306,0.30907252,-0.7009085,1.0342655,-1.2059414,0.34321588,0.040406257,1.0195265,0.5562653,1.0386647,-1.1627917,0.62401974,0.42451805,0.116539516,-1.6210773,1.7355479,0.53340346,-0.8941876,0.2584156,0.22084384,0.44849527,1.1190945,0.8863056,-0.68289024,2.2969532,-0.9774627,-0.15806402,-0.6002125,-0.87444496,-1.4057062,0.3510408,0.64902025,-0.6824947,-0.68367827,-1.5602452,-1.0006192,1.1581042,-0.5002264,-0.39680845,-0.092600085,-0.60849273,0.7469745,-0.90123934,-1.3511899,1.6108124,1.7892073,-1.5532465,-0.69767135,1.6945915,0.7087911,0.7054277,0.038016696,-0.8164969,0.13049746,-1.5922226,-0.633529,0.07486322,-0.7274002,-0.5369043,0.34275106,-0.28288716,-0.28089994,-0.6860211,0.30504036,-0.85559255,-0.021224048,0.26974645,-0.51129204,-0.32623526,-0.9440486,-2.3385334,-0.011769007,-0.52334094,-0.6793576,-2.3128881,0.10307223,-1.2174851,1.3887826,0.118927374,0.783801,-1.9260634,0.79913694,0.51422685,-1.0935041,2.8581946,0.112812676,0.6726157,-0.22793129,2.9312267,0.3579584,-0.350846,1.1416574,1.2874433,0.9382038,0.13326307,-1.0115931,-0.4063112,1.1705369,1.5894179,-0.8613635,0.606752,0.1482345,1.9076154,-0.87046576,-0.6155046,1.10928,-0.25130892,0.85400933,-0.24966328,0.91328305,2.3044522,1.2620527,-1.4957981,-0.3734889,1.0837524,-0.88459504,0.38002056,-0.00895162,-0.74505657,-0.698716,0.05437299,1.0166769,1.6921368,-0.16714084,0.5130203,-1.5966523,0.5968114,-0.022030685,-0.12388123,0.6212661,-2.6352377,1.1840689,0.11157428,0.54028225,2.1155767,-1.1456064,0.110289775,1.8467373,-0.02653848,0.3428669,0.5381903,-0.49997658,0.8182871,-1.3127961,1.2248913,0.46853107,0.46172982,-2.4495754,0.41333395,-0.0053423727,-1.380767,0.4813502
Q8WW27	0.121631026,-1.5791966,1.0082104,-2.535884,0.35598314,-0.7226496,-1.330135,1.1077365,1.2811965,-1.1296564,-1.9805871,-0.6151072,-0.7626479,0.25484538,-3.066676,-0.9249179,-0.55612063,-2.3062155,2.40041,2.4694812,1.9240566,0.09069502,1.2455698,1.8319162,-0.017861301,-0.095186375,0.29011282,-0.26213473,-2.2208185,-0.11432321,-1.1388761,0.111106046,1.0162723,0.23478957,-0.44796714,0.8994807,0.04345306,-3.8962698,-1.6670977,-0.26618633,-0.31461206,3.6570318,-1.7402879,-0.11732894,-1.383678,-0.04933538,0.62047774,-1.1031009,1.4543893,2.2815752,-1.1456528,-0.62458044,0.24923056,2.924075,-0.43403983,0.87953955,-1.9693823,-0.39799067,1.3278456,0.27834374,-1.6301743,-1.096004,-1.4122157,1.6846703,-0.91296077,-1.0299145,-0.7410838,0.32513276,0.32086396,0.30350327,-0.010505853,0.12908202,2.460919,-0.6735002,-1.2786751,-1.6307269,0.9838052,-0.047754187,0.49589157,-1.8747964,1.1256084,0.022587035,-3.673245,1.1333479,0.60880345,0.514966,-1.3629507,-0.27245066,-1.0649396,3.781596,0.7104052,-1.5218635,-0.54886097,-1.595691,-2.0271654,-0.56489396,0.82525116,-0.90717936,0.89098144,-1.4223713,0.22565463,0.7414948,-1.6842765,-0.33200178,1.0693268,0.58617675,-0.3521213,0.5021173,-1.6142972,-1.479875,-1.1498053,0.7864813,1.2093014,2.4645305,1.0026445,-3.3245401,1.8737108,0.027274761,1.6160806,-0.643916,-0.9153656,1.1978731,-1.2440491,-0.90449864,0.19071564,0.7658484,-0.7409766,-0.41707265,-0.036605548,-1.640323,-1.1893327,-0.4026058,1.5439225,-0.431799,1.3401558,2.8889983,0.88708353,0.4259527,0.80907136,2.5731227,0.3659362,0.8628215,2.0037858,0.5260119,-2.2974806,0.5470962,2.0419738,0.90533054,0.1645518,2.2029138,1.027079,-0.022812955,-0.7940207,-0.39039955,0.30791903,0.4916969,0.34774745,1.3565346,-1.1984174,-0.5247517,-0.0774625,-1.0306482,1.1188552,-3.1180773,2.0495584,-1.5483428,0.15042175,-3.0804183,3.193432,1.740929,-0.022780126,-2.0324447,-2.0640678,2.2827652,1.8348591,-0.82872313,-0.5987505,-1.616075,-2.1149495,1.0018959,-0.61610454,-0.83187467,-0.16742161,-1.7116773,0.6700421,0.22339642,-1.3870441,0.22624587,-1.0648141,-0.87842095,1.8693964,0.6013274,0.97829235,1.3080235,-0.6053723,-1.2617102,0.716546,1.6248639,-0.23333709,-1.1190264
Q9UJQ4	-1.0573719,1.3501679,-0.043229528,-0.33468837,-1.1290119,-0.6539719,0.32617494,0.29659396,0.32032254,-0.19527188,0.36032125,0.29696298,-0.7298346,0.6380285,-0.2348899,1.8115563,-0.2791891,-0.70939565,-1.6121868,-0.3918123,-0.09314627,0.7179863,0.45492762,0.62492144,0.25310248,-0.19450095,0.023908652,-0.6058719,-3.8706896,-0.1894702,-0.79736125,-1.3446864,-0.9309247,0.3217288,0.16613378,0.3551777,0.8941966,-2.5040135,-1.7373903,-0.6769231,1.3910596,0.6963385,-3.722325,-1.0523465,0.35814753,1.0086322,0.90427303,0.6333515,-1.1992716,1.2282587,-0.15659352,1.0439304,-1.3136775,1.3819401,1.780541,2.3722184,-0.8781602,-0.12670957,0.58096755,0.43224207,-1.4178294,-0.47444606,-0.26749516,0.8130791,-0.102428176,-0.017030705,0.68819153,0.4189485,-0.117353804,0.6125471,0.21189271,-1.6178344,1.820707,0.7800588,-1.4638709,-0.80177873,-0.41405842,-0.77413285,0.12801003,-0.20733583,0.6586976,-0.69060814,-2.705061,0.8604916,-0.5219224,-1.916949,-0.3184025,-2.1522176,-0.5526991,1.4975885,0.6329191,-1.3055494,0.9817013,1.3927003,-0.14109428,-0.07682565,0.51659334,1.0532306,0.51315457,-1.2650036,-0.66423196,0.8389583,-0.5882598,-0.19769928,0.72163254,1.0990974,0.17827414,-1.1799287,-0.8027102,-0.32981017,0.49181402,1.1260266,-0.9953961,1.7308984,0.21571572,-0.9366697,0.31902945,0.13468367,-1.3046695,-1.0032796,-0.68295366,1.3684908,-1.8799875,-0.6291822,-0.87321925,-0.4026214,0.8221166,0.08425,-0.7904091,-0.20186901,-0.53009695,-2.7089381,0.28326833,-0.38573313,2.948083,0.5592364,1.6065402,1.6990498,-1.6750968,0.52577835,-0.13397902,-0.4370538,0.8785484,0.2520935,1.1924423,0.3425562,-0.038377997,-1.6005523,-0.46196544,-2.2092829,-1.4587753,0.2048129,-0.47857773,-0.55477136,-0.6797497,0.34719673,0.93826336,2.7406223,0.68734044,0.77560633,-1.4464372,-0.39692593,2.025663,-0.66422766,0.123271115,-0.74960035,-1.2328631,-1.0093297,3.8975966,0.7172688,0.46801198,-2.7000723,-0.73788136,0.061474763,-0.73678297,1.7783701,0.03559505,-0.39607948,-0.47787896,0.2538639,0.15443814,-0.6583094,0.42964953,-1.893506,-0.82175237,0.04500433,-0.7440972,-0.3694294,0.35447904,-0.18850422,-1.3838375,-1.0460371,-0.4377356,0.6073052,-0.31117952,-0.5788051,0.8335098,0.6241823,-0.8062794,-0.009585059
P01730	-1.1053442,0.46812215,-1.3788319,-0.7878052,1.4022156,0.95756465,0.8098173,0.90007156,-0.01495503,-0.87963676,-0.7688991,0.75205415,0.21840632,-0.86545265,-2.4042394,0.7834879,0.26740828,-1.1260322,1.0891238,-0.32369718,0.7208705,0.8241128,-0.023149626,-0.46991998,-2.0498767,0.6752278,-0.18066147,-0.10362385,-3.0074532,0.8673405,1.2571187,-0.18093453,-0.35807693,-0.42026564,0.3763608,0.49330825,-0.071580954,-2.8500242,-2.0437806,1.2643003,0.9205564,0.89462626,-1.7337438,-0.0025158816,-0.038982384,-0.99328566,0.5238583,0.7930998,-2.510204,1.0516701,-0.24906321,1.1126455,-1.7929398,0.28108722,0.3881945,0.12814324,-1.7891585,1.4806534,-0.82677174,-0.687565,0.99604595,-0.5168493,-0.7272106,1.0706135,-0.68912256,-0.42644113,0.5805073,0.008360711,0.53029084,0.44654405,-0.5718846,-1.6486773,0.8129573,-0.298663,-0.18584329,-0.48204857,-1.6847817,-0.72751856,1.6473668,0.41287535,-1.2181145,-0.51568234,-3.1656153,-0.052528307,0.64061147,-0.7471644,-0.75866485,-0.8665405,-1.6723146,1.5941465,-0.14756827,-1.4026176,0.94484127,1.5566396,-1.528876,0.45391998,1.1529006,1.0510533,0.86778814,-0.71624416,-0.4696836,0.27431136,-1.7207538,-0.5941028,0.83847994,-0.660307,-0.19481929,0.63467914,0.27489167,0.55073816,-0.8825179,0.70826614,-1.0844969,-0.16775274,-0.113025695,0.0054472033,-1.5648756,-0.7686939,-1.4091338,-0.47990525,-0.09550393,0.06318356,-2.2679288,-1.092116,-0.70150554,1.5375232,0.21402949,0.35272533,-1.3476856,0.9790964,-0.3268374,-0.7456848,2.1442127,0.650358,0.5238906,-0.40671784,1.9005073,-0.53568673,-1.6472131,1.0132091,0.2624264,0.36970946,0.12135397,0.3300298,-0.5229978,1.2916882,1.5052364,0.81016356,-0.386051,-0.036120985,0.50545114,-0.13238683,-0.6170226,1.1984136,0.5930404,0.31999448,-1.1604902,0.8435976,1.3893088,1.1273357,-0.5606881,0.22506462,1.4878939,-0.59476703,-0.027127808,-0.99416643,-1.0319024,-1.1100668,0.7796838,0.75112593,0.88979614,-0.40734357,-0.108588524,-0.6588648,0.7538318,0.96139634,-0.19518623,-0.18869974,-1.6727749,1.3598065,0.1539711,0.65432554,1.4123657,-0.5827851,0.9759763,1.307555,0.29218295,-0.056142256,0.7874879,-0.33756828,0.6070708,-0.86546457,0.036122635,0.28918436,0.40376744,-2.1362557,0.3027402,-0.082264446,-0.86988187,0.5669746
Q8WYP3	-0.04477908,-0.19237575,1.0194324,-1.3800472,0.7972897,1.7587944,3.0997174,1.6366127,0.2622617,-0.81474465,0.45795068,-3.012922,0.88623995,-1.7742519,0.40840605,1.5490249,-0.7391891,-1.3857546,-0.2549375,0.35800552,-0.68629336,0.8942294,-0.49520993,-0.32735422,-0.24685659,-0.7370616,0.60850114,0.050785225,-2.8349547,0.9354793,0.7933134,0.5425972,-0.9139192,0.3582696,0.293552,1.8139387,-1.0590625,-2.55438,-0.7976711,0.18529475,0.7796103,1.16201,-1.2864949,-1.248445,0.83472383,-0.6853267,0.31231242,-0.036661346,-3.6565132,2.5676923,-2.684067,-0.47353283,-2.1752527,0.8640779,-0.10131747,-0.7889698,2.341961,-1.0554638,-1.0421462,-1.4476846,-1.6828067,-0.06239188,-0.051946707,0.8171602,-1.5332994,-2.0469732,2.425641,1.3137151,0.9682728,0.20757563,0.2076291,-2.8878326,1.2043436,-1.3562967,-0.8488071,-0.06030475,1.3435472,0.050438225,0.585888,0.42953014,2.0928793,0.26584998,-1.4911851,0.6124925,0.02516247,0.74429625,0.92230874,-2.731055,0.66356945,0.60044545,0.8181081,-1.379453,2.0355775,0.37528163,-2.2792964,0.31198883,0.9485547,0.33776358,1.9850898,-3.5948763,0.7019109,0.90134925,-0.27111053,-1.8453113,-1.1930307,0.5651033,-0.18699856,1.7147051,-0.7206076,-1.9593489,-1.358644,0.84990025,-0.14783044,2.404803,-1.4821125,-1.8537126,1.6701877,-1.1576799,1.2617332,-0.8788217,-1.2134572,-0.103984684,-0.9564175,-1.1573467,1.3691323,0.50625575,1.8800722,1.7071778,-1.1338462,1.0758909,0.4456226,-1.3205765,0.96907073,-2.2173204,3.2543416,-0.04900379,0.6477614,0.35382324,-0.48945576,1.0499474,-0.15021868,0.27201843,0.1669634,-1.6216874,-0.3345441,-0.9602829,2.4195225,-0.10339631,-1.1644976,-1.0916322,0.57260466,-0.7561755,-2.0126338,-0.732976,-0.027904347,1.7306966,-1.6846225,1.4752774,0.37361127,0.08503338,0.5848375,0.47231284,-0.11690684,-3.5440986,0.17906027,-2.1845262,1.6922258,-1.5870478,2.2017665,0.08392705,0.5088181,-2.7861068,1.8468713,1.4762309,3.0004053,1.1474183,-0.4541087,1.2998284,-0.7170201,-0.16925855,0.13595743,-0.069517225,1.7418481,-0.9572913,1.3194829,1.6333823,0.9404335,-0.08700318,1.824132,-1.1996635,0.58535314,-0.78655714,1.3616672,-0.17037281,1.4076837,-0.20204838,0.29991284,0.4947114,-3.2882605,1.6858239
Q9NSA3	-0.86220163,0.9474677,-0.458851,-0.4699616,-0.19310096,-0.5024296,-0.5359872,1.2700666,-0.97137266,1.09425,0.31114566,-1.3690938,-1.1849794,0.5191255,-1.9685504,1.6838495,0.5217526,-0.84951234,0.061558355,-0.15101092,0.6596425,0.5583223,-0.8517661,-0.58537036,-2.1186275,-0.14372656,0.22541648,-0.9462144,-3.993036,1.166576,0.6920954,-1.5848544,-1.1790211,-0.29800972,0.93265224,0.39129403,-0.6063975,-4.1737947,-2.293645,-0.08785667,0.5151502,0.6689214,-1.5647863,-1.2364473,0.40662348,-0.68204314,0.70743203,-0.27073154,-1.8194321,1.4111197,0.28950942,0.87691694,-0.51474386,0.7486549,0.02581724,1.5226288,-0.07281089,-0.6390979,-0.3168527,0.64856935,-1.1236366,1.225916,-0.77120095,2.2478588,0.6125359,-0.3155507,0.10490811,1.316426,-0.5964616,1.7682135,0.3264672,0.50232434,1.3434653,-2.4694712,0.08496201,-0.32298592,-1.4995341,-1.6620797,0.42216805,0.82961124,-0.26904452,-0.2342544,-1.471884,-0.3606861,-0.5745242,-2.610877,0.16001168,-0.70546186,-2.0486372,1.4634787,-0.120914266,-0.17220247,1.134792,1.6892341,-1.5549152,0.18906124,2.1566963,1.6924974,2.7934875,-0.4424374,-1.3370454,1.4725124,-2.5393438,-0.6343922,-1.2679164,0.8836325,-0.70588005,0.085167006,-1.4385437,-1.6549982,-1.2694383,0.69753987,-0.10936115,0.6428537,0.4460254,-0.45745575,0.51088524,0.12920962,-2.740296,-0.7073909,-0.7318731,-1.2306867,-1.3848623,0.038149226,0.83085877,0.33190924,2.0219865,0.26169175,-2.5791469,0.42884883,1.2569621,-2.2957244,2.2696102,-0.28450716,1.6434039,-0.1441483,2.5501528,0.1258583,-1.0278841,2.2387502,0.46628314,1.3045211,0.6190456,-1.1608822,-0.7565278,0.9951765,2.1534557,-1.0120106,-0.64551914,-0.8457541,0.5156102,0.5797027,-0.621285,1.227161,-0.1266274,1.2360042,0.25220475,0.7728202,1.8267657,0.7682969,-0.098610066,0.015616691,0.52395856,-1.4593928,0.78976077,0.5102564,-1.7299007,-0.3272797,0.57407355,0.13091874,1.2595212,-1.2890215,-0.5592841,-1.1078012,1.6576258,0.9923679,0.087864384,0.014442921,-1.6045401,1.3061147,-0.7039161,1.0211136,0.99572456,-1.6392618,0.80309504,1.4308351,-1.1079035,-0.9571897,0.67700505,1.2018769,0.2000868,-0.22549064,-0.4652281,0.17262141,0.47971582,-1.2547002,1.3631179,0.7373619,-1.5343004,0.09844728
P02461	-1.6098667,0.8828279,-0.32999828,-0.64477885,2.0063388,1.2255081,-0.3444021,0.27707213,0.032872777,-0.8696597,-0.5057081,1.5971884,0.43281952,0.124310546,-2.1573753,1.2198592,0.96330947,-1.0919033,1.468535,0.613948,1.5316722,-0.2357874,0.3924654,0.13114819,-1.3393902,0.73444784,-0.576581,0.39653137,-2.024101,-0.6422905,1.1260028,-0.23379421,0.058610827,0.8862009,0.18757619,-0.82486224,-0.09131318,-2.4901562,-2.989356,1.7810038,0.6379575,2.8101265,-1.845854,0.3205195,0.12661687,-1.2552376,0.45735258,0.5626718,-1.4583337,0.28197557,0.22691217,1.2056028,-1.573484,0.5628217,-0.34490606,0.66336626,-0.9220496,0.17039566,0.5761077,0.85426253,0.936539,-0.74123293,-2.269044,1.7003542,0.20457238,-0.6535311,-0.9774056,-1.310663,1.1796882,0.20924845,-1.1824374,-1.0847663,-0.23406759,-0.19350515,-1.1191148,-1.9404184,-0.9337504,0.038563665,0.8757053,1.0086871,-1.0085135,-1.4352267,-3.3132012,-0.27040163,0.46146724,-0.76045376,-0.56597227,0.9484613,-0.9118654,3.1245306,-0.5611264,-1.1484046,0.37451446,1.749128,-0.9898305,0.06505408,1.178717,1.0063728,1.2009169,-0.4945355,0.67454875,-0.3251918,-1.1935045,-1.0286272,-0.24459766,-1.2016677,0.6003483,0.08001889,-0.6176202,0.14600483,-1.5153341,1.1020855,-1.0829895,0.4090588,-1.6011229,-1.1268902,-1.127177,-0.31755883,-0.8309049,-0.3792932,-0.32467937,1.2296864,-1.4058615,-0.30265298,-1.0568739,0.59143275,-1.1578201,-0.8123306,-1.2213423,-0.27883813,-0.39380196,-1.3902137,2.1665695,-0.36475518,-0.091738254,1.9830753,2.3075228,-0.6428336,0.20213473,0.78206104,0.4528724,1.5675267,-0.5708375,0.03534011,-1.1501814,0.00485363,0.39076662,-0.057732787,-0.33487713,0.5336345,0.29382816,-0.6148413,-1.6846668,0.9987915,1.2337383,1.0812347,0.29804912,1.647455,0.416992,0.6318644,-1.1854186,-0.22379264,1.8127091,-0.047489624,1.3769299,-1.2971745,-1.302753,-0.746411,0.30020833,1.9702466,1.1942213,0.13985704,0.33368093,-0.45329082,0.42613518,-0.36675027,1.4661188,-0.6928465,-2.5958283,0.5174344,-0.6638597,0.6638671,1.2459661,-1.9341089,0.1350888,2.2332394,-1.3852159,-1.0265926,0.9337498,-0.28878525,1.5145547,-1.1770462,0.04587616,1.7107252,0.23987503,-1.9396709,0.669967,0.5015627,-0.712647,0.73997706
Q9H269	-2.0050507,-0.03480351,1.0364698,-1.7893668,-0.0719485,1.7462044,0.22871284,1.1919327,0.7285594,-0.8129613,-0.40531263,0.79977983,0.6630621,-1.1061684,-1.3558233,1.3327377,-0.440705,-2.7899556,2.0576441,0.5584147,-0.21116321,-1.0941739,1.7373226,1.6283795,1.4674109,0.39315882,-0.3530687,-0.53631747,-1.0468339,-1.7580293,-0.030906443,0.2485483,-0.5141199,1.3701097,0.95781094,-0.080874816,-1.0523956,-3.014872,-2.4352524,0.16505969,-0.018766418,3.3224797,-1.4184108,-0.6969281,0.5188846,-0.93640584,0.04694956,0.6155021,-0.25332946,-1.3792686,-1.4579446,1.9373318,-1.8353399,1.2673029,-0.8787143,0.016374879,-0.90088785,-1.7582977,1.3542103,0.21151264,-0.11758645,-0.9900731,-1.4937834,0.96214646,-0.39717126,-1.5314087,0.45952114,-1.3237171,1.053817,0.58560264,0.3478211,-1.3210633,1.3004662,2.4210052,-3.0194776,-3.2597973,2.8461921,0.81587374,0.5614093,0.61162055,1.8704845,-1.2095877,-2.238026,0.5108531,0.14781177,0.5042704,0.3619244,-0.18160333,0.7464235,1.26093,-0.7157874,-0.9661103,-0.2481834,-0.005215432,0.041275404,-0.59882486,2.755372,-0.33555648,0.3807706,-1.9943719,0.3212276,-0.15601288,0.93093383,-0.66880065,-0.70093906,-0.06317997,-0.5038438,-0.37042728,-1.257927,-0.6571152,-0.8859781,2.3240442,-0.087868996,1.7817165,-2.1780455,-1.7908274,-0.6111239,-3.1923647,0.6918189,-1.1517411,0.4611635,1.6172144,-1.2778107,-0.8691107,-0.64144623,1.6698257,-3.5521398,-1.0443794,0.6581106,0.17815016,-0.4735432,-0.5926433,0.27602863,-2.8397193,1.1055229,2.782163,0.97405463,-0.43381932,0.92968917,0.68792135,0.8732258,1.0936197,-0.9621403,-0.862729,-0.65892017,-1.0119544,-0.5488147,0.1632591,-1.1199131,0.38775924,0.6537769,-0.50611025,-2.3161945,0.35994276,1.8348792,2.0764604,-0.7315422,2.2126515,-0.3599948,-0.86859554,-1.6667273,-0.26841536,2.5986707,-2.287199,2.006014,-1.7897865,-0.29580727,-1.7114701,3.0574718,1.6688712,0.7419878,-1.4035825,1.0341871,1.5277668,-0.8774539,-1.4164139,1.375623,0.39571416,-2.6158526,-1.3198682,0.13950053,-0.9989872,0.8070051,-1.747894,0.014603547,2.046722,-1.5996153,0.1039203,1.0128646,-2.364102,2.6588418,-0.8375187,0.3380983,0.65595365,-1.6115134,-2.4254541,0.0074862447,0.94993156,-0.8445528,-0.48593375
Q9UKF6	0.22438502,0.25701874,0.6240885,-1.7615517,-1.2817152,-1.5830395,-1.6121981,0.8416685,0.78532314,-0.22611825,-1.23548,-1.0356026,-2.2698727,0.7202714,-2.14798,0.47811902,-0.014688034,-2.0402203,0.9707924,1.1899602,1.3965632,-0.02521528,0.7053083,2.8461742,0.36464688,0.5866535,0.83707803,-1.3825241,-2.5217078,0.3165135,-2.2462537,-1.5629157,-0.95086646,0.24734506,-0.018888934,1.1343131,0.9795692,-3.535536,-1.4204777,-1.6270361,0.29932666,2.0748992,-2.4535182,-0.63636035,-0.58419096,0.51433057,0.63011295,-0.41499385,1.3640838,1.4793663,-0.30950314,-0.51005286,0.27353662,2.1747847,0.49394053,2.1052892,-1.7928195,-1.3170816,0.8689566,0.7027613,-2.0474334,-0.07857793,-1.2415832,1.5595682,-0.87976867,-0.13269272,0.26023984,0.9492284,-0.9903668,1.0775626,0.59603745,-0.11617612,2.4324126,-1.3231647,-0.6031017,-0.5656636,0.12996927,-0.9256504,0.21050487,-1.0791781,1.6198812,0.02813999,-2.8372083,1.338667,-1.1861861,-1.356189,-1.3410053,-1.194904,-0.95466506,2.6583276,0.5426808,-0.6795665,-0.45342997,-0.5327065,-1.1697475,-0.24007969,1.6382743,0.24410148,1.4812975,-1.8420459,-0.5253499,0.88284755,-1.7935671,-0.15939738,0.6055079,1.2404124,-0.9801557,-0.5193197,-1.5755528,-1.4151008,0.23961985,0.62658435,0.31578285,2.2559946,2.245311,-2.4147503,1.8458749,0.6648044,-0.29228368,-0.7490488,-0.5349973,1.246742,-1.0774559,-0.19033456,-0.08441079,-0.7089035,0.25730523,-0.59758157,-0.6636947,-0.73408973,0.3128105,-1.1241984,1.1859006,0.03255282,2.48016,1.4507592,2.0875678,0.9575536,0.30480844,2.1637414,0.5902608,0.40552324,1.891578,0.6143322,-0.78011733,1.2562463,1.7452267,-0.11980941,0.79639465,1.0428398,0.1635281,0.19174659,-0.7523567,-0.9464637,0.51704556,-0.21578686,1.4841682,2.2727437,-0.6667418,0.19552511,-0.37700105,-1.4622751,0.9736371,-3.2183595,1.1886086,-0.060400262,-0.5095325,-1.9761928,4.4679832,0.556782,1.1163354,-3.1795077,-1.4080911,0.6425584,-0.018831966,0.85118115,-0.28691295,-1.2107567,-0.91341513,0.5564192,-0.40344143,-0.28642333,-0.1426838,-1.7886664,-0.15857753,-0.45017368,-1.3246939,-0.48683405,-1.0537052,0.30919704,0.5166516,0.11059532,-0.5987098,0.6345578,0.1171838,-0.44406056,0.793574,2.0501301,0.9232699,-1.1425414
O15457	-1.3149699,-0.027281579,1.5547978,-1.1669192,-1.554467,-0.29518571,-2.0427134,1.142144,0.16772445,-0.2642492,0.33501306,0.6784682,-0.5502413,1.3551435,0.20921338,0.2697365,-0.86318177,-1.3973705,1.0135013,0.67065775,0.37281707,-1.5231377,1.9753176,2.4149392,1.8907509,0.107351586,-1.1963183,-0.6564522,-2.4039226,-0.37747124,-2.248077,-0.23004554,-1.1844748,1.6230208,0.55622405,-0.47982684,-0.70799494,-3.8529663,-2.0108154,-0.834003,0.3132861,2.3628995,-4.2074347,-1.1503627,-0.3720022,1.295069,-0.14651653,1.0081402,0.6953962,1.0710897,-1.1007903,-0.1259876,-1.062939,2.722596,-0.44766575,1.082351,-0.27285117,-1.8116746,3.2003152,1.167424,-1.5775402,-1.3072354,-1.1310334,1.1521719,0.5205884,-1.666208,-0.7892386,-1.6482295,1.7534317,0.59558445,-1.4736423,0.08487535,1.7245914,0.7421255,-3.7070231,-1.9927044,2.141595,0.4504192,-0.30924773,-0.6399233,2.0969424,-1.5586416,-2.0166576,0.33288464,0.65213203,-0.8455585,-1.0643424,0.2594436,-0.24529631,3.119188,-0.39049628,-2.167281,0.78488964,-0.61941445,0.30912015,0.3747128,0.24738245,-0.4381387,0.646608,-0.047583804,0.8465592,1.9322325,-0.024841823,-1.864153,-0.43119118,0.7406965,1.1281203,-0.9369115,-0.31864864,-1.2434119,-1.2855567,1.8683784,-0.34252468,2.7495258,0.6692673,-2.3662007,0.5476808,0.33103198,-0.12216164,-1.9022658,-1.2144153,2.4214797,-0.6277436,-0.2691438,-0.88147944,-0.91093415,-0.11171906,0.010551942,1.5771155,-3.2232175,-0.71677554,-1.7897383,-1.1285276,-1.7398045,1.013954,2.9558349,1.0555022,0.6020065,0.75931966,0.822017,1.2724361,0.8692176,0.89396304,1.04837,-0.2679477,-1.9467175,0.14353763,-0.4124289,-2.4105787,-0.22272775,-1.9887432,-1.0182898,-1.0396115,-1.1710414,1.4950204,-0.25020573,1.4285417,1.4812373,0.44858143,-0.72692114,-1.2045276,-0.7036915,3.1837876,-0.4148091,3.5947585,-0.5629878,-0.39687687,-2.1970885,3.013216,2.3110926,0.49431175,-0.9738196,-1.1922303,2.6074834,0.10152451,-0.2839928,2.1363065,1.0760599,-2.6457534,-0.2746463,0.17323077,-0.9759887,0.041420534,-2.80783,-0.66003925,0.12666835,-1.8853743,-0.29639918,-1.3852711,-1.6015198,-0.46128204,-0.90378934,0.157428,1.6514018,-1.5842125,-0.871128,0.7100963,0.009020459,-1.1788512,0.70312816
Q12768	-1.8041772,1.1275932,1.617893,-0.5424566,-0.6923251,1.3847765,-0.002948994,0.9863854,1.3526402,-0.50579333,0.30974755,0.70642126,0.2695571,-1.2564839,0.34206036,1.2955984,-0.67416203,-1.1354465,-0.09943386,-0.36117837,0.5268148,-0.717304,0.28172347,1.0872685,1.6219172,0.13124408,0.30333298,-0.08558264,-2.4557128,-0.9863805,-0.20096105,-0.4418094,-1.4714434,1.8655072,0.5760627,-0.1936299,-0.46233106,-2.2377787,-1.3344324,-0.11940445,0.73458135,1.7680075,-1.550026,-0.057294924,1.2832173,-0.4604709,0.35712758,1.5224532,-0.95376706,-0.21762672,-1.4367738,1.8137853,-2.0085523,0.98345244,-0.16369908,0.5500711,-0.82389426,-1.7571151,1.122756,-0.5684826,-0.7510163,-0.7381178,-0.7292846,0.546243,0.516835,-1.1519349,0.843506,-1.2782152,1.055003,0.09570214,-0.036509916,-1.8123335,0.13268057,1.4615746,-2.601691,-2.7034159,2.1946235,0.611242,0.96605706,0.52219766,1.4420437,-1.0349077,-3.061869,1.2451127,0.74937594,-0.97400886,0.29690272,-1.3865753,0.7377077,1.3216217,0.15970437,-0.7113706,0.2741463,1.2034475,0.26016083,-0.041495506,1.3975729,0.28521112,1.4246411,-2.13494,-0.092640415,0.77425987,0.4757126,-0.2156383,-0.4114622,0.23983723,-0.51796424,-0.458299,-0.75409746,0.013486086,-0.36957112,2.2519863,0.5693585,1.7138864,-1.9594066,-1.5035245,-0.96936864,-1.4124098,0.9357393,-1.6250312,0.18995072,1.7999275,-1.31148,-1.1968137,-0.26722193,0.9099149,-2.2131526,-1.1601889,0.56620014,-0.8493144,-0.41453946,-1.1534864,-0.44322672,-2.6758285,2.1631038,2.0310915,1.000121,0.24293481,-0.2704149,0.21693034,0.8381449,0.2519477,-1.0388396,-0.8923355,0.5583004,-2.524968,-0.5738515,0.103819266,-1.4939908,-1.1749648,-0.8976838,-1.353002,-1.5381062,0.23983283,0.8572968,1.5440938,-0.03971354,1.9173456,0.69365823,-0.6560581,-1.6624634,1.3177397,2.0940125,-1.7377208,1.855771,-1.0948744,-0.37757954,-1.4490597,3.1293998,0.6569677,0.65420556,-1.6164027,0.68363196,1.5659957,-0.91406643,0.48041904,1.4637315,0.032982837,-1.8634906,-0.523982,0.060765892,-0.50485003,0.241933,-2.5105755,-0.4691714,0.7189083,-1.4788723,-0.43130273,1.8280778,-1.106443,0.6623243,-1.372978,0.080455296,0.79747945,-1.8835369,-1.8713,-0.04069032,1.0545219,-1.4711107,0.53395003
Q16270	-0.7146383,1.1276926,0.18894666,-1.0439363,2.3837934,0.60915816,0.12931105,0.15019573,1.0454323,-1.0589716,-1.1768595,1.1819285,-0.49140647,-0.5370423,-1.7675883,1.4784585,-0.1353774,-1.3117104,0.7377576,0.02018291,2.7091498,0.39957595,0.30840215,0.5292829,-1.3853502,0.39224944,-0.008591782,0.058841296,-1.9171841,0.08704021,0.30993205,-0.13026302,-0.47880816,1.2107997,-0.61078525,-0.37068093,0.60513264,-1.5653107,-2.1119912,1.097952,0.8439164,2.4472694,-1.7715496,-0.1416291,0.14263228,-1.9608569,-0.13992669,0.9394552,-1.4762958,0.9839765,0.2596234,0.86368024,-2.2384782,0.44535515,-0.2337174,1.0412598,-0.7684279,-0.111200295,-0.09498627,-0.05590997,0.66860837,-1.3523521,-2.681559,0.51595956,-0.6738552,-0.45342138,1.0463903,0.13746074,0.43042716,-0.04352538,-0.6168923,-1.9057935,0.5338704,0.34478563,-0.931046,-0.98903817,-0.62124646,0.6396794,0.1931944,0.37484238,-0.56253916,-0.6578743,-4.3316517,1.2338737,-0.2428002,0.18374854,-0.99164385,-0.1003378,-1.4554482,2.9394689,-0.14405786,-0.46052998,-0.4495353,2.1349301,-1.1636621,-0.40313217,0.52570885,1.3571105,0.050379727,-2.1052532,-0.06275239,-0.5168802,-1.3742465,-0.95412534,0.85930747,-0.7526981,0.43800905,0.049581047,-0.5625804,0.20172389,-1.0891587,0.67412466,-0.6189776,0.013459344,-0.5275523,-1.3506918,-1.0801414,-0.23222224,0.09170552,0.37781656,-0.076536834,2.2342033,-1.7037035,-0.86856294,-1.1698583,-0.22578152,-1.235464,-1.0185091,-2.0025136,0.74377453,0.34782568,-0.6895788,2.6414545,0.09464012,1.1346234,1.3372285,1.8849477,0.50699085,-0.3329488,0.8990796,0.5793983,1.5115871,0.47200242,-0.26361367,-0.951506,0.26328966,0.38972688,-0.06489524,0.6355427,0.6926469,0.07446124,-0.8265311,-2.6765683,-1.2143016,1.3015244,0.4268432,0.8992968,2.2904902,-0.7887211,0.22015254,-0.89490193,-1.0211047,2.3265085,-2.2286026,0.44994387,-0.8756972,-0.56744313,-1.6441909,1.7733697,1.6290013,0.8929939,-1.6593379,0.40070057,-0.18208475,0.50634545,0.77823037,-0.1624268,-1.9707204,-1.5696015,0.29782587,-0.7116375,0.9906566,1.5722127,-1.2736621,-0.13296042,1.0838954,-1.1712945,-2.4425755,1.1806774,-0.20150524,1.7224454,-1.1986827,0.48056263,1.5111881,1.0705361,-2.3491433,0.44466174,1.7409464,-0.97946024,-0.22235194
Q92572	-2.3173835,0.5864547,1.9446248,-2.219073,1.394389,3.1110551,0.997726,1.6371734,-0.034701116,-0.7664523,0.5865658,0.41114154,-0.081794016,-0.44803822,-1.1195142,0.8758791,-0.034642115,-2.0273046,0.8107985,0.34048548,1.1045258,0.009292526,1.1289449,1.384696,0.2765068,0.32939565,-0.37390906,-1.2067218,-1.7791611,-1.5159378,-0.35315454,1.0298816,-0.08409039,1.7477428,0.33046916,-0.5375854,-0.797117,-3.75312,-2.0221198,1.4470645,0.42262542,2.3878555,-0.98952955,-1.1374408,0.4551374,-2.2824857,-0.21774845,0.2421481,-0.921845,-0.91750306,-1.6582781,1.8040515,-2.4962885,1.4831334,-0.38093027,1.5010345,0.3087176,-0.52090836,1.018509,1.1130158,-0.24971122,-2.0802054,-2.4616747,0.7276527,0.45860568,-1.2830595,0.72805095,-0.42509234,0.9556592,0.14643487,1.8331496,-1.1298225,0.95071113,1.4894371,-2.431264,-1.8706695,2.3857262,-0.076714866,-0.2875558,-0.5643873,0.81057644,-2.6795442,-1.5279082,0.5760612,-0.2127495,1.6877831,0.6211974,0.9474977,1.3180394,0.14888108,-1.5354149,-0.46225753,-0.045255907,1.4550645,-0.88518673,-1.3908908,3.7344985,0.4224742,-0.13986762,-2.150765,0.3749261,-0.00058368925,0.5668955,-1.1823856,0.58434075,0.8546017,-0.62995446,-1.1830356,-0.6275609,0.38143578,0.11872338,1.3241277,-0.5718525,1.543698,-3.8444676,-1.8568063,-1.108827,-2.4344792,-0.019344654,0.011534293,0.39467427,0.9382501,0.1375084,-0.97858196,-0.4049292,1.2619959,-2.6790185,-1.0625027,-0.45746073,0.9611098,0.45552853,-1.2746006,0.2158013,-1.9679348,0.19437955,1.9338334,1.3359329,0.1912698,1.2809656,0.8461346,1.2417881,-0.3974986,-1.6062218,-1.1192129,-1.2130086,-0.97642237,0.67627406,-1.3815874,-1.8037131,1.391518,0.24180627,-1.957718,-1.9602848,-1.1072781,0.89070165,1.8348341,-0.2998395,2.0221422,-0.6800384,0.23232622,-0.95827806,-1.9497308,3.718226,-1.0679204,1.5062325,-2.4109664,0.076375045,-1.5831698,2.1973016,1.2490838,1.8773047,-1.6241658,1.5005174,-0.38392487,-0.74704707,-1.4535787,2.3850198,0.96434003,-2.8307936,-1.032349,0.38885334,-2.2585175,0.77899307,-1.488127,-0.3317475,2.4888358,-0.29879904,-0.66315335,0.8728446,-1.5633825,1.2193675,-2.3735697,-0.025806563,0.9260501,-0.29433492,-3.0611768,-0.61633784,0.8224307,-1.7640662,-0.5085475
Q9C0C7	-1.7083113,0.53734976,-0.03326085,-0.8411123,0.35161492,1.0164038,-0.82505494,0.097631305,0.001256599,0.6794849,-0.04736451,0.8812898,-0.56461763,-0.909049,-1.574234,1.5506034,0.5130889,-1.879292,0.61292565,-0.29861727,-0.63718677,-0.387018,0.93380404,0.43507075,-0.32789966,0.47972324,-0.5112436,-0.6529759,-2.4510884,-0.5301891,0.34739062,-1.7309858,-1.9130881,0.5535076,0.7440204,-0.5832165,-0.4491763,-3.3406408,-3.606712,1.7104889,-0.0015916427,2.8490076,-0.65638673,-0.58226895,0.65382594,-1.296186,0.2724575,-0.25246328,-1.5563513,-1.175816,0.29429072,1.7005796,-1.5716513,0.104027405,0.14135595,1.1233066,-0.6936866,-1.1061314,-0.3415403,0.46522886,0.72147614,0.107067384,-1.6738251,1.712559,1.026468,-0.7646843,0.4228312,-0.4253536,0.692928,0.7810876,0.10162863,-0.57786125,1.0690849,0.8526421,-2.0829859,-1.9847819,0.40142268,0.16991806,0.9510771,0.75634944,0.37679863,-1.724132,-1.6043282,-0.28571627,-1.1919843,-2.459951,0.10716025,-0.036800917,-0.8996784,1.1069484,-0.7729977,-1.4508525,0.7756072,1.8107033,0.05403163,0.082513034,2.1136174,0.92351025,0.80379695,-0.16251619,-0.50861865,0.11010928,-0.5220818,0.013067822,-1.0174218,-0.22943036,-0.60531324,-0.042976532,-0.70740217,-0.1499845,-0.5479321,1.3308423,-0.4425977,0.9785729,0.012287746,-1.4003701,-1.1788381,-1.2094444,-1.8474171,-1.3433595,-0.1679363,0.5197797,-1.1510707,0.5551564,-2.1958458,0.8105983,-1.1558304,-0.9189034,-0.22491488,0.5223085,1.0918474,-1.7749327,1.0402141,-0.92203635,-0.1293723,1.1125625,2.8157237,-0.18076034,0.24822554,0.11430922,0.84696776,1.4961032,-1.4273,-0.9032387,-0.08022735,0.09679575,-0.6052577,-0.8142141,0.31790847,-0.14374314,0.8632382,-0.1140461,-1.7590672,1.6619445,1.437061,1.467225,0.5961371,2.078863,1.0574664,0.9059049,-1.3797524,-0.0638697,2.1430416,-0.9564467,1.4740449,0.15807568,-1.588918,-1.6282756,1.968599,0.46958643,1.4339249,-0.115327105,1.5041224,-0.8602639,-2.0069675,-0.9560882,1.174701,1.066931,-2.706461,0.11809704,1.2747827,-0.33050904,1.135985,-1.2295223,-0.35350317,2.6366339,-1.9079403,0.18979692,1.7374772,-0.029751536,0.29767042,-1.045212,-0.19201262,0.49122617,-0.8062231,-2.5805275,0.91720235,0.30223006,0.6118013,-0.1495224
O95999	-0.73012364,-0.01884467,-1.1842718,-0.498944,0.6122237,0.6215701,0.6504106,0.35101753,0.487071,-0.76302457,-0.69323266,0.18610938,-0.10486574,-1.0617704,-1.9327283,1.0208538,0.57114697,-1.1333005,0.37771803,0.028553594,-0.32974178,0.65624857,0.01837278,-1.3718178,-1.51389,0.57181364,-0.07668376,-0.52842814,-3.1903744,0.5325085,1.580438,-1.1523706,-1.3419687,-1.158159,-0.07297373,0.5653623,0.33469132,-2.1726,-2.2468796,-0.41595227,0.909121,1.1855582,-2.465934,-0.894828,-0.39712864,0.11306657,0.8972341,0.8395591,-1.9958804,0.9230842,-0.07005043,0.5001176,-0.9154893,0.56731236,1.1401815,0.4585946,-0.77948123,0.55254436,-0.8543525,-0.4510398,0.44418934,1.1234832,-0.2922814,1.6185027,-0.5943055,-0.3508452,0.27341595,0.15950376,0.51729333,0.6875492,-1.0302624,-1.687895,1.4378442,-0.16936195,-0.38810253,0.083711825,-1.4764073,-1.0996488,1.5152276,1.0851951,-0.89022166,-0.29591787,-2.4843552,-0.6735855,0.36784312,-2.0553224,-0.17825238,-1.4561385,-1.1920646,0.95209295,-0.053472348,-1.9065477,2.0500543,1.4929178,-0.6895794,0.6386383,0.75404865,1.2447623,1.1192377,-0.6138663,-0.46581766,0.09023739,-1.2516575,-0.31757754,0.2540044,-0.406145,0.0006920962,1.3260211,0.2644968,-1.0904113,-0.08479442,0.93853825,-1.1298312,0.2589923,1.1103605,-0.3729669,-0.38787973,-0.81660706,-2.4246867,-1.1608992,-0.8050772,-0.29096004,-2.6736767,-0.22765881,-0.64932966,0.86256486,0.81971216,1.0090199,-1.1562672,0.590245,0.259357,-1.889141,1.4589359,-0.01823925,1.029974,-0.5339007,2.481678,-0.2501797,-1.7223698,0.72622234,0.49303266,0.8983215,0.2023067,-0.16199906,0.21469536,1.4611601,0.8226005,-0.20882048,0.47977266,-1.1617523,0.8606532,0.7055924,-0.923941,1.2994287,-0.32856506,-0.06429643,-0.23171878,1.4975294,2.3825164,1.5962772,-0.42158234,0.67950267,0.32813075,-0.6499312,-0.21444437,0.06101211,-1.4056224,-0.9888237,1.4940604,0.7845068,0.67357296,-0.6691695,0.045468066,-1.2728951,0.3007464,0.46361515,-0.39495885,0.32882437,-1.462976,0.5937836,1.0198597,1.1951855,1.8010223,-0.64918154,0.39648956,1.5532689,0.0035885328,0.62484026,0.7734378,-0.33890674,-0.07706717,-0.13129048,0.17049739,0.2650852,0.2322743,-0.4179209,1.102366,-0.6827072,-0.5432961,0.8986748
P10586	-0.8018016,-1.5758595,0.61182195,-1.4979651,1.4084195,1.8637154,1.406642,1.5113206,1.2403948,-1.1922196,-1.0734087,0.2544423,0.21456526,-0.84420407,-1.644426,1.3460901,-1.7183478,-2.2300873,2.7857888,0.7510955,0.43248406,-0.4748915,0.69221646,-0.93914205,-1.6744603,-0.15839234,0.9166124,-0.24932423,-1.8331785,0.10065712,1.5374608,0.37413698,0.7142012,-0.4089243,-0.28797826,0.8132869,0.062070075,-2.1339433,-1.81929,-0.060096752,1.1691946,1.7583898,-2.4832184,-1.5571545,0.16467908,-1.0070986,0.66214764,0.23767786,-2.628943,0.5797063,-1.8358989,-0.0977304,-1.4747404,1.3861161,-0.443747,-0.96725255,0.6350559,-0.10132524,0.39388818,-0.29898736,1.41869,0.34279898,-0.7913596,0.86304015,-0.9721836,-1.7863691,1.1235644,0.6841571,1.3028018,0.3015146,-0.40931702,-2.546928,1.3465309,1.6230705,-1.1900172,-0.38572547,-0.25908312,0.60537314,-0.34880367,0.7556521,0.36813304,0.35897776,-2.8600254,0.18474595,0.86675245,0.8159743,-0.45528552,-1.1051553,0.2273018,1.9070687,0.24597675,-1.8333249,1.7002141,0.072477005,-0.34151188,0.9916575,0.8558385,0.18556061,0.048337497,-1.8670819,1.140045,-1.2013776,-0.66720116,-1.1485971,-0.1438793,-0.19703189,0.32839692,-0.46377304,-0.23573637,-1.6233981,-1.5399907,1.8459173,-0.81917447,1.0472958,-0.594287,-0.7932608,0.6706721,-2.4661427,-1.2956275,0.41943017,-0.09458286,1.1319785,-2.9292638,-1.6602081,-0.0023568335,1.3025604,-1.6656373,0.99636805,0.4891793,0.2489034,-1.173851,-0.3095478,2.4299746,-0.8294757,1.3030876,0.6253988,1.1297228,-1.047946,-1.8114349,0.5038382,0.418228,2.0368447,0.5160899,-0.8364106,-0.5924893,1.3209561,1.2488356,1.1636809,0.11627567,-0.60107344,1.7245519,0.28877124,-1.941134,-1.7441815,0.9851771,0.44757357,-1.2288392,1.2311454,0.4688442,-0.33957195,-0.012760787,-0.2161898,1.2683398,-2.8734746,1.1152192,-1.2818388,-0.46087828,-1.7203399,2.0200214,2.2653887,0.3281137,-1.4871521,0.29738125,0.89895254,2.3204377,0.14019927,-1.2750502,-0.16377847,-1.4442737,-0.8491731,1.00392,2.2613232,2.5284328,-0.035073552,0.97987556,1.5296719,-0.5798397,-0.13390599,0.30947897,-2.524681,2.424361,-0.49732235,2.2688925,0.64749825,0.7058919,-1.5424839,1.4314313,-0.23121862,-1.3972887,0.6857174
Q9NRR4	-0.90738493,-0.2677288,-1.7936181,-0.87680596,-0.6797139,-1.4868679,-0.511372,0.32850468,1.998648,-0.17996356,-1.9378792,1.0878208,-1.1258825,-1.1212057,-3.759917,-0.65621305,-0.1263718,-1.0812225,1.741312,0.111904845,1.7917663,0.7799115,-0.005746585,0.9446353,-0.8208643,0.7334386,1.3002257,0.80157185,-2.2656348,-0.77554244,0.2499426,-1.4977282,0.10397394,-0.8815671,-0.53364015,0.2504765,1.5131028,-1.920046,-1.7390736,1.2393334,1.6389471,3.5255728,-1.9173445,0.26722473,-0.32368514,0.21897556,1.6239238,0.4160843,-0.10048402,0.79765445,-1.1909274,-0.60891694,0.2474408,0.8062349,-0.08287741,1.2066973,-2.5752091,0.18677194,0.20176482,-0.8384796,0.54809815,0.39807168,-0.12678501,0.82576936,-0.53078336,-0.1702408,-1.011511,0.09699327,-1.2337401,0.21381968,0.011206603,-1.2324885,2.0884273,-0.58215797,0.0490202,-1.2069294,-0.34001213,-0.3482008,1.9707174,-0.9356569,0.9089412,0.7214063,-3.7758362,0.13417469,0.53133315,-2.2019877,-1.0571053,-0.3491669,-1.273264,2.5507808,1.2937578,-1.914012,0.12411104,0.16751435,-0.3854017,0.62441045,0.36145687,0.31602034,0.6386197,-0.269068,0.10878157,0.98176515,-1.4516988,1.3401622,-0.22364736,-0.45118302,-0.24757795,-0.0056623984,-1.950176,-0.5705689,-0.17857957,0.6468028,0.26547495,0.59097856,2.706459,-1.0377953,0.6326427,-0.56604767,-0.7581355,0.23896511,-0.44250628,0.5740695,-2.6891448,-0.7519936,-0.28223714,0.37955695,-1.2749852,-0.78789216,0.14018336,-0.04835298,-0.43501654,0.1022025,1.6899695,-0.841017,1.8476621,2.6169794,1.4468604,-0.38296607,-0.36431637,2.2596822,-1.1864419,1.2311611,1.0575116,0.8920773,-0.9978661,0.93019545,-0.015928457,1.7484751,1.3591319,0.08916395,1.4406533,0.6649065,-0.7307312,0.46820536,1.0492578,-0.23757754,-0.9353605,1.5739138,0.87999505,-0.3402454,-2.0815995,0.86324424,0.9794974,-2.496223,0.656275,-0.16818772,-0.81760854,-1.2115983,3.115333,-0.08276137,1.3347647,-0.8032044,-1.388454,-0.46182176,-0.7374336,0.36954463,-1.2416862,-1.5713729,-1.7186328,1.3855138,-0.2174187,1.4867777,-1.0839782,-1.4320654,0.08559554,0.33148605,-1.4613606,0.56229717,0.7709104,1.0657569,1.5311087,0.8626535,-0.63611966,0.16941951,-0.94290876,-1.135837,0.94490105,1.826256,0.74329746,-1.358884
O43172	-0.37311557,-0.6077253,0.55453676,-2.6237547,-1.1841305,-1.1658586,-0.20311116,0.5764495,1.4484302,-1.3525169,-1.3243284,-0.97353876,-1.0204378,-0.30117485,-2.9865234,-0.3195766,-1.1587305,-3.3200865,1.0979934,1.0097119,1.4456508,0.08084382,1.9883256,2.603496,1.4893122,-0.016284108,0.5523577,-1.0999376,-2.5514965,0.20689997,-1.6385648,-1.015502,-1.6697038,-0.022047803,-0.5719924,2.2575805,1.6978836,-3.5528858,-0.5739915,-2.320363,0.66201746,2.149166,-2.6351426,-0.8409631,-1.0487636,1.3367765,0.72708994,0.14426821,1.3223763,1.2255332,-1.2371702,-1.3537979,-0.4317101,2.860979,0.30339697,0.8100991,-1.0246137,-0.47214165,0.7121304,-0.50881034,-1.6207184,-1.0793414,-0.922087,1.0398203,-0.382642,-0.8681712,0.3876933,0.61481434,-0.30923805,1.621131,-0.1733289,-0.9639298,3.0543897,-0.12709683,-1.283783,-0.09639376,1.5056081,-0.79880434,1.6982923,-1.6446513,1.2125179,0.32154685,-2.7977967,1.1495914,-0.4889012,-0.30113077,-1.0490911,-0.8233746,-1.0004737,2.2568793,0.47129193,-2.3300345,1.675048,-0.7277004,-0.9697488,0.210619,1.4276655,0.4283897,1.1594701,-2.2545264,-1.1931927,0.67679256,-0.85807747,0.061021928,0.44098365,1.2099344,-0.22646992,-0.38906047,-0.8613313,-2.0030642,1.3013445,0.9327848,0.9557446,2.1845872,1.8884037,-2.0318887,0.9201928,-0.22609079,-0.04588472,-0.66773707,-0.8712753,1.1075261,-2.878112,-2.1192641,1.3486339,-0.75488865,0.29629746,-0.30376518,0.27608848,-0.61799526,-0.92847615,-0.8329081,-0.10931923,-1.3236634,0.57723385,1.3915251,1.0014184,0.8759585,0.24361838,2.116253,-0.22299947,-1.297635,1.5591035,0.32907444,-0.7129458,1.3793693,1.7591989,-0.029560952,0.77547413,-0.09439674,0.27920797,1.0116192,-1.3432344,-1.6791122,0.28602177,0.34702963,-0.041473426,2.4139037,-0.06328363,0.38682425,0.18924503,-1.2304693,-0.13420972,-2.99067,1.7227297,-0.949353,0.8585873,-2.2644913,4.4963465,1.9502692,0.9102011,-3.2537186,-1.8285693,0.12743494,0.29371318,-0.7832977,-0.51695305,-1.4526485,-1.3826565,-0.80413836,0.45232764,-0.1464364,-0.3446047,-0.23729421,-0.041155137,0.08548475,0.009205812,1.1484944,-1.3733019,-0.40830114,1.1621869,0.55315006,0.49285227,-0.004688939,0.68075895,-0.19616994,0.66854733,1.3456075,-0.07728496,-0.40264413
Q9Y5K6	-1.5106581,-0.26258007,-0.14996037,-1.10555,0.17465656,1.9599322,1.3580118,1.0148516,0.30412045,-1.2329063,0.41088519,0.9175206,-0.8347332,-0.8589767,-2.4256299,1.9152629,0.0152981905,-2.1749086,0.2851338,0.30020896,0.6291056,1.5291516,1.9906551,1.1170187,-0.07076805,0.23234631,-0.08472696,0.058619555,-1.4004875,-0.4844587,0.09445645,-1.0570023,-1.3055536,0.26041532,0.41827783,1.1924398,-0.09359573,-2.3656988,-2.009084,-0.21499744,0.88855517,0.494791,-2.2147555,-0.5739651,-0.089998,-0.18988277,1.1342207,0.59605205,-1.6530116,-0.17794804,0.7352019,0.45797622,-0.9016107,1.2246886,0.15204957,1.0491976,0.051526636,-0.18673033,0.4127247,0.19221558,-0.059152845,0.26421288,-1.2609285,0.51703644,-1.1585758,-0.8894904,-0.017305648,0.45435828,-0.46323097,0.34760046,-0.78866136,-1.6416758,1.356624,1.1376565,-0.48697636,-0.16829035,-0.025043016,-0.56517226,0.27584833,0.33938256,0.61833394,-0.2628736,-2.1176035,-0.13294037,-0.2769735,-0.59484106,0.9835155,-0.7836744,-0.7965205,1.2384266,-0.8281044,-1.8741277,2.874609,0.10628296,-0.24505283,-0.15671976,1.7141939,0.6255196,0.24038899,-1.296474,-0.4858182,-0.7378424,-1.495661,-0.32976043,-0.002000944,0.89286786,-0.12190564,-0.76939803,-0.33203706,-1.0732981,-0.055682685,0.69234574,-0.70890933,1.1652178,-0.07108582,-0.010239439,-0.53018254,-1.2646184,-1.4470071,-0.39048934,-0.20131887,0.033469632,-0.6120942,-0.7791819,0.62511694,0.2707428,0.12505409,-0.52201325,-0.6198974,0.64745456,0.09381096,-1.4389116,0.9238466,-0.36497912,0.9303232,-0.17641601,1.6948391,0.15358493,-2.2731686,0.4191935,-0.0089913085,0.9452455,0.23234022,-0.84946406,-0.30149716,1.2169814,0.5919569,-0.25331625,0.96962875,-1.1280438,0.5744175,0.6349192,-0.9197532,-0.6414476,0.34518278,1.3348259,-0.9885944,2.6897151,1.012824,0.13084617,0.38429356,0.49736196,1.2721092,-2.2141798,0.3665679,-1.1324626,-0.6684551,-1.2339644,2.362777,1.2103544,0.049565062,-1.9400204,0.40851948,-0.32388502,-0.3148097,0.39704466,-0.5841099,-0.23383616,-0.45517987,-0.92568415,0.8371105,0.83017564,1.5227969,1.3224548,-0.41585687,2.1983278,-0.124481134,-0.414999,-0.04391848,-1.5106962,1.0465828,-0.11850543,0.027206471,0.038947582,0.034134835,-0.85722315,1.156289,0.027313294,1.0219109,1.0341781
Q96MG7	-0.6928586,-0.83938295,-0.5567449,-1.1738942,0.5135039,-0.26873964,-1.6030538,-0.1896403,1.2906882,-0.045518164,0.039044548,0.84501266,0.06218191,0.6418268,-0.40687212,0.0924935,-0.40091208,-0.1338284,1.3566493,0.10899005,-0.7513522,-0.6737076,-0.51957864,-1.2818334,-1.8115363,-0.05326859,-1.7205592,-1.187793,-2.986521,0.021580169,-0.5599553,-0.7699272,-0.59015083,0.41756666,0.82038283,-1.6094326,-0.045689385,-2.5383625,-2.7756405,-0.034795105,0.28183535,1.9645934,-2.7161129,-1.5588149,-0.39916316,-0.08191006,-0.48966953,-0.71277285,-0.8347055,1.4596198,0.1649348,0.18034098,-1.50115,1.6616719,0.86587715,-0.23329839,0.6622326,-1.1047313,0.63265187,0.553553,-1.1016341,1.2965587,-1.3250004,1.4542735,0.6734362,-1.422168,-0.34673554,0.37108332,1.8787307,1.373512,-2.103897,0.12217027,0.7602865,-0.72453934,-2.4099486,-1.2607193,-0.058423154,0.47849646,-0.8486005,0.532965,-0.2904904,-1.2766291,-1.682559,-0.8263945,0.3866939,-1.202706,-1.0686969,0.009192046,-0.8270791,3.518135,0.57145107,-1.55858,0.6901447,1.4405626,-1.002002,0.6548733,0.8346595,0.88399416,1.4668643,-0.15762392,0.6767508,0.82312423,0.087162875,-1.610165,-0.74256986,-0.25430894,0.76840544,-0.0648317,-0.44004026,-0.3227896,-2.048241,1.8193103,-1.1025971,1.4699771,0.8333619,-1.9196757,0.29310605,-0.39309588,-2.446531,-1.249755,-1.7888923,0.91915697,-2.6749268,1.4195064,-1.0109664,0.3167444,0.13678542,1.1130775,-0.48019883,-1.3894967,0.19981904,-1.5753298,1.470872,-0.78572845,0.92337173,3.0396986,2.790315,-0.3288412,-0.1026364,0.033748943,1.917823,2.3834321,0.37507564,1.1580814,-1.1007705,-0.86734515,0.6652373,-0.5974446,-1.6596019,-0.07393596,-0.09493277,0.593745,-1.525225,0.32611558,0.7853299,-0.4868063,1.8306568,0.55750567,0.7418414,0.8496717,0.25069577,-0.97195023,1.8881814,-1.2488545,1.8376034,1.0069675,-1.3751256,-1.6984705,1.4272832,1.5637624,0.52306265,0.14062116,0.08836497,-0.09363104,0.36101562,-0.31713298,1.7573994,0.45001772,-2.351678,0.8794242,1.5840368,0.06295152,1.7440722,-2.1883278,0.46730745,1.6976446,-1.1473016,-0.7161856,0.7797369,-0.40182906,0.2560094,-0.31391326,0.7084042,2.294099,-0.4020904,-1.6774178,0.92824674,-0.13768916,-2.159396,0.62200546
Q9BS18	-1.0544965,-2.2446265,0.84301054,-2.7961135,0.94060934,0.70787054,-0.4101876,1.6894791,-0.2784367,-1.8301286,-0.29821476,-0.6673806,-2.0033104,0.74312335,-3.438383,1.4650649,-0.34683865,-3.4000843,1.5295588,2.0677643,1.1055309,1.1421285,2.1176295,1.879504,0.20974092,-0.16412203,-0.18882896,-1.8140005,-2.3209376,0.41705942,-2.0924406,-0.97260684,-0.50848603,0.5176932,0.07126916,2.5854633,0.8898362,-4.363946,-2.8281987,-1.346485,-0.42353517,2.3671103,-2.3166687,-0.82301587,-1.3070796,0.053944606,0.30111632,-1.3248326,-0.157258,1.2957271,0.28305253,0.088319026,-0.71920925,2.949878,-0.41962168,0.75383013,-0.85405654,0.38254508,0.95839226,1.1172053,-1.1280205,-0.9129383,-1.991091,2.0164802,-0.6409765,-0.7994908,-0.1519952,1.8493258,0.10681481,1.2297348,-0.53944194,0.27136967,2.7447753,-0.056803226,-1.7331971,-0.020953536,-0.093621336,-1.6037278,-0.44844735,-1.0866044,-0.26628113,-0.57766205,-1.8679394,0.35507664,-1.1804862,-0.057059407,-0.9847176,-0.58205247,-1.7432623,2.4218714,0.005259684,-2.3848426,1.6998218,-0.51752585,-1.0187125,-0.24000299,1.8410892,0.48015413,1.4639783,-1.0893291,-1.025903,-0.23988165,-2.1828165,-0.33279696,0.55566984,1.4993414,-0.35478583,-0.68630093,-0.5031715,-1.6528568,0.14955115,0.8220349,-0.39775532,2.1052527,0.41063145,-2.6299381,0.9642829,-0.47216538,-1.2971436,-0.6157055,-1.4049816,-0.11453362,-0.78410727,-1.1788741,0.8089741,0.24975513,1.1562192,0.22031283,-0.63210654,-0.3124328,-0.7397251,-2.0763474,1.7726091,0.51544994,0.23262282,0.1461491,2.320262,0.23887154,-1.0227453,1.1443475,0.46963874,0.1817704,2.0786793,-0.6568988,-1.1404806,2.1343064,2.180836,-1.2581025,-0.85916734,0.47389808,0.65526533,0.7096958,-0.4431869,-1.0131973,-0.89317,1.3706509,0.6710079,2.5931988,-0.12553763,1.3873866,1.4331285,-2.5109494,1.2413974,-2.9047987,1.91137,-0.5788893,-0.7753957,-2.5648217,3.1735163,1.72132,0.6627208,-2.7953742,-1.0930463,0.8098921,1.0091119,-0.508466,-0.47105074,-0.6446591,-1.7104546,-0.59260285,0.7614721,-0.61164516,1.785098,1.541589,0.36516348,1.6796325,-0.3030538,-0.037491664,-2.0859158,-1.8946786,0.8245643,0.16902557,1.127784,1.2770417,0.8603661,-1.644985,1.3365448,0.47607914,0.19676726,-0.44747165
O14641	-1.0241612,1.4500078,-0.74011177,0.41006508,-0.42820698,0.75458765,1.0274915,0.6222809,0.67563206,0.0055162553,0.40577367,0.7471858,-0.52548987,-1.3995519,-0.9983854,2.170573,0.35036966,-0.63452363,-0.85649383,-0.5142965,0.5397324,0.83222455,-0.41487888,-1.1436696,-0.8699308,-0.5419293,0.30800503,-0.13938127,-3.7463002,-0.060043383,1.0041997,-2.0142481,-1.6340401,0.039760128,0.4050819,-0.059923995,0.46526048,-2.3132982,-1.4955653,0.17905353,1.0405797,1.3494395,-1.6730714,-1.0701191,0.76896834,-0.6931797,1.1916097,0.5457549,-2.2915194,0.63610363,0.36732796,1.1789045,-1.3132135,0.13086818,1.0954971,1.1746923,-0.66799724,-0.48294574,-0.074590266,-0.045421384,0.36960775,0.6974574,-0.49451908,0.78127056,-0.45209405,-0.33283705,0.2674068,-0.14009313,-0.33267492,0.6856581,-0.12187989,-1.7018788,0.9695039,0.31004214,-0.43752238,-0.46905488,-0.3694314,-0.8887948,0.6736858,0.516567,0.4727266,-0.014548991,-2.5413067,0.10289754,-0.28864157,-1.556382,0.53822696,-1.7251865,-0.54030883,1.3391199,0.4343894,-1.0990351,1.1557913,1.7457019,-0.59527785,0.5695147,1.6506702,1.7482326,1.5726423,-1.3915805,-0.8462391,-0.083689064,-1.2965292,0.43885577,-0.20063825,0.21246587,-1.1983242,-1.2069461,-0.8758946,0.041284673,-0.112524174,1.3721561,0.091956824,1.035045,-0.72720146,0.30314374,-0.18682756,-1.5421575,-1.2251905,-0.68841183,-0.66807735,-0.3268774,-1.8081023,-0.87500703,-0.2383192,0.26185256,0.3889339,-0.122743174,-1.2147126,0.60025424,-0.07902027,-1.5184815,1.5486014,-0.9174542,2.3017333,-0.062215332,1.8086436,0.4536531,-2.337057,1.0932157,0.24005264,0.8268623,-0.26052663,-0.7659516,0.68883157,0.4284142,0.5405872,-0.27967784,-0.066216215,-2.4237278,-0.108843766,0.30928683,-0.73914874,0.15990387,0.41032743,1.0589172,-0.7003867,2.5097697,1.7913641,1.1460856,-0.8754381,1.4876937,1.0892061,-1.9246877,0.07660747,-0.57193696,-1.094756,-0.38163027,1.8881027,0.24710439,0.20026816,-2.05706,0.3747129,-0.97220093,-0.24071114,1.5734303,-0.39097413,0.1998403,-0.41683924,0.082459815,-0.17667876,1.0520142,1.2506263,-1.1477199,-0.39366585,1.1871686,-0.7177083,0.3650942,1.4510353,0.05741226,0.08230942,-0.70019007,-0.4051693,0.085349575,-0.047353398,-1.1084402,1.0814772,0.05024875,-0.5107098,0.14961046
Q07065	-1.7428325,0.7300718,1.3954998,0.004009712,0.47880813,1.2498696,0.5452807,0.30905145,0.5233684,-0.2745617,-0.5267707,0.75017804,0.2653942,-0.20053552,-0.8683089,2.146118,-0.78497225,-1.5008061,1.4148986,-0.086989835,0.81630546,-0.21109414,0.57710016,1.9942665,0.485673,0.35580698,0.101514496,-0.78749335,-1.8568978,-0.03211335,-1.6134197,-0.60716444,-0.84312016,0.26631388,0.11177102,0.7514731,0.51299125,-2.4197023,-1.6081372,0.29594347,1.561196,0.81122535,-1.9432778,0.42064047,0.4151235,-0.2583941,0.380814,0.8478053,-0.23408958,0.36925253,-1.8997474,1.4759264,-1.9943227,1.3713413,-0.4211918,0.52939576,-1.258982,-0.4000703,0.72916985,-0.47658607,0.2649563,-1.0537875,-1.3292164,-0.4293136,-0.6137882,0.02140014,2.1502388,0.3965498,0.91623574,0.13320944,0.6540891,-2.1252756,1.5309123,1.3314828,-2.1793396,0.07452804,0.35466313,-0.92772186,-0.37244108,-0.62674904,1.5584545,-1.1549332,-2.5796793,1.2354708,-0.5920573,-0.92163074,-0.6484758,-1.2234224,0.013174335,1.4109136,0.29547742,-0.7779154,0.23741038,1.3028948,1.3571926,0.43774453,1.2825757,0.4023329,0.16013011,-2.4848964,0.20062351,0.59131444,-0.1859408,-0.22300585,0.37744215,-0.10660152,-0.5032605,-0.22438703,-0.28109303,0.58434343,0.6847867,0.76669544,-1.6023301,1.026412,-0.55799353,-2.0184681,-0.80810285,-0.83178365,-0.06383969,0.60832256,0.2885592,1.5844791,-2.434361,-1.391766,-1.2100132,-0.024843484,-1.4231261,-0.942777,0.67618406,1.4271808,0.53493184,-0.77409863,0.21932204,-0.4979311,1.8687885,0.7894118,2.645695,0.21097155,-0.65121764,0.17869493,-0.5861877,-1.4810244,-0.3793401,-0.2095421,-0.62170535,-0.033016928,0.52373195,0.038663395,-0.17374402,-0.8403995,0.19503509,-0.7473934,-2.3940053,-0.46529427,0.16458705,0.935772,0.42161238,2.8008957,-1.3581331,-0.30689162,-1.3550501,-0.8679519,2.6022823,-2.1210139,0.65549004,-0.52877265,-1.0753479,-0.28424552,3.9271374,0.10736626,0.9078719,-0.9865552,0.690333,1.290645,-1.0213466,0.47876155,0.3616516,0.8115039,-1.8130323,-0.25426194,0.1775069,-0.8547373,0.6961138,-0.37966925,-0.29721832,1.7488691,0.16175708,-0.87542194,0.5720125,0.6348733,0.7823199,-0.35924327,-0.7281382,-0.76281446,-1.6887705,-1.1908237,0.3285902,0.7321385,-1.2800933,0.07072068
O95347	-0.89568335,-0.25929928,0.6923622,-0.054362956,-0.3274858,0.15708414,-0.023652816,0.9493802,1.3291123,-0.6205381,0.15287809,1.3823739,1.0403453,0.5826553,-0.28823432,1.4578165,-0.9336243,-1.7064277,1.4072877,0.39528644,0.9043673,0.1007371,0.8407646,1.260825,1.7384759,-0.06020442,-0.40599558,-0.1142448,-1.3865936,-0.08576169,-1.2943252,-0.7183449,-0.09940882,1.3701652,0.6005155,0.4938152,0.29005563,-2.439534,-1.7445337,-0.37917882,1.6563258,1.0065986,-3.0720065,-0.37570268,0.064835586,0.65560687,0.42755347,0.4906578,0.74865186,1.1688423,-1.7717092,0.3731381,-1.1760842,3.0551853,-0.2614153,-0.48522463,-0.7922177,-1.5700682,2.1066558,-0.14219633,-0.14545445,-0.8736008,-0.3903267,-0.40150148,0.22631852,0.20645477,0.73003495,-0.29224175,0.99728626,0.9881582,-1.4654971,-1.6768283,0.52229697,1.6542807,-3.620781,-0.6754955,1.8455997,-0.47874773,-0.7984091,-1.3951478,1.6653444,-0.6618345,-2.8476453,0.5907507,0.08454822,-0.7560572,-0.60275644,-1.5843582,-0.19733372,2.8759725,1.7980312,-1.9731086,1.4078892,0.09958523,2.1678648,0.189092,0.32206982,-0.8167256,1.0855889,-1.3586365,0.3622268,1.533782,0.86193335,0.8667372,-0.35585317,0.4051467,0.050177947,-1.6246517,-1.7440621,-0.7511807,-0.16531928,1.5245662,-0.040448233,2.2249737,-0.3918968,-1.4439723,-0.48532248,-1.0054958,0.73657304,-0.29443482,-1.1628169,0.96107435,-2.2840037,-1.6139903,0.19634253,-0.52094233,-1.2636135,-0.074446894,1.3698224,-0.6485678,-0.62196106,-0.16634037,-0.882356,-1.6898061,2.2964103,2.0526166,0.59653896,0.36240786,-0.9519639,0.41724628,-0.0774903,-0.77281815,0.45784372,0.49953717,-0.24828,-1.1938021,-0.35758814,0.04598469,-1.8178556,-2.0210032,-1.5642318,0.28063586,-1.1115245,-0.88070554,0.16161972,1.3486221,-0.01886603,2.081518,-0.5668423,-0.23470789,-0.8156694,0.51739866,2.0165997,-2.0018616,2.5833123,-0.7523929,-0.9008388,-0.97041297,3.4689791,1.236619,0.19570243,-0.8891886,0.2647194,2.9150662,-0.49949464,0.8949948,0.2961068,-0.76766616,-1.4619055,-0.50930464,0.7284706,-0.31941712,-0.34322795,-1.1086656,-1.0322248,0.99011755,-0.053214643,-0.06315,-0.32632858,-1.372039,0.18202266,-0.028467245,0.78566664,0.4758228,-2.035523,-0.56172854,0.8811792,0.48921362,-1.0840076,0.9109468
Q96LW4	-0.6848758,-0.7263394,-0.52899367,-1.180316,-1.8768361,-0.6640174,-1.8222545,1.3524044,0.18096942,0.2820303,-1.04461,0.56549364,-2.5700018,0.50939316,-2.8504632,-1.0055276,0.32248697,-1.7545741,1.242508,0.58467627,0.008694192,-0.35790628,-0.19464096,0.70706296,-0.6258761,0.76834404,1.1820695,-1.8494928,-2.795325,-0.68503237,-0.2875018,-1.9156256,0.7617589,-0.43788844,-0.8292506,-0.8216627,1.4938985,-3.575528,-2.1627142,0.07973314,0.9165607,3.854464,-3.937315,-0.87399423,-0.20656838,1.335674,1.0765365,-1.1003474,0.22101487,0.8751136,-1.3366778,-0.52497417,0.09341264,2.4009495,2.1723042,2.725516,-1.9855208,-0.67083466,1.5669181,2.0363362,-0.4072373,0.74535966,-1.1694368,2.404048,-0.12015516,-0.7921838,-1.0130529,-0.7779016,-0.6322872,0.3557304,1.3031784,0.034513116,3.4718966,-0.95848125,-1.3355863,-2.4384587,-0.26421782,-0.6057988,0.5592116,-0.9697887,1.6493722,0.29403636,-1.752814,-1.5054318,-0.87588274,-1.7842999,-0.89820015,-0.10261289,0.45367107,1.3880877,0.67753094,-2.597415,0.18040517,0.12206324,0.04894721,0.40021926,1.904245,-0.25790542,-0.04250596,1.0599108,1.2149241,0.30312747,-0.31514642,-0.2763196,-0.78562254,0.44972128,-0.58044744,-0.741908,-1.876837,-0.4461932,-0.6478678,1.1876919,-0.045354623,2.637633,2.3960767,-1.4942651,2.3221881,-0.94055694,-2.3049154,-0.7801241,-0.8991278,1.6874158,-1.1638558,0.849345,-2.3134573,0.19076394,-0.2261882,0.78649485,1.5222678,-1.6322693,0.49770185,-0.9718499,1.1410455,-1.8975503,1.1920289,2.5100145,1.6943883,-0.09277707,1.4594241,1.276233,-0.2531458,1.3997778,1.1539304,1.0336639,-0.26888463,0.95052886,1.0037692,-1.0879549,-0.68647367,0.5876599,1.3531991,0.0545404,-0.0014038649,-1.3478951,0.4331297,0.18568464,0.39975545,2.4288323,0.8143704,1.1955711,-1.7122929,-0.21286923,1.3245085,-1.7582577,1.8186588,-0.16906811,-1.2022837,-1.4529732,2.4483526,0.86003274,2.1224818,-1.5288703,-1.0568792,-0.129054,-0.45312756,0.08780027,0.28135407,0.60551023,-1.7575406,0.3709305,-0.07447453,-0.09204224,-0.090980604,-2.7235792,-0.0028729758,-0.017221589,-2.3853018,2.596943,-1.2995358,0.60939586,0.0011551217,-0.35511693,-1.422367,1.2844394,-0.069735795,-1.6900002,0.6574679,1.1112919,0.61592966,-0.62187207
Q9Y570	0.724806,-2.4287946,-0.20193543,-2.3446455,-0.6623851,-1.1422954,-0.9489144,1.1103302,1.1961105,-0.84522796,-0.95548016,-1.1581554,-1.3837887,-0.54094017,-3.5725868,-0.61558026,-0.22736639,-2.8688254,2.1320653,1.6438648,0.18310575,0.19231911,1.1661156,-0.68971914,0.20262942,-0.0974799,0.5171039,-1.6478199,-2.0704727,0.2672253,-0.37324482,-1.2407142,-0.90202427,-0.6324743,-0.04004363,1.6234915,0.96584857,-3.8384154,-1.3424956,-1.8571621,-0.3950797,4.5451627,-1.4727161,-0.90085304,-1.3104298,0.14805508,0.53588,-1.2776349,0.19246048,0.7163219,-0.33759364,-1.5477719,0.57484746,2.4750516,-0.18837819,0.42870748,-0.78896487,-0.51325154,1.221047,-0.0864533,-1.0852818,0.28426135,-0.8697943,3.7354593,-1.0759583,-1.3458451,-1.1852221,0.2027343,-0.14401779,2.2035089,-0.9584773,0.03646378,3.2263772,-0.6685041,-0.8123919,-2.3558676,0.33775038,0.5172097,0.43597183,-0.12485856,1.1122106,1.5750525,-1.3573595,-0.5269402,-0.7183541,-0.34375957,-0.7703825,-0.4262709,-1.0147445,2.677122,0.2779228,-2.8473246,1.2230159,-0.713857,-2.542578,0.5529993,1.5835234,-0.19719844,1.859181,-0.18414105,-0.62191296,-0.09764453,-1.5160302,-0.8442416,-0.31140724,-0.3456906,-0.1687234,0.47967306,-0.96469134,-2.0898206,-1.0447611,1.3360773,1.4538459,2.7433705,2.2255716,-1.3615819,1.782469,-0.48133308,-0.94274837,-1.5333625,-1.2026114,0.5671983,-1.0471781,0.08066666,0.298024,0.5884294,1.3123239,0.15982829,-0.081167236,-2.5695188,-0.61927825,-1.1820716,2.6057775,-1.2423549,0.018821219,0.72594404,0.65275824,-0.61266184,0.70628315,1.4454341,0.7043497,2.918205,2.208455,-0.21911211,-0.63800436,1.0879176,1.8555517,-0.15906824,0.3010248,1.0347141,1.0501806,1.3956633,-0.30693308,0.6012018,0.48668385,0.53218573,-0.19732426,1.8470674,1.4906422,0.7954053,0.7324199,-0.35238197,-1.1332762,-2.8698275,2.44715,-0.76704514,0.34812796,-2.702651,1.5449836,2.7508392,0.3598812,-2.0713108,-1.3875756,-0.31500912,1.3790352,-1.433815,-0.49983114,-0.22473216,-1.8477075,-0.1338617,0.53625077,1.2309055,1.3694739,-0.7375168,0.55909234,-0.30402115,-1.6713935,2.425705,-0.46496096,-1.9413311,2.3603208,-0.03512728,1.3722445,1.3952265,1.1072581,-1.6562561,1.4726232,-0.037680525,0.019661931,-0.32922342
Q9H7D0	-1.1281097,-0.8092511,0.23720491,-1.0825365,1.1378013,1.8128263,2.8411636,1.660828,0.8291416,-0.2308169,-0.1776656,-1.4606855,0.16057208,-1.1394055,-1.3212234,1.4085069,-0.16093461,-0.84558123,1.4523087,0.9491538,0.478451,1.0964006,-0.7543384,-1.3012803,-2.0711453,-0.6342305,1.4679235,0.31751445,-2.7162004,0.6058759,1.7098609,-0.15577532,0.9264914,-0.7157848,-0.4273143,0.5212054,-0.16265883,-2.4375584,-1.5621569,1.9253936,1.8393389,1.9395958,-2.3285553,-1.340645,0.67645055,-0.77325827,1.0537213,-1.2464907,-3.6939669,1.9245013,-2.9030402,-0.90945935,-0.97658634,1.3203949,0.34864217,0.54244274,1.9934503,0.39919308,-1.0673186,-0.5305015,0.2747912,1.3834937,-0.6010193,0.49955454,-0.7200424,-1.4644617,0.60710603,1.2993788,0.18439391,-0.7276041,1.4026172,-2.2531028,2.0740967,-1.2346145,-0.12455687,1.0633405,-0.20949471,-1.2707274,-0.3545012,-0.021699378,1.7190139,-0.029180279,-1.3943669,-0.49688357,0.48415992,-0.28902107,0.2527089,-1.2897881,0.6294011,0.49378765,0.9671556,-2.258092,2.1637697,0.5918492,-0.9590283,0.26468563,0.69935244,0.3433401,0.5837889,-2.0144777,1.7928379,0.3701278,-0.8807551,-0.19913998,-1.5203084,0.06910959,-0.419794,0.052969746,-1.1721283,-1.3407139,-0.7374322,0.26103845,-1.0328047,1.8052216,-0.1638785,-1.5138602,2.6415148,-1.6285843,-0.27496797,0.8080628,-1.137214,-0.72967035,-1.542339,-1.094122,0.51416016,0.08338774,0.76601857,1.9998467,-0.4107278,1.1936685,-0.040516816,-1.1070591,2.075037,-0.9320002,2.8725154,0.70612234,1.9836042,-0.3526109,-1.7766066,1.3995517,-0.7090016,0.78114915,0.4356253,-0.67095715,-1.262654,0.5525412,2.2295022,-0.21025647,0.2807642,-1.4327066,2.1233208,-0.3895042,-1.2814784,-1.1766467,-0.087950714,1.3095094,-1.6026968,1.6777921,0.6788348,0.52522075,-0.3614583,0.1998371,1.1161026,-3.2673726,-0.63726634,-1.5925618,0.4045052,-0.6474575,1.819731,0.009226464,1.4010124,-1.8292427,1.9202969,-0.08096829,2.1165693,-0.09081622,-1.4331825,1.5246631,-1.1017774,0.7219511,0.35382637,0.53572804,1.3701028,-0.33045426,1.124751,3.1001728,0.53821796,0.48271242,1.2574198,0.1891887,0.9899471,0.044129826,0.55915576,-0.106349684,0.33034703,-0.4426729,1.1877557,0.6088924,-2.612425,0.7929381
P25774	-1.5034938,0.20780441,0.2618589,-0.32613462,1.1512384,1.1520785,-0.8687332,0.05582148,0.4172097,-0.9844782,-1.9978222,2.273517,-0.02755287,-0.9427982,-2.299466,1.7675477,0.4873583,-1.5564865,2.2939992,0.5129249,1.1683391,-1.023718,1.0866404,0.63709545,0.035280492,0.8259983,-0.3251174,-0.31554708,-1.6700253,-0.53709036,0.16867766,-0.7593957,-1.2725085,0.3725472,-0.45905638,-0.45273578,0.08384499,-1.606783,-2.6425228,0.31764632,0.7996951,2.8105037,-1.5871377,0.5964681,0.08610452,-0.91410995,0.61822724,1.2118709,-0.7219203,-0.07412454,-0.4194323,1.7761675,-1.9314517,0.30907694,-0.26085785,0.03781253,-1.9732913,-0.73465264,0.6991215,0.29722065,2.1842113,0.09334512,-2.2954392,0.41966295,-0.5886947,-0.88130826,0.5645635,-0.6442814,0.8506263,-0.5161318,-0.54090565,-1.7135657,1.2535459,1.5174562,-2.1307986,-0.60183406,0.0351059,0.11974283,0.5008377,0.99729955,-0.011558343,-1.45866,-3.4301827,0.18241799,-0.49297124,-1.5174869,-0.37293518,0.026498726,-0.7289523,1.3273305,-0.5177225,-1.0691377,-0.35347664,1.5308907,0.94054174,0.24854961,0.86088485,1.0537266,-0.3166014,-0.7436394,0.36975473,-0.5429102,-0.17573978,0.46216446,-0.1999709,-0.42730758,-0.16434987,0.8162639,0.05274649,0.03820603,0.16097139,1.6729392,-1.0910391,-0.3220852,-0.32441443,-2.0039098,-0.53160864,-1.6070535,-0.73831266,-0.61830014,0.44616643,1.6876885,-2.054272,-0.50712055,-2.4092143,0.3460631,-2.7688892,-0.760402,0.05550485,0.59003866,0.6213103,-0.5405018,0.9634959,-0.48816478,0.5154717,1.3267487,2.7036593,-0.8661967,0.24230646,-0.2935377,0.78372234,1.4006045,-0.4553485,-0.72640735,-0.56838286,0.04559736,-0.4870306,-0.1922314,0.28867874,-0.31853154,1.0595475,-0.58446914,-2.8488836,0.14974666,1.6741126,0.7499108,0.94874775,3.045548,0.21636878,0.13211647,-1.4913144,-0.24270523,2.5867593,-1.939603,1.1910418,0.010083368,-1.7360991,-1.1722668,2.9174547,0.7194477,0.9436555,-0.7021065,1.7953228,0.5610754,-1.6235341,-0.84385467,0.31368116,0.08777291,-2.7211313,-0.1501118,-0.031107599,0.5372018,1.7424042,-0.7880452,-0.18550725,1.9884677,-1.8823317,-0.6793611,0.8541235,0.046571333,1.6713759,0.18361263,-0.25185847,1.0621974,-1.5392692,-1.6879199,0.6052437,0.40763995,0.03787832,-0.63732094
Q93088	0.5060851,-1.4222213,2.3710935,-3.6644971,1.5661346,-0.19793908,-2.6399856,1.5926392,2.1858013,-1.1641501,-2.1409721,-1.1119723,-0.7051518,2.4126935,-0.7950127,1.5374126,-1.4275376,-0.2980446,2.6430032,1.8079094,3.7970328,-3.327035,2.8096976,0.9221765,-1.4482979,0.6907097,0.6245233,-1.6052731,-1.2154931,0.47912747,-2.383926,0.41796273,-0.12441659,1.0113714,-1.0829704,0.80614674,-1.6411645,-3.3610466,-2.6502445,-0.32195145,1.3124324,2.7663724,-0.9045895,-0.6648354,0.58336914,-2.1919806,-1.7491262,0.53158,-0.18624532,0.47917336,-1.176209,-0.8105269,-0.05702451,1.3026564,-1.7301025,0.8084374,-0.13901578,-1.0475644,-0.9637489,1.3340758,-0.053526513,-0.88136405,-1.8816785,1.0759985,0.90141684,-0.94287974,0.0011346914,-0.33719194,1.2301052,0.92566127,-0.06320919,0.9995819,2.8025699,0.44193292,-1.1872312,2.176833,-1.3273783,-0.23474008,-0.3645854,0.73299485,0.14877066,-0.9807104,-2.7348318,0.5817526,1.0537851,-0.67123634,-2.9170532,0.5550038,-4.0707436,2.4270477,0.07445665,-0.8200091,0.15693624,0.25954467,-1.108568,0.08630137,0.23587891,0.69946086,1.544494,0.06769572,-0.40514126,0.5618478,-4.1948094,0.65242374,-0.010525017,-0.4479418,-0.2929168,-0.79222566,0.18129137,-2.9652908,-0.5621578,1.5722467,0.07056229,0.61455375,1.8697964,-3.274322,0.8842057,1.7227889,-0.10963154,0.2184883,-0.43854564,1.5692911,-1.0783557,-1.7171781,-1.0578579,-1.8978543,-1.3793087,0.62960494,-0.42647257,-0.8710452,-0.6324315,-1.3164117,1.9521363,0.7803686,1.2082248,1.3035225,2.2170808,0.43989488,0.5455379,0.9754198,1.9446862,0.43224445,1.7942101,0.21598752,-1.358374,1.4954975,2.0111346,-0.6979775,1.2101295,-0.26248094,0.5931895,-1.86468,-0.6743483,-1.7023356,1.3104165,-1.2186683,2.3296077,-0.071397536,-0.48649275,-0.8465378,-0.43219545,-2.2547853,2.6364944,-2.398433,3.268662,1.3139272,-0.7323638,-1.2969201,1.8315976,1.6701195,1.9288979,0.11847038,-1.1312896,0.9463684,0.43090126,-0.652676,-0.41495097,-0.40796927,-3.506016,0.35132387,0.34868133,1.773264,0.9672983,-0.92604065,-0.57826716,1.0653152,-1.3807663,-3.1765118,-1.1119907,-0.4633715,0.5848977,-0.19115712,2.2368114,3.2017815,-0.6961737,-0.16741385,1.7070194,0.56376433,0.009264329,0.5925454
P10176	-0.77493393,0.13031647,0.45746547,-2.6155617,0.6559441,1.6634809,1.6954116,1.4508837,-1.0458797,-0.039785843,0.32328126,-1.3982637,-1.3894535,-0.5035767,-1.8444638,0.99097383,-0.533134,-3.0616179,-0.6433151,0.12444105,1.1986054,1.3131831,1.1694736,1.2331454,0.13404943,0.1001488,0.42520228,-1.5379745,-2.843409,-0.1818934,0.27358064,-0.7205667,-0.63654065,0.1692751,-0.41615012,2.0380735,0.86781156,-3.9283054,-1.6427591,0.48308516,-0.14845274,2.076527,-0.8725238,-2.3142412,-0.43847322,-0.9772617,-0.34810778,-1.4249386,-1.5412791,-0.07719525,-1.435172,-0.71584475,-1.5893211,1.021749,0.20444444,1.6357026,0.3364207,-0.06613409,-1.159944,0.23755977,-0.6503336,-1.8942456,-0.8171344,0.85847515,0.19088237,-0.19495375,1.7329757,1.7926462,-0.32617328,0.5230935,2.4194534,-1.0536426,2.9176855,-0.059737954,-1.0634739,-1.0019171,0.92481154,-0.8182319,1.2522931,-1.0479915,0.13829999,-1.3658085,-0.8194866,-0.006149742,-1.3605577,0.65689737,-0.11900958,-0.41077814,-0.07146744,-0.31404588,-0.24870881,-1.7599767,0.99247795,0.54518515,-1.54271,-0.95307696,2.8874211,1.4198499,0.33019435,-2.2850537,-1.7450126,-0.6251628,-0.14119825,-0.545425,1.0146012,1.0245095,-0.5149856,0.019214004,-0.91180295,-0.62565,1.4894713,0.6010547,-0.4379069,2.1870036,-0.46092,-1.0030086,-0.05844826,-2.170341,-0.57944727,0.076946154,-0.4838664,-0.045011647,-1.0185809,-1.4831511,0.26067212,0.75758696,0.8752747,0.5386969,-0.48326972,1.739887,0.8919094,-1.9383199,1.2374066,-1.0677202,0.71364325,-0.4372146,1.6011301,0.610587,1.0681762,0.9201975,-0.8353562,-0.6616543,0.43259117,-1.4162725,-0.15817046,1.2669406,1.8143786,-2.169318,-0.4596217,0.5596522,0.023693388,-0.40792462,-0.80443704,-1.8066679,-0.17189078,1.8994302,-0.5446905,1.9384886,0.4111187,1.91631,-0.53136146,-2.386976,0.9892562,-1.8881634,-0.27027622,-2.1044278,1.1250964,-1.4461308,2.6411777,1.0889083,1.9702808,-2.867025,0.7339908,-1.14142,0.6726519,-0.15624939,-0.8502345,0.78580916,-1.7307087,-0.7086076,0.13035595,-1.5632418,1.1604108,0.21049224,0.3361782,1.0375379,0.36790338,0.77903515,-0.82359934,-0.61554855,0.15789677,-2.0640283,1.4273179,0.12182026,2.5884902,-1.9995211,0.19858837,1.5481832,-0.9118479,-0.8584424
Q9NRW7	-1.5079734,0.5763043,1.6542016,-1.8444159,0.3056408,1.7463682,0.98325795,1.0191276,0.35314083,-1.0852394,0.7760723,0.022544699,0.2612366,-0.5035495,0.11403941,1.1437982,-1.2617269,-1.579126,-0.013114154,0.5393409,0.52696925,0.35697097,0.89378697,1.876058,1.4459105,-0.29601327,-1.0559663,-0.7086936,-2.4129019,-1.7704407,-0.9499254,0.82957226,-0.38503942,1.9152033,0.39717942,0.48282063,-0.78108627,-2.911469,-1.2175908,0.4561896,1.0872424,2.007567,-2.1609466,-1.833141,0.2570616,-0.25462195,-0.18418343,1.0639628,-1.284093,0.55116296,-2.3628454,1.0301082,-2.5537922,1.8519067,-0.6959798,0.8021434,-0.21117888,-0.8413534,1.1440498,-0.14047334,-1.0668079,-2.2312515,-0.7333116,0.9253454,-0.57731926,-1.5803845,1.441777,-0.55142975,1.4182552,0.011371996,0.6721844,-1.8683459,0.87190384,1.6162125,-2.585295,-2.5232809,1.7359701,1.4388684,0.17660907,-0.40423924,1.1830981,-1.7585669,-2.1767993,0.5952289,0.13127024,1.3532405,0.954935,-0.5731913,1.1802381,1.1088692,-0.15792,-1.1605067,0.2341188,-0.026515467,-0.70650846,-0.15917997,2.0646677,1.051737,0.47460994,-2.9807737,0.67778903,0.23625572,0.7005842,-0.9955822,0.80201447,0.7451522,0.522827,-0.73927885,-0.52885944,0.06076297,-0.30665943,2.0706174,-0.8886423,2.556165,-2.6665938,-1.4282051,-0.54266393,-2.2158968,0.42088813,-1.1045628,-0.5408632,1.488504,-0.38241857,-1.23869,0.5539918,0.8620153,-0.7931322,-0.18637165,0.15907678,0.13855854,-0.9314653,-1.9845481,0.22453395,-2.57745,1.7740753,1.4772364,0.46428853,0.08015398,0.013156597,0.17207661,-0.4220348,-0.006237156,-0.55826163,-0.3171178,-0.22827461,-1.628496,0.2091846,-0.9509544,-2.175587,0.9199522,-1.1694652,-0.9736489,-1.7137532,-0.99138284,0.5476492,1.7644994,-1.1031682,2.1953313,-0.424192,-0.19949591,-0.18430872,-1.500578,2.8959358,-1.3073275,1.655366,-2.8976202,0.45259777,-2.0137706,2.829729,1.8824611,0.7608353,-2.1666877,0.26231453,1.7680566,0.16952963,0.17898723,1.7223077,0.15680592,-1.8602133,-1.0842718,0.3771912,-1.6462036,0.87200916,-1.3508519,-0.13569537,0.42944425,-0.63797814,-0.56300133,0.9025258,-2.202022,0.5804308,-2.2723238,0.32611755,1.1982045,0.19728564,-1.5953765,0.08879275,0.6207654,-1.6276778,0.28553373
P60660	-0.80920196,-0.32920018,1.3347962,-1.3223492,0.41299096,0.6706687,0.86191434,1.5668571,-0.011213806,-1.1182555,-0.44364136,1.2777021,1.6603377,0.31667525,-0.46364555,1.4466176,-1.2401603,-2.362102,1.1439112,1.0364313,1.6615049,-0.55634147,2.9222593,1.93151,1.7949399,0.13656026,-1.0466057,1.0348603,-0.457873,-1.7609262,-0.8290899,0.58581674,-0.6685094,1.6165395,1.2236904,1.1358299,-1.8683969,-3.2749224,-1.8005666,0.24978225,0.3862249,2.4553716,-1.0483198,-0.9814295,0.15829155,-0.6147392,-0.30201536,0.31334212,0.9462889,-0.41980422,-1.081353,0.324372,-1.6759074,2.3993683,-1.6773491,-0.48375833,-0.49607253,-1.852834,1.4232206,0.06205876,-0.5164354,-2.2501981,-0.7351188,0.28460965,-0.42812696,0.11326388,-0.6592319,-0.67013395,1.0032525,1.1773326,-2.3001525,-0.7410743,1.0650074,2.615795,-3.0693424,-0.9926214,1.3699466,0.44551107,0.11672594,-0.5610064,1.2563341,-0.9058889,-1.9445179,0.7543586,0.3165588,0.06268108,0.16140354,0.28391206,-1.1931494,2.6348648,0.1932883,-1.5717803,0.7623394,-0.9443676,0.56268114,-0.46655872,1.718429,-0.60978717,0.3497478,-1.7161202,-0.4424037,0.4210571,0.06086456,-0.22302143,-0.2944794,0.40092564,0.873982,-0.78319234,-1.1041533,-2.5399284,-1.3823744,1.1847723,0.41506144,1.7284509,-1.4439015,-0.93574244,-0.9565692,-1.8804607,1.0690161,-0.31963757,-0.19483596,0.73716754,-1.1967645,-2.3436255,1.2389627,0.732867,-1.28246,-1.0695369,0.18857479,0.24705562,-0.046103094,-0.86695176,-0.4206882,-1.5333031,1.6846453,1.6914442,0.042683836,-0.1870483,-0.004877815,0.21655017,-0.17463423,0.6744997,0.3446477,-0.2291689,-1.0935984,-0.534168,0.40135482,-0.44076145,-1.3667995,-0.17677857,-1.3574338,0.019782182,-1.630259,-0.40608716,1.6438715,1.6813849,-1.0087703,1.402817,-0.92591447,-1.124825,-0.108133994,-0.41839957,2.6125157,-1.5979722,2.6917212,-2.2957065,-0.081611246,-1.1568224,2.1348789,1.8422011,-0.05357527,-0.51572037,0.030376341,2.255767,0.70869553,-0.93222046,0.35645077,-0.23527355,-1.9257914,-1.2267792,0.3542877,-0.66286,0.62963516,-0.09463573,-0.5235373,2.328391,-0.055757042,-1.3072788,-0.8175426,-2.4415991,1.3439018,-0.77575123,1.3225311,0.86399513,-1.147515,-0.42317453,0.6769833,-0.08693032,-0.13118535,0.87800133
Q92750	-1.8748093,1.1018965,0.090481974,-1.5257066,-1.9849173,-0.0445057,0.060248006,0.5639851,-0.13375036,0.15698594,1.0279483,0.5709423,-2.0073788,0.75109357,-0.64992315,0.3889307,-0.36823666,-2.113323,-1.1339347,-0.10325403,-0.63751173,1.0067976,0.5196412,2.0854485,0.97405404,-0.29847485,-1.1677015,-0.4406583,-3.857829,-0.5719556,-1.4594402,-1.659157,-0.9926839,0.9746886,-0.32839048,-0.018079229,1.1682277,-2.9441803,-1.6294463,-0.8069458,0.29279178,1.2178974,-4.327151,-1.9750729,-0.3736615,1.9744872,0.26807764,0.47986713,-0.8212788,1.3046383,-0.40219975,-0.64679456,-1.5437924,2.5446694,1.4798874,2.8474,-0.27673623,-1.3575425,1.7447493,-0.062460802,-1.9362884,-0.7557775,-0.2268914,1.2090541,-0.48517862,-1.0817358,0.104520924,0.64260507,0.2986464,0.68225175,-0.16378193,-1.1532035,2.0505633,0.1623326,-2.0328438,-2.4973876,1.2435573,0.3821953,0.7535732,-0.8678703,1.402254,-1.0184588,-2.034418,-0.65477496,-0.7955196,-0.13142298,-0.32053855,-1.0877113,0.09355468,2.1727326,-0.31712496,-2.807639,1.5757912,-0.17746578,-0.25967118,-0.2714203,1.3461034,0.60727006,-0.31492558,-1.4176307,-0.14672387,1.2688446,0.5568704,-1.7849139,0.78810346,1.7991306,1.1813705,-0.94126296,-1.439648,-0.09359018,-0.4838909,1.8701766,-1.5664017,2.9592571,1.3335186,-1.293815,0.6625851,-1.0755386,-0.5838742,-1.7305409,-1.1248447,0.85234153,-0.88452005,0.016711036,-0.31300488,-0.17915691,1.444088,0.52912784,-0.25230068,-1.658085,-0.5164789,-2.684286,-0.4338328,-1.8236144,1.7127211,2.0623362,1.3694924,1.1876547,-1.2901012,0.8468751,-0.5015361,1.1554848,1.321795,0.8573021,0.52736366,-0.21701019,0.36634746,-1.5938648,-1.7002469,-0.6463585,-2.0370846,0.33208707,-0.17203942,-2.5178897,0.3399378,0.72896063,0.57825357,2.6286917,0.53512913,0.69081384,-0.84112805,-0.6536077,2.179382,-0.871379,1.3512981,-1.0370895,0.07394097,-2.206767,3.7088957,1.9592696,0.65506834,-3.0268369,-1.1252226,0.80917567,0.023626924,1.2827963,1.0144557,-0.06615216,-0.9492734,-0.2706906,0.10321401,-1.0396346,0.3286132,-1.7000198,-0.4263775,-0.7509217,-1.5437717,0.1488106,-0.40677363,-0.5491404,-0.6806055,-1.40941,-0.24507545,0.8333905,0.7905559,-0.90861845,0.4625273,0.867641,0.051259834,-0.043885164
Q9BRJ2	-0.8747474,0.83365136,1.0958116,-2.3634303,-0.61282104,-0.5929596,0.26459682,0.12738009,0.40929022,0.83441573,-0.97560173,-0.29184216,-1.2944283,0.007997358,-1.4533819,0.35636932,-0.17588834,-1.6016083,0.7304312,0.0414826,2.3127742,0.08573974,1.5617859,2.5501003,0.8048704,-0.119010806,0.475467,-0.9197017,-1.9733692,-2.2067113,-1.4032906,-1.0959313,-0.7813864,0.06452643,-0.6313212,0.75177205,0.5294618,-3.5416155,-1.1762103,0.9550352,1.7658502,3.852489,-0.33790553,-1.6066729,0.124788344,-0.4631445,0.12721553,-1.2545116,0.95279396,-1.0222034,-2.0192728,-0.5810829,-0.8625121,0.65669906,-0.9528273,2.9180858,-0.26407242,-1.312878,-0.6159134,0.78896976,-1.0546011,-1.6754758,-1.0787903,-0.09390814,0.2881042,0.17731653,0.5716861,0.3551723,-0.9473285,0.11543321,2.5178614,-0.17201652,3.7179415,0.15127297,-0.5636119,-0.39222345,0.7318181,0.0915739,0.4803015,-1.4876381,1.8501908,-1.399233,-0.86584574,0.648503,-1.289394,-0.814933,-0.3177359,1.2298834,0.2914468,0.7690879,-0.13850254,-0.95203376,-1.4315906,0.06681042,-0.9448948,-0.7436298,2.7214377,1.8681375,0.28399748,-2.1177094,-0.92920387,0.26097783,-0.6301098,0.84737605,-0.46833602,0.5529666,-0.32204387,-0.919555,-1.5374702,-1.1764486,1.1265558,0.5250781,0.33233622,2.049391,1.0832667,-2.1287398,0.9982485,-1.472535,-0.5389875,0.79391277,0.031842653,1.2006773,-0.92014426,-1.1344297,0.33205366,-1.0729924,-0.19613184,-1.1589614,-0.09726443,1.5694886,1.0385969,-1.9300355,1.06655,-1.6105925,1.5732028,1.614252,1.8332311,0.37053913,2.7287352,1.9880722,-1.8371806,-0.2018507,0.29404235,0.0707851,-1.1663674,0.40872398,0.5146319,-2.1248858,1.3139042,1.0469085,0.7122309,-0.7466298,-1.7802799,-1.5728502,1.400591,1.2356914,0.49230498,2.293214,-0.49621376,0.04442565,-1.8940183,-3.0912056,2.0578825,-1.8759401,0.98007685,-1.4468951,0.14085601,-0.42723158,3.232619,0.13588087,2.3191762,-2.0426455,0.14883785,-1.1808329,-1.3920251,-1.428127,-0.051699445,1.3223523,-2.330597,-0.42701706,-0.13252245,-1.8169235,-0.7052605,-1.1332828,-0.76068556,1.0695686,-1.1270862,-0.2769992,-0.44204137,1.4801441,0.75114083,-0.90940744,-0.44436893,0.5952999,-0.23843737,-1.4632223,1.154844,2.0308046,0.039994188,-1.9293079
O15105	-0.77923155,0.9910815,-1.1212108,0.2618019,-0.574674,-0.49518305,0.049808804,0.7924894,-0.19585802,0.28378856,-0.0022208842,-0.044801276,-0.45866776,-0.06457314,-1.6860425,1.8634173,0.4237767,-0.9699371,0.13497007,-0.13805883,-0.15986408,0.08015923,-0.010203579,-0.055944473,-0.8017024,0.5916016,0.38867536,-0.40469903,-2.5349243,0.9240659,0.07880193,-1.8680338,-1.4378024,-0.10049096,1.0015452,0.34015518,0.4261797,-2.6352732,-2.364636,0.05295832,1.0404902,1.0726792,-1.7278372,-0.15145987,0.9549394,-0.22302887,1.3855668,0.57822317,-1.7808069,0.9538468,0.5331895,0.8824208,-1.179674,0.38322568,0.6163997,0.18516015,-1.1339524,-0.8341971,-0.2886851,-0.38461894,0.16703756,1.1584848,-0.7985088,1.0918452,-0.4708675,-0.07278735,-0.059952468,0.596374,-0.44816262,1.4084164,-0.55164397,-1.1457938,1.0943166,-0.78696984,-0.6916789,-0.8847035,-0.44170055,-1.0846868,1.0553627,0.56010556,0.8506143,0.14343151,-2.1881506,-0.35915494,-0.5916401,-2.617837,-0.61012346,-1.9229696,-1.6526561,1.6002958,0.4945948,-1.1613746,1.5013245,1.9172156,-0.49927068,0.57601297,1.0149033,0.7455883,1.8154011,-0.81794614,-0.71311295,0.7328134,-1.0625566,-0.09241977,-0.85199195,-0.12634645,-0.8741262,-0.15956827,-0.80726784,-0.474683,-0.53703105,0.9521748,-0.5525323,0.4727769,1.0837748,-0.46249145,-0.20338331,-0.25320032,-1.4910624,-0.92470783,-0.2241766,-0.17576686,-2.2327619,0.0010796549,-0.78391695,0.55002266,0.66021574,-0.06398739,-1.0091467,0.45252714,0.5278768,-0.8741598,1.5590626,-0.11123221,1.799713,0.27374214,2.021189,0.02359744,-2.0334241,1.1141897,0.26274577,0.89315134,0.6373703,-0.32655555,0.16247673,0.8548714,0.40449244,0.23916848,0.32074028,-2.0438862,0.09595795,0.5692111,-0.8907989,1.5932328,0.5881176,0.5195593,0.20524718,1.865029,1.2553201,0.6660788,-1.1950752,1.3310058,0.40692386,-1.659598,0.855902,0.5560324,-0.97323227,-0.7705677,1.5973439,-0.22550899,0.9955825,-0.98403454,0.42950305,-0.47958553,-0.39150205,1.3692696,-0.025268711,0.18813388,-1.1333387,0.8328669,0.15421407,1.3134056,1.0349336,-1.183652,0.18050109,0.9344376,-1.3170966,-0.25260645,1.5590936,0.58890224,0.0009867542,0.05413121,-0.28267798,-0.46298173,-0.46423742,-0.8105687,0.9025079,0.16236603,-0.50983053,0.27037194
Q07955	-0.6751562,1.0767764,0.25158376,-1.7345434,-1.510104,-1.1616974,-0.6315137,0.4287342,1.7579988,-0.4627252,-0.943755,-0.3695794,-1.4150399,-0.18907237,-2.4864511,-0.035400834,-0.37311754,-2.4713275,0.3533301,0.8742014,2.3403256,0.7923764,1.4746964,2.1917167,0.5667594,0.52232444,0.6344488,-0.73818886,-3.0097287,-0.156702,-1.3563938,-1.7742772,-1.9714491,0.12067499,-0.462874,1.905129,1.8873402,-3.7686124,-1.197928,-1.3588976,0.6436618,2.0169084,-1.9951199,-1.0375091,-0.65930325,0.70416415,1.2052066,0.19156732,1.1401787,0.6445234,-0.51952606,-1.5843332,-0.17659988,2.5446627,0.30264038,1.9318664,-1.3167101,-0.86803406,0.4376251,-0.110963985,-1.408509,-0.15575302,-1.0601048,0.6823395,0.14004283,0.083721556,-0.17624702,0.603424,-1.060002,1.4680674,0.28898072,-0.69430566,2.8547182,-1.2495935,-0.52075773,0.1539669,0.67748606,-1.4320292,1.8374587,-1.6256114,1.0224361,-0.26258606,-3.1340816,1.1646836,-0.5707254,-1.2364095,-0.7348003,-0.85101134,-1.0651249,2.4480562,0.536166,-1.7395172,1.1547428,-0.02865699,-0.84134626,-0.22198941,1.8363919,0.72258025,1.7830862,-1.9785211,-1.4549184,0.7825002,-1.236423,0.7721627,0.15446572,0.83774424,-0.45758626,-0.62805766,-1.378661,-1.3745016,1.1298398,0.5631763,1.2010896,1.913716,2.144925,-1.5807697,0.5860544,0.14715697,-0.25911906,-0.545026,-1.0080808,0.491319,-2.44406,-1.5399123,1.1390184,-1.0608605,0.88109046,-1.0072987,-0.52869165,-0.25269514,0.3870683,-0.7513717,0.22375295,-1.0101477,1.1466366,1.3475816,1.6272856,0.8660507,-0.039603736,2.2827995,-0.33115056,-0.85150087,0.995071,0.5380523,-0.67561275,0.9118541,1.6110952,-0.15968893,1.154706,-0.054835275,-0.08615587,0.58592665,-0.8841368,-1.2165139,0.3330483,0.13414313,0.64702463,2.3907154,0.5740887,0.7149784,-0.40236548,-0.37971088,0.10438442,-3.1908276,1.4520679,-0.31042632,0.3564471,-1.6885712,3.9146943,0.77029175,1.3639126,-2.9352348,-1.493519,-1.1548426,-0.34381077,-0.034450628,-0.06292399,-1.3133999,-1.4786503,0.37374088,0.093607426,-0.17646137,-0.60241234,-0.6383292,-0.40461168,0.37054387,0.05363516,0.67475754,-0.73195755,1.2728705,0.543071,0.31087166,-0.32083964,0.11115825,0.25781468,-0.3587774,0.7102441,2.0604482,0.46690542,-0.68291914
Q8WUM0	-1.2823309,1.9925333,0.22015123,-0.6362735,-0.5898957,0.07902092,-0.18131487,0.3892018,-0.6356598,0.0018153376,0.90013874,1.0991194,0.4257689,0.98075396,0.19648278,2.3716588,-0.3560777,-0.7327277,0.4440621,0.10186025,1.2279416,0.7430382,1.1496514,1.7301611,1.8073183,0.38175794,-1.3488358,-0.04628113,-2.246539,-0.6481915,-3.1226847,-1.0925496,-1.842035,2.220933,1.1270751,-0.14816923,0.009285575,-2.5713756,-1.6917957,0.51178753,1.1512852,0.58659077,-1.571261,-1.137079,1.1388024,-0.43645626,-0.62588197,0.36567658,-0.48586974,1.082234,-0.5839375,0.4432288,-1.9829059,1.8578106,-0.56052154,0.9422056,-0.2857308,-2.6316311,1.3100657,0.061836828,-0.84929496,-1.4179535,-0.83301693,-0.6800474,0.43396506,-0.13813768,1.1707898,1.4371312,-0.21669985,0.48505104,-0.3788809,-0.59838974,0.30970418,0.38728476,-2.7790933,-0.08292519,1.8046299,-0.07503583,-1.0905056,-1.2535963,1.8070781,-2.7363856,-1.7310102,0.9068321,-0.6965764,-1.2538245,0.24785478,-1.6037207,-0.5977006,1.9539629,0.49028024,-0.54164267,0.13549736,0.7600095,1.1961843,0.12413819,1.5086575,2.1168206,0.95393044,-1.6807377,-0.9509723,2.0186875,0.7790536,0.37372038,-0.1407978,0.9501987,-0.20356447,-2.307081,-0.92761093,1.0761014,0.8869777,1.0701311,-1.31323,1.6458807,-0.22502913,-2.0236814,-0.5304533,-1.1395192,0.20866978,-0.6144403,-1.0683985,0.29186007,-0.25565204,-0.7914852,-0.15856291,-2.0089345,-0.20228936,-0.4172196,-0.27805874,0.48780748,1.4097759,-0.96849823,-1.2493693,-0.2761722,2.7851865,1.3379688,1.7228541,0.6626702,-1.191224,-0.2555492,-0.16471095,-0.53291374,0.24563174,0.36348283,0.076884985,-1.8737359,-0.187504,-1.5575039,-2.1565738,-0.98245233,-2.4597836,-1.0393378,-1.4775409,-1.1930329,1.2512485,1.6326412,2.0105882,2.4618149,-0.6854973,-0.33544123,-0.8451718,-1.38892,2.8620055,-1.590134,2.1545653,-0.27110773,-0.13686247,-0.98685676,3.5856266,-0.042747777,1.1067319,-1.7682363,0.8438673,1.7100102,-1.9180889,1.6407917,0.84769636,0.1868143,-1.3371602,-0.083872125,-0.24159692,-1.9629103,-0.13182853,-1.1142578,-1.4567872,1.4760102,-0.5083168,-2.3611443,0.819991,0.29374632,-0.8232988,-0.7342714,-0.46527952,0.4924865,-1.5165097,-1.2731347,0.19594976,1.0834872,-0.7630971,-1.1120806
P09455	0.25063077,-2.361868,2.2379448,-3.1105323,0.88678706,-0.49157026,-2.6241772,0.49821916,3.0560322,-1.5595357,-2.0541093,-0.90732443,0.5528414,-0.21155445,-1.2163914,-0.034889344,-1.7201501,-1.455449,3.5152347,2.0681512,0.65866536,-2.5547254,1.9438248,0.8604099,0.9963681,0.70424026,-0.102899745,-2.8802025,-2.0327382,0.5456132,-1.6445413,0.16662352,-1.6639702,0.40937364,-0.08013477,0.9236282,-1.4642969,-3.7287827,-1.0526059,-2.798898,-0.16331048,3.650458,-0.9222294,0.26040864,-1.1368142,-0.72453773,-1.0797437,0.053623114,0.49163124,1.0933414,-1.3378304,0.5373418,-0.55960834,1.8839691,-0.6351956,-0.40514332,-0.2978218,-0.490435,1.0916476,0.14000939,-1.316433,0.12573852,-2.0218549,2.8479037,-0.802164,-1.7226526,0.8748423,-1.5674734,2.8547335,1.6294025,-1.2460859,0.73252285,2.3087142,1.0485436,-2.7201588,-0.84164536,0.7690274,0.9524712,-0.73527676,0.035762753,1.0348115,0.42346054,-2.1346724,1.0192536,1.1626519,-0.7121346,-1.6497734,-0.07157288,-0.9690361,2.5246263,0.705575,-1.4851762,0.38152373,0.19840957,-2.017393,0.40253595,0.76441705,-0.012122576,1.7491816,-0.89013904,-0.40743402,-0.13892852,-1.4423069,-0.77026635,-0.21310751,-0.07073204,-0.2711656,0.7411663,0.8659939,-2.4179153,-0.70453805,1.9624716,1.0590268,1.7221452,1.0252539,-3.1877239,1.6219752,0.759045,0.1458516,-2.1438813,-0.54445183,2.4798005,-2.352582,-0.40690604,-0.770136,-0.95544285,-0.994274,0.34343404,0.7541083,-2.4049757,-0.3276723,-1.6287253,1.3596032,-1.1699698,0.6270761,1.129302,2.0265257,-0.64635026,1.8723017,0.88318694,3.117562,1.7706097,1.1210628,-0.44240233,-0.4823139,-0.130234,1.4374961,-1.0743091,0.6471397,0.5090074,0.9115328,-0.9485512,-1.8221945,0.6666783,1.5543408,-0.6972096,1.9495838,1.3339393,0.81134087,0.32065496,0.9460674,-1.4837571,0.7671048,-2.6352649,3.579673,0.8759882,-0.9581871,-2.597735,3.1375117,2.5071375,0.38989666,-0.6062623,-0.72316045,1.896164,-0.24169217,-1.8512756,1.2165772,0.4115188,-3.2519746,-0.4950247,0.9879715,0.13932176,2.1389132,-1.274886,-0.3355331,0.8261435,-1.3345262,-0.6582803,-0.6992099,-2.0087135,1.9554819,-0.12844706,2.3901694,2.4441042,-0.50621825,-1.100117,1.0783253,-0.8980233,-1.4960026,0.9841321
O00483	-1.1117859,0.5791546,-0.060788173,-2.1101687,-0.068403564,1.2417911,1.7050438,1.3940958,-1.3880612,0.7079007,0.36368436,-1.257053,-1.3839207,-0.40339708,-2.1243613,1.3955452,-0.43840986,-3.1434367,-0.3426971,-0.17497623,0.67742,1.014003,1.144074,0.8163703,0.22049713,0.1662405,0.41176382,-1.6214312,-2.950896,0.0008931632,0.35493523,-1.515068,-1.2829226,-0.2845173,-0.23481415,1.856009,0.875751,-3.9684129,-1.4944364,0.035379875,0.24884804,1.603487,-0.8281795,-2.5740762,0.41123924,-0.7657306,-0.017479127,-1.1256564,-1.9869882,0.001919845,-1.3273101,-0.5339911,-1.7689247,1.2859669,0.035494585,1.2979547,0.087693185,-0.65418357,-1.0534863,0.7316612,-0.22461617,-1.4742215,-0.50444216,0.76649094,0.1445196,-0.09363687,1.690486,2.0642056,-0.9604985,1.0481316,2.3101513,-1.1971656,3.133509,-0.041952576,-1.1361895,-0.746376,0.9426543,-1.1434727,1.0082629,-0.7602986,0.5737766,-1.0724267,-0.5115586,-0.69145614,-1.698029,-0.18155608,0.08573918,-0.5598288,-0.19615702,-0.55102867,0.24808908,-1.9454225,1.3196306,0.8374036,-0.72411466,-0.5905856,3.2216942,2.1424406,0.77004445,-2.0219312,-1.9669684,-0.3603782,0.32747078,-0.49556556,0.11743961,1.1692965,-0.544091,-0.444217,-1.4460013,-0.84365714,1.2318983,0.7601504,-0.68957424,1.7187885,-0.0390736,-0.26819587,0.11596963,-2.8819873,-1.5569017,0.0362311,-0.37429863,-0.45891845,-1.7239397,-1.4874499,0.55567926,0.8929651,1.183628,0.5564177,-0.51246554,2.025353,1.1941183,-2.153281,1.2572838,-1.4801327,0.86571515,-0.3695717,1.6919899,0.095368,0.9561781,1.0876409,-1.2989295,-0.3142532,0.47361964,-1.5670241,3.556855e-05,1.653617,1.6305337,-2.310102,-0.62680763,-0.0535122,0.11089144,0.14579643,-1.1051066,-1.7147341,-0.081526004,1.776643,-0.71476465,2.1418517,0.85143197,1.9562707,-0.8062824,-2.0183647,0.38245067,-1.9011521,-0.059194498,-1.7224598,0.6628402,-0.8302006,2.5003092,0.93424284,2.2923033,-2.8653538,0.79769135,-1.579989,0.42250973,-0.08344408,-1.0266091,1.1646403,-1.7066885,-0.920491,-0.25617176,-0.90653425,1.2133502,0.19024527,0.025757981,0.86425227,0.23322502,0.8852916,-0.9797466,-0.0527021,0.43676567,-1.5860969,1.0260985,-0.16582976,2.2848122,-1.7376366,0.32565686,1.0925332,-0.94628286,-0.7661366
P50993	-1.5443716,-0.29313362,-0.8937091,-1.9127653,0.9192925,2.108773,0.8865651,1.8232701,-0.08614225,0.08815468,1.0023018,-0.43304175,0.24341032,0.30182108,-1.2796594,0.9159947,-0.76895314,-1.9225804,0.78577036,-0.3151903,-0.49092725,-0.56588334,1.5185035,-0.7116179,-0.5012019,0.9350281,-0.35516652,-0.4667934,-1.5213804,0.771213,1.1901499,-0.19304332,-0.9263475,0.34870633,-0.040223867,0.7223532,-0.060039535,-2.3265183,-2.0984154,0.9443565,0.3740574,0.77015543,-1.0020397,-1.267682,0.5959426,-1.0808895,-0.6449634,0.5824662,-2.8349376,-0.42628953,-1.0020347,-0.2331735,-1.7257129,0.15255906,0.0053499895,-0.9760552,0.4063664,-0.55829686,-0.7538736,-0.88582736,1.3773047,-0.5481577,0.017799366,0.3510866,0.83119327,-0.7882996,0.5296889,0.6372042,0.5823534,0.928033,-0.25768214,-2.12902,1.4201368,0.2578965,-1.7249852,-2.0497258,1.1343842,-0.5281697,2.410508,0.93532753,-0.5382464,-1.0549817,-1.7761883,-2.117868,0.85231483,-0.1330952,-1.1422987,-1.1423154,-1.0898119,-0.05541977,-0.4183002,-2.3741074,2.7897248,1.0461628,0.25835836,0.009321873,1.4228891,0.37929866,0.3342609,-1.3005294,-1.0234222,0.24156213,0.91022885,-1.2204328,0.39286366,-0.6692391,0.2716949,1.1885512,-0.33645284,-0.16988409,-0.30638286,1.5979017,-1.4101874,0.065868616,0.46250105,-0.21551283,-1.7875193,-2.1438785,-1.0646572,-0.85191554,0.14010338,-0.812695,-2.7275693,-0.81511986,-0.82692,2.5456033,-0.58074903,1.1263249,-0.15119088,0.11213959,0.61456203,-0.6031336,0.80177265,-1.1464722,-0.34568956,0.44482875,1.3262643,-0.50952166,-0.1374683,0.47801465,0.38602158,0.7490829,-0.19160928,-0.8870524,0.6010334,0.68188995,0.3836337,0.1003164,-0.80449915,-0.17935115,0.032289486,-0.27979413,-0.7860966,0.14427997,1.2959781,1.1394773,-0.44888434,0.08172754,2.0885935,0.6042955,-1.5823668,-0.02541856,0.105397716,-0.44565296,0.5431027,-0.5743664,0.99848986,-1.4441248,1.3167913,1.4445802,1.8006088,0.30635458,0.8886164,-0.6496289,0.22731267,-0.13734137,-0.123932816,0.0795631,-3.005428,0.25461432,0.024813795,0.5035611,1.441199,-0.21249364,0.4773476,1.0037414,0.16368733,0.45110422,0.8804333,-1.2300544,0.90100867,-1.4464478,2.514062,0.09781588,1.2517881,-1.4371117,-0.28816718,0.24669445,-1.424416,0.70816946
O43914	-2.0431755,0.71658415,-1.4632607,-0.8808467,1.8064228,2.2343752,1.5829989,0.74164915,-0.7225497,-0.50148076,0.45616686,1.0938351,-0.60880667,-0.7303057,-1.8075359,1.6938719,0.5791189,-1.1235995,0.088421434,-0.18868795,0.34015378,1.8856525,-0.14179502,-0.4300586,-1.8749377,0.25785393,0.17660798,0.13063431,-2.809943,-0.30235887,1.6095829,-0.53545755,0.45316017,-0.002213615,-0.425235,0.14769758,0.41567358,-1.789064,-2.7528398,2.347473,1.2478329,1.358778,-2.3446102,-0.82624906,0.28683805,-0.8300799,0.55679184,0.41567883,-2.8037014,1.0742573,-0.25822702,1.1691649,-1.7745795,-0.04885879,0.3098362,1.2292651,-0.34888005,0.6512768,-0.77009517,0.07313531,0.5811853,-0.5962232,-0.029999368,0.75963974,-0.5459727,-0.5227224,0.5488066,0.7450224,0.25021008,-1.0436398,0.5513081,-2.277491,1.0753859,-0.4185788,-0.44851166,-1.4888203,-1.1479347,-0.8009037,1.2372423,1.0297047,-0.9009193,-1.4054066,-3.1191437,-0.7945531,-0.19358377,0.023104813,0.32384518,-1.2094498,-0.44463652,1.3495711,-0.58964497,-1.7893848,1.3486398,1.5626469,-0.74336576,-0.11057045,1.3669394,1.5097216,0.5535255,-1.1876638,0.31289032,0.1824495,-0.78679335,-0.97482413,0.41627878,-0.34478563,0.13601069,0.58327144,-0.7703569,0.6732583,-0.74008614,0.8328436,-1.7721459,0.5859322,-0.8191938,0.22514132,-0.8256035,-1.0790029,-1.1722409,0.30208722,-0.6709755,-0.35080856,-1.1619846,-0.4098461,-0.557935,1.1298324,0.28018197,0.4696745,-1.8035046,1.3094318,-0.24727616,-1.4300696,1.9042337,-0.42219055,1.5034459,0.3137137,2.2015846,-0.08328097,-0.9340756,0.7181132,-1.0220695,0.7424696,-0.29788458,-0.37680244,0.0058097844,0.8350433,0.4897646,0.20574783,-0.77962375,-0.0311752,0.5638224,-0.7104608,-0.49609166,-0.30797854,0.014251183,2.0174413,-1.3167909,1.8645991,0.9982112,0.88182116,-1.5757699,0.29567143,1.6342899,-0.8040113,-1.1093966,-2.209114,-0.8384526,-0.6157509,1.2270987,0.9554579,0.8504135,-1.0261264,1.3123202,-0.5752228,0.6075699,1.7697939,-0.5853876,-0.2438695,-1.3019056,0.71595514,-0.9551559,0.7477908,1.1130626,-0.92195886,0.67447275,1.3028792,-0.62909186,0.028701995,0.6801623,-0.56772065,0.5930397,-0.7730134,0.16972907,0.75187194,0.69505674,-1.6606648,0.5044474,0.78950256,-0.41872796,0.53533155
Q9BSM1	-0.27191353,-0.37870395,-0.22162843,-0.3823002,-1.1496226,-0.7084981,0.10781615,1.3059179,0.21557362,-0.4518421,-0.64740735,-0.36527133,-1.4677596,0.20667961,-1.9905894,1.4742903,-0.25773692,-1.6426314,-0.33251122,-0.18255876,0.8255434,0.1028104,0.59695876,0.49157274,-0.2688417,-0.6169654,0.62729263,-1.169536,-3.539871,0.60530543,-0.77791435,-2.0593588,-0.40242434,0.0011343441,0.209642,0.68789953,1.1303275,-2.8879583,-1.3428926,-1.9001789,0.9885184,0.92607605,-3.1738644,-0.8991375,0.3861107,0.6488816,0.8123487,-0.20004258,-0.4399256,1.6636307,0.27135044,0.829224,-0.86220664,1.620184,1.4005963,0.7276012,-1.9575562,-0.26190537,1.0021985,1.3109416,-1.0500348,-0.19864675,-0.18352097,0.9330235,-0.64606535,-0.20397837,0.21922371,0.88231134,-0.34982622,1.5395697,0.11948592,-1.0065787,2.08654,0.55253416,-1.1588515,-0.8391653,-0.4402819,-1.1942223,-0.25866345,-0.78885597,0.6006438,0.38915953,-3.092303,0.48818964,-0.43814108,-0.87793225,-1.0440658,-1.9899825,-1.0228732,2.3818386,1.139316,-1.3175792,0.5170426,0.2523271,-0.21373042,0.3992742,1.067844,0.25898242,1.7136582,-1.3293706,-0.9965742,0.08656595,-1.6046338,-0.027806155,1.1234779,1.2603574,-0.9231753,-1.8048013,-1.3419553,-0.7132012,-0.0914376,1.754594,-0.17160353,1.6286244,0.73234546,-1.1722893,0.21694197,-0.7424074,-1.5049573,-0.6466812,-0.6646691,0.3511756,-2.2422717,-1.4109882,-0.15328541,0.82445794,0.005805746,0.26995492,-0.7135231,-0.27208284,-1.5706955,-1.0657343,1.2870153,-0.19777383,2.6514404,0.72812694,1.5103339,1.7474395,-2.3853974,1.4945846,0.42351747,-0.4701805,2.0982409,0.0448897,0.21323961,1.259686,1.1739851,-0.2938659,-1.0014999,-2.3921478,-0.8819914,1.2661097,0.27354184,-1.4922374,-1.0434041,0.08574385,-0.0044448315,1.86516,0.44107577,0.3274511,-0.62627965,-0.32242545,1.4864945,-2.1159034,1.5022472,-0.08231104,-1.63024,-1.582084,2.962032,0.9153379,-0.29486006,-3.0165439,-1.8421654,0.92496145,0.7678571,2.1910906,-0.95817184,-0.8574562,-0.36411327,0.14750521,-0.34530836,0.43415734,0.9116832,-1.5113289,-0.31177965,-0.78831923,-0.92714405,-0.032450754,-0.97595435,-0.99605167,0.096916124,-0.2547251,0.20822044,1.0999047,-0.31705946,-1.3550932,0.9769064,0.85333985,-1.0556049,-0.61627764
P39656	-1.762172,0.6992516,1.7635646,-0.9677286,1.63415,2.4479685,0.2744344,0.84924257,0.49159953,-1.4823112,-0.088013336,0.7536814,1.1747174,-0.16844334,-0.041931156,1.81554,-0.2685369,-0.94583094,1.9341878,1.4102948,1.0363101,-0.26622167,0.57146615,0.48887306,-0.74596584,-0.08078739,-1.2220917,-1.523487,-2.3637085,-0.69031495,-0.30766055,1.137841,-0.08363337,1.2886281,0.02255281,-0.4065891,-0.023549957,-2.5751328,-1.9454355,0.4379758,0.7541662,1.7890135,-1.8838805,-0.6503033,0.2683332,-1.0246011,-0.30641717,0.34885293,-1.3291602,0.86841476,-1.254389,1.236991,-2.6446753,1.6207757,-0.23613547,0.06071341,-0.26782507,0.24790585,0.5752214,0.38753816,0.5987944,-1.3799444,-2.0293026,1.1519871,0.00857563,-0.9273347,1.0252455,-1.055358,1.9605457,-0.06839058,-0.12736091,-1.3458135,0.3170182,0.99630404,-1.9437993,-1.1095403,0.14124978,-0.33922076,-0.6491755,0.20628345,-0.16366228,-2.645165,-2.4470704,0.86749554,0.287188,1.4691532,-0.91070426,-0.79690105,0.85260403,2.0653317,-0.6345053,-1.1449677,-0.19437304,1.4875425,-0.7109356,0.2245341,1.8819071,0.9262848,0.6851882,-1.9324266,1.2471107,-0.02099732,0.6301313,-1.1070042,1.7509853,-1.2135608,0.005563568,-0.28388196,0.62198806,0.93318325,-0.17347993,1.5246671,-2.5655997,1.584748,-2.3467674,-2.0533667,-1.1086594,-1.2784567,0.33500245,-0.7033437,-0.6030495,1.6783352,-1.1542695,-0.79605687,-1.2464572,0.4901873,-0.7093964,0.4119353,-0.32802448,0.3404343,0.08655441,-1.5096899,1.0958681,0.022414304,0.9870303,0.8930714,2.4299242,-0.6775159,-0.33046046,-0.1649165,1.3304605,-0.8225643,-1.2576852,0.65525234,-0.8750737,-1.2156637,0.68075514,-0.97572464,-1.4908816,0.78572404,-0.38155213,-1.5414598,-1.9176843,0.30382943,0.29420674,1.0718929,0.5635082,1.9263828,-0.8889348,0.8597318,-0.42365083,-1.7093817,3.300488,-0.73713887,1.6231722,-1.3194786,-0.7926673,-1.3134966,1.7221022,1.8855959,1.1755879,-0.64633244,1.0503383,0.38046888,-0.036871787,-0.2776805,2.6053872,1.2000612,-2.7298713,0.09644427,0.43677106,-1.4224578,2.1105638,-1.2504983,-0.063205525,2.4503605,0.41775665,-1.2906796,0.93258375,-1.164379,0.5949433,-1.5800251,0.58668673,1.6310824,-0.28171292,-2.0556762,-0.53912616,-0.2510668,-1.9345515,0.65428334
Q9UPM8	-1.7197913,1.0156617,2.0559707,-2.836899,0.02828881,2.3721728,0.15133509,1.4584839,0.5355381,-1.036563,0.95188427,-0.2706299,-0.11255248,-0.13934967,0.3857791,1.1644936,-2.0365777,-1.9441903,0.3735629,0.8467384,0.19088593,-0.0018828362,1.992615,2.4285145,2.0271964,0.54761934,-1.7159094,-2.327644,-2.0621107,-3.1415005,-2.4541922,1.0593439,-0.9942087,2.2614179,0.3157584,1.3153569,-0.12373112,-3.199354,-1.6916755,-0.8677188,-0.19623134,2.8778281,-1.1221993,-1.8342496,0.42853832,-0.92095375,0.17447355,0.83452296,-0.8548852,-1.0917934,-1.2382692,0.5278293,-2.645985,1.6414926,-0.6939733,1.474476,-0.3987805,-1.6273236,0.8567443,0.44069657,-1.9976062,-1.9312341,-0.87318665,0.58631545,-0.8521966,-1.8808317,1.5682648,-1.4587855,1.4827744,0.38482934,0.90323406,-1.6854564,1.6600848,2.298586,-2.586688,-3.298948,2.5502367,2.0046856,0.18962008,0.21174073,0.86872417,-1.7296873,-1.7221246,1.2213048,0.16739637,2.5087488,-0.22588177,-0.97240907,0.72501284,1.3869058,-0.96179146,-1.6631925,-0.382106,0.08701094,-2.2437365,0.47217488,3.7963867,1.5403775,0.46243536,-2.7236156,-0.080717646,-0.84228104,0.521593,-1.755034,0.7846912,0.57382315,-0.28212747,-1.0695404,0.48833784,0.24665189,0.039227627,3.0183835,-0.9384657,3.1154978,-2.722589,-1.9296433,-1.3875238,-2.313888,0.09661883,-1.1145852,0.32246906,2.9695675,0.060582653,-1.0368124,-0.09582774,1.0471933,-1.0081676,-0.10841599,1.0432397,-0.1278801,-0.6985678,-1.8564321,0.50097305,-2.889385,1.103068,1.2008165,0.44306254,-0.76442295,1.207172,-0.45232067,0.03582618,0.27221176,-1.4405136,-0.002333335,0.7523907,-1.7466797,0.028603198,-1.4332268,-2.206007,0.2884862,-1.2246647,-1.6117394,-1.0874002,-1.5943683,1.5917194,1.2277015,0.098073326,2.232485,-0.63761914,-0.24936438,-0.24717757,-3.005379,2.8532357,-1.9901868,1.7029964,-3.0442507,1.2018677,-2.4544575,3.5847602,2.2598155,1.0074189,-2.4246843,0.016179599,0.79205376,-0.8271262,-0.44344607,2.4215686,1.8120779,-2.026743,-1.4409784,1.2814093,-2.4195232,1.988831,-1.0788345,0.37192836,0.83334386,-1.1534078,0.14785044,0.69192326,-2.8551874,0.78805906,-3.067333,1.1045836,1.5865834,1.0330504,-2.6033404,0.10145637,1.0937489,-1.3866532,-0.42703405
O43307	-1.1064385,-0.20626195,0.6357168,-1.1377009,0.4379119,1.3229893,2.4544227,1.3474714,0.16097315,0.67602223,0.42732146,-1.1020441,-1.0043362,-0.9738042,-0.8820316,1.0794876,-0.29589534,-0.85470146,0.24781793,0.45560133,-0.075706065,1.3995577,-1.1325938,-0.5278751,-1.376859,-1.0038236,1.2907941,0.10980895,-3.2218955,0.25041872,1.543208,-0.6325622,1.0546271,-0.48526224,-0.39792222,0.4302593,-0.025452282,-3.0582132,-1.1573769,1.2423819,1.790095,1.8907719,-2.6103232,-2.3219585,0.33949757,-0.501666,0.8292923,-1.6227417,-2.6992073,1.4655371,-3.0717618,-0.52990204,-0.94827473,2.0087922,0.25314695,1.9398184,1.8770301,-0.15041058,-0.4355283,0.10198909,-0.15704219,0.2881182,-0.13983576,0.6899414,-0.90984595,-1.1876334,1.2343459,1.9935992,-0.28662935,-0.73994386,2.4992104,-2.057276,2.5869386,-0.7622227,-0.3213006,0.5270367,0.51362395,-0.8512199,-1.3318149,-1.1666903,2.3099978,-0.27480337,-0.77375287,-0.27470294,-0.29983786,-0.14054598,1.219803,-0.8611956,1.839718,0.16055109,1.0606422,-1.667377,1.2459298,0.0826011,-0.21093673,-0.30628544,1.2406503,0.37606028,-0.13590936,-1.8682541,1.6069632,0.5893202,0.08246474,-0.28709233,-1.143063,1.0425074,-0.09430596,-0.55635,-2.2446213,-1.2472489,-0.42394847,0.09717974,-0.9989438,2.3253868,-0.560603,-1.1931967,2.9111497,-2.6468384,-0.66528255,1.0767866,-1.0156811,-0.95945555,-1.0943395,-0.816892,1.0968442,0.06822339,0.7290236,1.1528934,-0.8062885,1.399826,0.8454177,-1.4973819,1.4275142,-1.322313,3.744427,0.51348144,1.6373729,0.13969058,-1.1320673,1.4916786,-1.5054228,0.7635672,0.75428087,-0.9321142,-1.0000615,0.52100575,1.5112168,-1.2225934,-0.35778564,-0.49682426,1.5050495,-0.46943906,-1.2221923,-2.1999507,-0.6527519,1.7503432,-1.5542247,2.3064861,0.3197523,0.7289148,-0.89481425,-0.57425386,1.5958831,-2.851364,-0.3225372,-2.0284784,0.19285452,-0.2890053,2.2467568,0.40914744,1.4585769,-2.9354994,1.5064684,-0.06322545,1.5960237,-0.14775711,-1.4276944,1.0814636,-0.97820103,-0.2345999,-0.013393399,-0.4602314,0.82011795,-0.94038457,0.3019918,1.9176196,0.44298056,0.33816013,0.36285058,0.33037367,0.47393212,-0.30400145,0.16756321,-0.39675406,0.39056435,-0.5023451,1.002264,0.79045385,-1.5609549,-0.11958495
Q9UQR0	-0.30008098,-0.4177115,0.3406202,-0.65154415,-1.6571226,-0.74828786,-0.9558343,1.562683,-0.016753534,0.44658569,-0.9307871,-0.6655333,-2.5196593,-0.2912027,-2.4070659,0.39074638,-0.12759183,-1.2056571,-0.18060887,0.11380111,1.2783735,-0.1369591,0.29554754,0.70060617,-0.43889606,-0.9496301,0.6772849,-1.2650433,-3.9412506,-0.61582935,0.096644334,-2.045179,0.2769265,-0.1605972,-0.64453495,-0.46388242,0.33997208,-3.4403017,-0.97976816,-0.6505388,1.4760433,3.3375123,-2.8620317,-1.6128691,-0.029506523,0.59134394,1.1925889,-1.1171982,-0.07419894,0.82806236,-0.57163656,0.33288977,-0.20303294,1.0718565,1.3838782,2.0512807,-1.3808312,-0.48151508,0.94810486,2.096718,-0.8102699,-0.041749083,-1.0667559,1.9639839,-0.28218892,-0.3055262,-1.3219495,-0.22047688,-0.4012609,0.19165716,1.4794041,-0.31504723,2.998825,-0.3281786,-0.3585871,-1.4341745,-0.37091416,-0.26755983,-0.13221918,-0.814249,1.2053958,0.5995783,-2.1976645,0.009177332,0.111439385,-0.99455625,-0.05006194,0.11440209,0.3600139,2.304701,0.30008167,-1.2406497,-0.76174873,-0.5782415,-1.1715916,-0.17979279,1.486479,0.33756378,0.63700587,-0.8038318,0.3591679,-0.3081084,-1.6224576,0.071458094,0.28318748,1.387124,-0.8780797,-1.4057223,-1.5256668,-0.9703869,-0.22576758,1.779427,0.4947615,2.1631153,0.74209833,-1.8304896,1.6595854,-1.0828432,-1.9632351,-0.48809597,-0.592327,0.7642116,-0.780108,-0.3449418,-0.64383286,0.3262098,-0.0036593315,-0.38335997,-0.4104552,-0.7099601,-1.0151072,-1.6547666,1.9281932,-1.3945043,1.9686224,1.613395,1.6830553,1.3133425,-0.40562305,1.8500404,-0.046095595,1.2342016,1.6233488,-0.28916934,-0.29953688,0.63156676,1.2582986,-1.4457076,-0.27174282,-0.5739676,0.046066847,0.16920611,-0.092300534,-1.9612806,-0.24702355,0.26208708,-0.22103608,2.168824,0.65296906,0.2632287,-1.1014861,-0.67705685,2.328417,-1.8773646,1.8350872,-0.6422517,-1.2758799,-1.6387128,2.2395272,0.9163145,0.13441339,-3.2111702,-1.7534857,0.41828755,0.96831924,0.7509371,-0.24406986,0.2191356,-1.0585364,0.27082735,-1.2475332,-0.04620495,0.76362854,-2.3182983,-0.028085494,-0.28255358,-2.2553349,0.106015794,-0.8923638,-0.07801719,0.27636155,-0.8704159,-0.124729805,1.4048014,-0.056218874,-1.5229926,1.6710714,1.3991888,-0.97746634,-1.2941022
P51805	-0.7129752,-0.16149664,-0.39446482,-1.3779355,2.0999517,2.5179822,1.4985725,1.1991849,-1.3026932,-0.34288612,0.6059771,-0.85842544,0.42071357,-0.45888907,-0.67596227,1.5254878,0.3989145,-0.8968966,1.5871409,0.84746647,0.24150988,1.0135882,-0.9017505,-0.76565486,-2.270431,-0.8361993,-0.66117203,-0.6571722,-3.7417896,0.41169557,0.7325658,0.61674666,0.8601016,1.1894594,0.73748505,-0.7312948,-0.42024243,-3.7008853,-2.3720353,1.2492629,0.06736878,2.083213,-1.8714253,-1.815512,0.29204983,-2.238334,0.017360296,-0.9913439,-2.8392828,1.8001153,-0.16574168,0.99326205,-2.3157926,0.30346277,0.22560701,-0.17310356,1.1847531,-0.13977766,-0.7919368,0.85302836,-0.967121,-0.8128315,-1.8775654,1.9226428,-0.28410763,-1.3471711,1.0907625,0.7656442,1.333194,-0.28004324,0.6236707,-0.8659449,-0.23498829,-2.026229,-0.54067695,-1.4486341,-0.5742483,-1.5482637,-0.37078524,0.8148053,-1.0082824,-2.270844,-2.0764785,0.46545655,0.2923742,0.9613891,-0.2962513,-1.1871753,0.81380826,2.451412,-0.7427327,-0.66787,0.010108567,1.2232678,-2.2032506,0.09244838,1.8219433,1.767505,1.6550543,-2.1365786,0.6819888,0.400776,-0.06002633,-1.7449833,0.42791298,-0.5351973,-0.39011285,0.57584953,-0.19826972,0.6692179,-1.0337952,1.0934961,-2.1887147,1.6824354,-2.0732477,-1.4343429,-0.4383699,-1.0421017,-0.60175043,0.026413154,-1.4142339,-0.03513592,-0.8068638,-0.13908212,-0.17164554,0.099002644,0.45282212,0.97694427,-2.270878,1.2131535,0.036050957,-2.0003328,2.5120487,-0.03917721,1.536794,0.40381163,3.503941,-0.39949596,-0.5807243,0.4181365,0.92951894,0.41525453,-0.4528866,-0.29597047,-0.41307557,-0.41661742,1.8680382,-0.96198255,-2.0838292,0.7659604,0.30260277,-1.2765409,-1.4583,0.9076851,-0.33075023,1.7971561,0.8565771,0.9094576,0.3968361,0.6599414,-0.16811842,-1.6701113,2.3198965,-0.75163144,-0.15688692,-1.6083326,-0.27887347,-0.52071065,0.71329755,1.0775977,1.7225542,-1.4596052,0.9990331,0.02348374,2.0673327,1.2455105,1.0905846,0.54479766,-1.7545624,0.9480067,-0.59450465,-0.6557571,2.187457,-2.4340868,0.9398395,2.5426638,-0.41434765,-1.7142256,1.1623536,-0.9608999,0.8024972,-1.3441019,0.917718,1.509791,0.62410057,-1.8690939,-0.09700661,1.0773069,-3.3062234,0.66685724
Q9Y678	-1.6223155,0.8603591,1.6544756,-1.6932598,0.44839492,2.023024,1.2026924,0.7275289,1.1469707,-1.0580472,0.21218076,0.39443377,0.61605436,-1.1748648,0.40396234,1.2668818,-0.47712278,0.09762301,0.359285,0.36405006,1.3836176,0.32847947,0.7222597,0.8367413,0.86743444,0.45727703,-0.25536883,-0.7637669,-2.6649156,-2.672509,-0.8514859,0.39965403,-0.6036774,1.7173017,-0.43604982,-0.17928334,-0.8694239,-2.4885406,-1.726627,1.5075471,1.9647146,3.7687488,-1.3372104,-1.0230039,0.91897887,-1.3269638,0.23831923,0.5219204,-1.6050538,-0.42246595,-2.4406793,1.0126863,-2.1006153,0.7534061,-0.40969434,2.1155913,-0.25149387,-0.5128934,-0.5330358,0.116474494,-0.42969435,-1.5684749,-0.93704784,0.56520116,-0.39707813,-0.80305517,1.3259405,-1.571058,1.0238459,-0.8735612,1.5262864,-1.4536576,1.7079607,1.7968022,-1.6391858,-1.4232166,1.0585281,0.7574885,0.5668207,-0.21647924,1.8016522,-2.186043,-2.2669528,1.191834,0.45845968,-0.052698653,0.35500675,-1.111944,1.1387519,0.3256108,-0.46200058,-1.0828104,-0.35284197,1.1703132,-1.1840761,-0.2566451,1.9122726,1.4425366,0.99078935,-2.2299051,0.92023075,0.19622757,-0.04411029,0.47115412,0.22180027,-0.8239458,-0.6243881,-0.5036466,0.08835447,0.46441162,0.6411237,1.7396482,-0.8476677,2.571104,-2.1237733,-2.164427,-0.37177265,-1.7538998,0.6226674,-0.64279395,-0.38359955,1.6308458,0.18351132,-1.0746839,-0.9551054,-0.7830622,-1.205829,-0.24794298,0.4081728,0.907294,-0.24464834,-2.1844795,0.2214967,-1.9197699,2.3031104,1.2722048,1.1315647,-0.13287011,0.31699088,-0.05493615,0.048466537,-0.6317246,-1.0344446,0.41197482,0.033473622,-1.817533,-0.42373195,-1.4711801,-0.21756785,-0.14988182,-0.079296425,-2.1857204,-1.0671566,0.021967636,0.7786089,1.5188916,-0.299057,2.6638846,0.19147807,0.09542353,-1.4227976,-1.0666423,3.7990415,-1.6318259,0.9197164,-1.766754,-0.11022449,-0.9847338,3.3110285,0.49366066,1.764171,-1.4442936,1.6331012,0.17041506,-2.1953313,-0.70545316,1.8334144,1.8724625,-1.9412118,-0.19578795,0.883813,-2.1727104,0.55847526,-2.0011873,-0.5328881,1.9812644,-1.0851537,-0.45545778,2.2456803,-0.83967525,-0.037383016,-2.4856513,-0.4801039,1.717585,-1.3979062,-1.5458416,0.124903314,0.87775093,-0.91769785,-0.19992913
Q08431	-1.4159683,0.62107533,0.23620416,-0.41006324,1.9145671,0.84068763,1.0298997,-0.30916822,0.91605884,-0.8937571,-1.3073537,2.0425465,0.8834843,-0.4149061,-1.7226006,1.8731343,-0.7875388,-1.9886963,2.3764415,-0.14513549,2.2863376,-0.025886664,1.5282162,0.85033196,-0.6898939,0.406937,-0.18946801,0.3717373,-1.5283092,-0.29809222,0.9063526,-0.16633558,-0.5873646,-0.2622848,-0.55932206,0.9724156,-0.04931518,-1.7137102,-1.8435398,0.9760927,1.5556631,1.6281188,-1.3340728,0.008228689,-0.407331,-0.9996279,-0.21474984,0.901193,-1.2667364,0.44895896,-1.1329988,1.1683321,-1.8324149,0.6725934,-0.73040336,-0.3201164,-1.3817881,-0.09106249,0.15932672,-0.24845336,1.5382357,-2.0155208,-1.3353069,-0.16550972,-0.63956475,-0.13708527,1.6637511,-0.19875613,1.3483809,0.22896329,-1.1193216,-2.7477229,1.0460832,1.663549,-1.6622602,-0.1363133,-0.7934149,0.51864064,0.45706546,0.30494934,-0.6232098,-0.08365397,-4.0027976,0.67226267,0.34823632,-0.20364681,-0.3369814,0.23318729,-1.2621279,3.096932,0.10346642,-1.5022542,0.5329152,1.3227295,0.42831215,0.61054784,0.7209335,1.0749528,0.24849133,-1.9999791,-0.68865335,-0.49308914,-0.93141735,-0.52524966,0.23826091,-0.76968837,0.9301951,0.041597117,-0.83577925,-0.14220475,-0.18614584,0.82988197,-0.87589175,-0.23986211,-0.55316705,-0.74319196,-1.6836096,-1.5880995,-0.35788965,0.6665906,-0.14621812,1.7551914,-3.5042627,-2.330414,-0.44257239,-0.56006986,-1.809775,-0.5374986,0.072074436,1.5258774,-0.6570173,-0.1975427,1.916873,-0.63518345,0.8844922,1.0552863,1.7593191,0.06953913,0.045329105,0.63756204,-0.7152632,0.42215666,-0.093318015,-0.5321953,-0.42536658,0.7547808,0.5696637,0.49202552,0.24915904,-0.3849817,0.28158748,-0.05626815,-2.5506613,-1.11799,1.5440421,1.3315743,-0.6305342,2.256683,-0.78763217,-0.33674872,-1.1143568,-0.49958,1.5043285,-1.779583,1.151465,-1.2485306,-0.9089338,-0.4892109,2.3597252,1.9479164,0.18222493,-0.39452827,0.48707888,1.0540264,0.62335336,0.63401693,-1.102263,-1.1857502,-1.9553928,-0.740361,-0.44706342,1.1144764,1.6379361,0.0497366,-0.18861926,1.5380021,-0.27330863,-1.238521,0.085374355,-0.7939051,2.718121,-0.78474575,1.2710296,0.96705467,0.019256061,-1.5893424,1.2922357,0.89331824,-1.22019,0.32393178
Q14566	-0.3606749,-1.5628393,-0.5521933,-0.72387916,-1.076122,-0.84047097,-1.3733816,1.1077087,0.30040127,-0.8253785,-1.0274526,1.0485682,-0.55050194,0.5012919,-1.7476677,0.6267938,-0.502794,-0.95909107,2.4820793,0.09290631,-0.26844162,-0.57570535,0.48706388,0.4255143,-0.0030023176,-0.08873272,-0.67485946,-1.2922729,-3.5265698,0.68172175,-1.3592604,-1.0185449,-0.02661963,0.44953185,0.9286361,-0.1977624,0.6220477,-4.078128,-2.320441,-1.1250128,1.0706902,2.8993237,-4.1486535,-0.43003866,-0.76250786,0.63985145,0.37651467,-0.63671565,-0.061827622,1.6067903,-1.0508553,0.63482755,-1.1942004,2.5203187,1.0426413,0.14695676,-1.8189043,-0.72668886,2.0481343,0.1755365,-0.40103614,-0.25033632,-1.3124801,1.4845423,-0.26609996,-1.0586632,-0.48933157,-0.5628857,1.1518458,1.3410704,-1.6435962,-0.2752183,2.3764956,0.1718373,-2.732342,-1.4137625,0.33026186,-0.4094448,-0.32027626,-0.8273561,1.0843946,-0.34577784,-2.46248,0.15482505,-0.057176534,-1.4239694,-1.2747978,-0.7132444,-0.9748259,3.7627158,0.8509142,-2.267313,0.28234392,-0.18840712,-0.2298066,0.76089394,0.7843859,-0.83661544,0.5673161,0.39859718,0.54164004,1.1092832,-0.61955065,-0.37035042,-0.1831563,-0.014114451,-0.027374636,-0.779343,-0.95249885,-0.16290748,-1.1649135,1.9795871,-0.6733565,1.9717612,1.523692,-2.08175,0.58436644,-0.4008449,-1.6573589,-1.6810639,-1.1342897,1.3618778,-2.6870675,0.14667869,-2.0006473,0.080867566,-0.36091015,0.54792243,1.1593007,-1.6346307,-1.2960331,-0.41388056,0.9884581,-0.18849158,1.9780446,2.1948023,2.006345,0.42760965,-0.9315781,0.11052073,1.4300997,1.0037639,1.902108,1.6485066,-0.7062086,-0.28183356,0.60042125,-0.10938889,-1.5965792,-0.5201302,-0.43067718,0.8311579,-0.49332368,0.06141121,0.83853996,0.37887886,1.0127618,2.2545528,0.590225,0.3860694,-0.99374336,-0.17131373,2.8449776,-1.7518569,2.7292347,0.75024307,-1.1526182,-1.7103956,2.9482586,1.5615857,0.60105777,-1.0873808,-0.9664916,1.7324101,-0.20198008,0.3471571,0.77876097,0.13139476,-1.7171242,0.6616585,0.748518,-0.063885026,0.85814196,-2.4099786,0.17184304,0.15392973,-1.7366477,0.747812,-0.53891975,-1.2089248,0.124690905,-0.2536049,-0.09720599,1.4380941,-1.8887937,-2.107954,0.86094785,-0.2518357,-0.5576544,-0.52531284
P78509	-1.1773111,0.084901996,-0.025872778,-0.3263775,1.4396663,2.280858,0.5678133,0.99920994,0.644162,-0.3643131,0.0044510467,0.32074156,0.28569627,-0.34164205,-0.5475882,2.2942855,0.8661267,-0.77235323,1.4869914,0.43129775,0.6102501,-0.11748081,-0.61593723,-1.2196771,-2.5399282,-0.11836384,0.97786677,0.04288641,-2.2114463,0.27356452,2.0332274,-0.5914913,0.52039135,0.2886353,-0.21689221,-1.0711676,-0.19555975,-2.0374389,-2.7864645,1.6037676,1.364018,1.746663,-1.7506933,0.009392491,1.1373569,-1.7307348,1.1689358,-0.28579503,-2.6492414,0.5912786,-1.0428082,1.3311248,-0.9115525,0.40350166,0.5793126,-0.2745076,0.2024416,-0.18946816,-0.3229164,1.2191987,0.55579156,1.2078073,-1.49297,1.1296656,0.95745635,-0.8374107,0.26939312,-0.061206818,0.923142,-0.437406,0.6613289,-1.988509,0.21980324,-0.8722249,-0.8893381,-1.1331688,-1.0413902,-1.557258,0.13301057,1.4289418,0.11624451,-1.0560378,-2.7761955,-0.846941,0.6434123,-1.1278441,-0.5009748,-1.2172738,0.5345504,1.5932428,0.6318004,-0.5475472,0.8420054,1.6372042,0.36027396,0.2704968,0.61692154,0.06659723,1.8990952,-0.8395706,1.1911855,-0.122158915,-0.62962794,0.25941315,-0.6314524,-0.82112795,-0.6980445,0.17336991,-1.0894951,-0.053382523,-0.9628803,1.1382588,-1.1840856,0.94307464,-1.2043158,-1.0910405,0.19963892,-1.076901,-0.99063873,0.026206978,-0.5583727,-0.0005701281,-1.5793221,0.11106496,-0.9578287,0.8978198,-1.4751674,0.53299654,-0.8620039,0.62463397,0.17857979,-1.0760301,1.9695357,-0.71925247,2.0599535,1.4779025,2.9424522,-0.29944432,-0.6262346,0.49266583,0.5909014,0.9065509,-1.1044455,-0.71429056,-0.34869233,-0.24095687,0.6909002,-0.2520747,-0.331219,-0.93443257,1.3483688,-0.6517824,-1.051305,0.61346,-0.107647106,1.4047116,0.028506972,0.8642121,1.3105295,0.3796732,-1.3196211,1.0248526,1.2540541,-1.3712566,0.7773177,-0.36161312,-1.6862265,-0.42743093,1.1036047,0.20422724,1.5201733,-0.17408304,1.8441392,0.035314016,0.7847055,1.0830613,0.19313249,0.08024394,-2.0896382,0.9261725,-0.28051445,1.4094925,1.3393548,-2.0299969,0.111874,2.3016582,-1.0759978,-1.005489,1.1473002,-0.0039379406,0.7578326,-0.33042938,0.5107867,1.418705,-1.171245,-0.7866059,0.7210694,0.62355965,-1.5944178,1.2998489
P07996	-1.1352714,0.86561316,-1.3499621,0.0062129674,0.7665094,0.6665957,0.8899789,0.52671736,-0.25908822,0.04702192,-0.9450861,0.6680935,-0.10449867,-0.8400324,-2.61215,1.3743522,0.7432065,-1.0059413,1.0273968,-0.23922123,0.95667547,0.6527738,-0.66866034,-0.07521883,-1.6578946,1.1485771,0.7861795,0.25563443,-1.9758819,-0.08344917,0.8294619,-1.3176606,-0.49434075,-0.49815714,0.112833135,0.3905419,0.16706596,-2.0625234,-2.2571888,2.1456335,1.4079174,1.9031299,-1.0823332,0.32921892,0.82793885,-1.265474,1.0840299,0.32262444,-2.4425397,0.37152192,-0.82593226,0.7906079,-1.377402,-0.36085582,-0.29744348,0.35970408,-1.5849327,0.20391251,-1.0263652,-0.009389759,1.1464016,0.2965949,-0.66734624,0.91039985,-0.11762003,0.24538656,0.7751785,0.45026043,-0.425423,-0.045206636,-0.19799753,-1.8540252,0.7887221,-0.57537293,-0.37910515,-0.97331434,-1.3051609,-0.68131536,1.4452626,1.1248477,0.09715181,-0.13402264,-2.844865,-0.25248662,-0.43798622,-2.4291198,-0.1296611,-0.91110414,-1.2768564,1.0917913,0.31475732,-0.9705345,0.6652371,2.0412426,-0.35570848,0.53771096,0.8114508,1.4504256,1.6386502,-0.5185661,0.17311649,0.5889876,-1.8078929,0.18355899,-1.0573565,-0.93613666,-0.3809619,1.1729908,-0.75288874,0.0853317,-0.6006743,0.3249651,-1.0782539,-0.039787836,0.41328955,-0.30899003,-0.600103,-0.97635335,-1.413421,0.43958667,-0.3338174,-0.1584108,-1.8579298,-0.1736608,-1.0700003,0.9668203,-0.30917507,-0.024836633,-1.0723728,1.3573742,0.65631276,-0.96763843,2.3445606,-0.3887007,1.1888872,0.5067281,2.0830302,-0.698795,-0.39244145,0.93448323,-0.8671979,1.1211603,-0.3425378,-0.40536842,-0.45120606,0.96825,0.59453326,0.6948237,0.35662395,-0.8603012,1.169522,-0.26817527,-1.1095088,1.4255991,0.10962285,0.61833143,-0.94830585,1.459053,1.003396,0.39499262,-1.8023698,0.788742,1.0246792,-1.3376067,-0.0049551013,-0.41830808,-1.7486769,-0.32328716,0.8678457,-0.51296055,1.7532722,0.037859228,1.2019987,-0.6451268,0.35067353,1.0455006,-0.4886059,0.22811854,-1.7171423,1.209057,-0.22657725,1.5869491,0.8203658,-1.4052953,0.6607804,1.6397336,-1.2318418,-0.6416598,1.5672495,1.1899555,0.8061624,-0.3463636,-0.4742631,0.06696877,-0.3210791,-1.3580041,0.7550701,0.7048768,-0.77803713,0.50323397
O00541	-1.0694013,0.9738119,0.23556799,-1.5710049,-0.8947521,-0.32223883,0.38070685,0.6851713,1.2499788,-1.1892589,-0.34853068,0.48371723,-0.4965714,-0.2553542,-1.3548008,0.1016512,-0.86857706,-2.1494248,0.9953551,1.1629909,1.9309529,1.6433808,0.5793372,3.3430123,2.1985502,0.43395275,-1.4356496,-0.3707934,-1.8625729,-2.27846,-2.5911307,-0.45915726,-0.9987733,2.0320222,0.9249062,1.0525172,-0.06618576,-2.633356,-1.2108817,0.26663232,0.4140744,2.3548162,-2.2203524,-0.45204926,0.14961019,0.65307045,1.1469082,0.6399424,1.2714868,0.39009848,-0.91758245,-0.49009642,-0.9501832,2.93313,-1.3596381,1.9429456,-0.98598725,-1.9067898,1.243273,-0.06199774,-2.643989,-0.9405402,-0.70590645,0.8454212,-0.46162805,0.04248356,-0.16708522,-0.37514707,-0.35360494,0.6172216,-0.85518426,-0.48387516,0.48228833,0.6834658,-1.6252828,-1.6102554,1.3421661,0.26599142,0.13732211,-1.1700913,1.8753784,-0.9881616,-1.7628478,2.0108876,-0.26681376,-0.50903624,-0.18185338,-0.9683974,-0.31654733,3.5531428,-0.07232675,-1.3466417,0.23357978,-0.8703719,-0.59554183,-0.2832462,1.7413265,0.6052718,1.1964508,-1.5673552,0.40492973,2.311296,-0.5634047,0.70695853,0.016495124,1.0041167,-0.10416297,-1.1811591,-1.3980652,-0.6110184,-0.15459195,1.3015312,-0.38738686,2.908979,0.7527942,-1.7496625,-0.7431631,-0.07248978,0.33277738,-0.69873166,-0.94049644,1.198329,0.39913815,-1.0303216,1.3153179,-1.1344823,0.030220667,-0.9150708,7.3708856e-05,-0.43437853,-0.082463264,-2.0558133,-0.26750606,-1.6404101,1.8192451,2.707604,0.38722512,-0.3429776,0.018226843,0.5706102,-0.96727467,-0.12516503,0.04897184,1.4959987,-0.6767636,-1.4064056,-0.199289,-0.6587986,-0.7159672,-0.17803448,-1.617014,-0.33707368,-1.1386516,0.025399618,0.8342303,0.4829993,0.36705452,1.8589742,-0.7838623,-0.79656523,0.021052396,-0.8180734,2.5075743,-2.1026595,1.4827285,-1.6633617,-0.30716118,-1.9357412,4.098448,1.3094233,0.79718494,-1.8984436,-1.186657,1.0348854,-0.8983269,-0.029426364,1.5892678,-0.5307546,-0.66327935,-0.3029961,0.7204616,-1.3426855,-0.9229255,-1.3894815,-0.60016096,1.2687968,-0.7458989,-1.8365624,0.2220871,-0.6434459,0.0949199,-0.58301127,-0.9013404,0.82019955,-1.1520052,-0.72830933,0.0026430453,1.9918673,0.9967731,0.5069463
Q9HCB6	-0.60526985,-0.41911134,0.49641454,-0.8741682,1.1402156,-0.44518206,-0.9022883,-0.1134267,1.6560817,-1.355575,-2.537606,1.2999749,0.5694045,-0.84363425,-2.337752,0.6040586,0.27628273,-0.9099772,3.2714705,1.1288717,2.5320523,-0.440922,0.16023873,0.46231714,-1.2402825,0.67401016,0.46716,0.28603563,-1.6839801,-1.1976264,0.65566987,-0.031055871,0.17228697,0.119785145,-0.6978753,-0.20413315,-0.12214738,-2.0762,-2.0273945,0.5324749,1.9130142,4.456495,-1.6167399,0.6880103,-0.59101695,-0.8825278,1.6144797,0.22912817,0.14865541,0.5727934,-1.0228467,0.36673445,-0.9346069,0.63391304,-0.41488034,0.72121936,-1.8903406,-0.24922629,0.4429101,0.36781603,0.8626557,-0.21141502,-2.6753278,1.8657458,-0.9429249,-0.6102365,-0.19446036,-1.6899778,0.8201435,0.08381221,-0.7988803,-1.2426717,1.341298,0.036846958,-0.061199505,-0.76275444,-1.5500294,0.36674297,0.75811285,0.58310765,0.56487286,0.21330267,-4.224907,1.2847178,0.3256964,-1.2397767,-0.7729819,0.026198661,-0.41356757,3.442356,-0.0043481425,-1.0614678,-0.7855085,0.7600316,-1.3271587,0.6795921,0.49663076,0.4588654,1.6189585,-0.98714787,1.172168,-0.70529616,-2.2470093,0.39818007,-0.93313134,-1.7406964,0.28587127,0.39814502,-0.17769088,-0.9736821,-1.03339,1.2666898,0.06320055,0.90782,0.12306249,-1.7255659,0.71556276,-0.19931684,-0.081295036,0.32153416,-0.23365319,2.636423,-1.8443909,-0.7969783,-0.78860086,-1.4614003,-1.6661253,-0.98812646,-0.07445684,0.31114277,-0.7242499,-0.61243474,2.8060865,-0.45461687,1.1597044,1.9124135,1.8890576,-1.1481844,0.17619054,1.4452481,0.41298172,1.5995275,0.0779151,0.98998904,-1.6558509,0.2618892,0.63013685,0.5517457,1.9003028,0.4535869,1.9733392,-0.5066387,-2.3327787,0.8151308,1.5202769,0.34172088,0.0019925951,2.8268409,-0.089665554,-0.2315503,-1.0111551,-0.20740499,1.9489753,-2.4113955,2.1458898,-0.27139622,-1.4837679,-0.46865645,1.919177,1.4236971,1.0790844,-0.44872907,-0.15241815,0.37692225,0.214415,-0.77065706,0.44595245,-0.6964691,-1.5381522,0.47921076,0.10281963,1.5814266,1.1311553,-1.7082996,0.27078336,1.9374734,-2.1075556,-0.85786086,0.9465616,0.29381827,2.5531526,0.0038759508,-0.48117724,1.7299787,-1.0327538,-1.2633412,1.6097162,0.80776685,-0.4161875,0.04582712
Q75N03	-0.4491616,-0.21594416,0.6981407,-0.7753165,1.1811452,2.0773594,0.41530737,1.497264,-0.7076218,-1.0616034,0.16231896,-1.3947244,-1.170345,-0.38494858,-1.5921382,2.0235002,0.3930298,-2.4381716,0.36190858,1.571531,0.27668768,0.39227387,0.4460301,0.8675323,-0.7267682,0.07564024,0.33993158,-1.0636377,-1.4576195,1.6970284,-0.5159572,-1.1374619,-0.7347474,0.46651027,0.1805166,1.169115,0.3556136,-2.818697,-1.9509829,-1.0978339,0.4693632,1.0612855,-3.1171324,-1.0134515,-0.26508033,0.00584395,1.0345138,-0.24549377,-0.97616214,1.6400222,-0.42754197,0.3224053,-1.1541406,1.5523058,1.0776014,-0.23533364,0.7387293,-0.47457176,0.42658037,0.070482224,-0.5576916,0.5309673,-2.1481068,1.7335415,-1.3435698,-0.762724,0.49179938,1.1462859,0.63426393,0.29031777,0.1018537,-1.675517,1.1040162,-1.3737448,-0.91714984,-0.18959759,0.44979838,-1.1975282,0.038439345,0.6957322,1.1494706,-0.21457233,-1.9924068,0.2954159,-1.2007935,0.409514,0.060608927,-1.2703685,0.20917392,1.598932,-0.4698834,-1.2197024,1.6241304,0.25937444,-1.0591509,-0.024979595,1.1071012,0.045695208,1.3585997,-2.734137,0.906079,-0.9489056,-0.9486599,-1.8999296,-0.070524015,0.4201259,-0.81747353,0.6963201,-0.010725122,-1.4200267,-0.763985,0.43272492,-0.38267314,1.8811759,-0.2767953,-1.7786423,1.4915072,-0.5027375,-0.4620003,-0.34388638,-1.1720335,0.2544744,-0.3675285,0.42136446,0.23571849,0.034785483,0.8270797,0.24782957,-1.3967749,-0.03679887,-0.2375839,-1.2942686,1.6596638,-0.20151274,0.8959893,0.2254421,2.4018998,0.30561963,-1.3860743,1.078678,1.2664171,0.6846131,1.1034994,-1.1247172,-1.1398152,1.7132858,2.4832296,0.12792861,0.023404213,-0.047905385,0.91278666,-0.18303132,-1.6345943,-1.6021496,-0.42127547,0.9601065,-0.03363007,2.768705,-0.5157982,1.14491,0.6699775,-0.27967924,0.6717644,-2.8589814,0.37414002,-0.99139696,-0.5645474,-1.7989098,1.667486,1.3319858,0.044534743,-3.0270653,0.99495065,0.633968,1.7178248,0.8934121,-0.19714324,-0.3607912,-0.6536356,-0.57215554,-0.026591003,0.8457821,2.067677,-0.46267244,0.6153059,1.7341305,-0.42566854,-0.8499762,0.08000716,-1.4683406,1.1517025,0.18281358,0.34266824,-0.1737738,1.6247903,-0.22952183,0.67891616,0.6115527,-1.0613048,1.1038088
Q68DV7	-0.5773442,-0.3953946,0.15335405,-0.56645364,1.2539439,1.7970315,1.304401,0.6459323,-0.2179056,-0.59773064,0.17288765,0.04914455,-0.5311636,-0.22863238,-0.796709,2.2883942,-0.40452284,-0.7061564,0.7482069,0.80630296,0.13255942,1.2885591,-0.089664415,-0.6538871,-1.7618656,-0.6675658,0.37317896,-1.1188062,-3.1956844,0.73519564,0.6132826,-0.84187293,0.9897921,-0.5844253,-0.5708834,0.16740638,0.77815974,-2.2332697,-2.0597525,0.041575376,1.5530453,0.9744222,-2.8537383,-1.0495944,0.048745904,-0.1112783,0.8762761,-0.95611525,-2.066386,2.0140753,-1.2525642,0.9006262,-1.0366249,0.86833686,1.4518586,0.66245806,0.25608099,1.1632575,-0.39970574,0.41873825,-0.04715282,0.23384903,-0.5785753,0.66393906,-0.964978,-0.47752675,1.4601028,1.3185548,1.1212592,-0.40282017,1.7671475,-1.5393381,1.8491598,-0.25396833,-0.24841368,0.3183827,-1.4892676,-1.1968553,-0.8171352,-0.269316,0.1149995,-0.9571553,-2.3351967,-0.1561507,-0.090207465,0.040090725,-0.41194093,-1.7747899,0.55157214,1.6049607,0.5375675,-1.2104168,0.8347349,0.80736965,-0.46038586,0.53903705,0.90759206,0.62566686,0.16926053,-2.1205084,0.3320626,-0.80768144,-0.8026865,-0.36540833,1.192066,0.04924322,-0.77412724,-1.1270416,-0.32128915,0.2558119,0.22379082,0.78921807,-1.3975949,1.9068075,-0.6567436,-1.2760775,0.96572804,-1.0087671,-1.3809004,0.45281184,-1.04751,0.18265158,-1.3646497,-0.84652567,-0.9578601,-0.28016326,0.54984504,1.6417733,-0.43037537,1.2574766,-0.7617156,-1.4008824,1.8353114,0.631104,2.430453,-0.41730937,2.7153974,0.5562061,-2.4870272,0.5912068,-0.18954828,-0.5972152,0.69676125,-0.36642295,0.1597109,1.2997488,1.3869728,-0.59586906,-0.15852079,-1.0021985,0.6586855,-0.15533395,-0.2488087,-1.3638906,-0.88798875,1.4787941,0.1499874,2.2497578,0.30819187,1.1104442,-0.39379218,-0.88704056,1.8306967,-1.9540819,-0.07166953,-0.9355629,-1.1561068,-0.61311543,2.6406791,0.5320909,-0.09537547,-2.1888075,0.36851943,0.472987,0.5536146,1.9854517,-0.9713528,0.25110936,-0.62207896,0.47660652,-0.11482808,-0.5103112,2.0285158,-0.3280582,-0.07142904,1.3246454,-0.015638908,0.038029812,0.31767848,-0.73947036,0.15711512,-0.6308682,0.5692615,0.5982005,0.30097994,-1.332287,1.2006061,0.5874979,-1.2952006,-0.34742594
Q7Z589	-0.9564852,0.13531688,-0.4055201,-1.7560383,-1.1672288,-0.6171328,-0.9276338,0.54473895,0.8646201,-0.04903832,-0.6218752,0.87719035,-1.8989686,-0.037752848,-1.1991284,-0.2235493,-0.7549396,-0.7095309,-0.29048467,-0.29282987,1.254923,0.23775151,0.61268866,0.9453604,-0.3600204,-0.5310619,-0.3476247,-1.1793202,-3.9610267,-1.4008613,-0.89166254,-1.6036881,0.01202882,0.30351532,-1.0240201,-0.9833823,0.59714204,-2.139814,-1.4683173,-0.09622429,1.2475697,2.7773457,-2.8956633,-2.077897,-0.68398505,0.7221811,0.44086656,-0.09803703,-0.012876128,1.3937964,-0.71390826,0.5748945,-0.9817199,0.7494151,1.208133,2.6484358,-1.5800703,-0.70464396,0.67492634,1.238538,-1.036639,-0.8814623,-0.4076571,1.1112261,-0.18981342,-0.61565375,-0.43138987,-0.47769424,0.8750841,-0.29615363,0.6300727,-0.5589018,2.5208604,0.06787131,-0.8796081,-2.1680386,-0.29091296,0.33088675,0.6950941,-0.83250123,0.28635257,-0.45536965,-2.9075236,-0.22159703,0.0926733,-0.48911607,-0.6479955,-0.0706583,-0.10759794,2.7308748,0.12702096,-1.6574003,-0.88011795,0.045230377,-1.1614684,0.5637903,1.2965372,1.2655429,0.31823677,-0.61598736,-0.16040227,-0.012711349,-0.91530025,-0.10453453,0.68971044,0.50679296,-0.07234969,-1.3961718,-0.986092,0.59304,-0.013028158,2.5039358,-0.12370141,2.0400274,1.3320085,-1.3340312,0.24452919,-0.89753705,-1.534691,-1.1998914,-0.97775286,1.523439,-1.2799461,-0.28520572,-1.0453361,-0.46369064,0.029815277,0.3693748,0.26636624,-0.88093585,-1.6335286,-1.4303981,1.3137351,-1.6721939,2.3024368,2.1100407,1.9948608,0.8337819,-0.37381163,0.6865199,-0.41427246,1.0963222,1.2640821,1.2552058,0.5650301,-0.47497523,0.18189526,-0.9217473,-0.5821374,0.21559195,-0.6382045,-0.82798284,0.021278594,-2.0215733,0.72815436,0.39464998,0.5102555,1.8474855,0.94696635,0.5893708,-1.5208259,-0.76463234,2.704159,-1.2981107,1.2052122,-0.43669552,-0.7173288,-1.7176424,2.9343677,1.4129487,0.42380294,-2.2786758,-1.6717526,0.18182391,-0.58204,1.0869882,-0.15133764,-0.15476611,-1.0988568,0.3153683,-0.6613799,-0.5444085,0.418328,-2.085194,-0.4378947,-1.0019951,-2.4829206,0.4055026,-0.6715604,-0.21074842,-0.24409601,-1.0439314,-0.033837408,2.3554592,-0.26809496,-2.105564,1.0102757,1.5273582,-0.03338798,-1.399019
P31994	-0.92252755,0.39705792,-1.3938067,-0.7734162,2.0344167,1.158044,1.0225402,0.64458317,-0.20665689,-0.37014607,0.12350614,0.6103453,0.42979538,-0.5692154,-1.6408584,1.5419875,-0.10951184,-0.6081615,1.6802591,0.039536826,0.43496737,0.6446666,-0.2668211,-1.543204,-1.68124,0.3698189,-0.15588365,0.47903,-2.9936264,0.79803175,1.5412892,-0.31647786,-0.369788,-0.08064566,0.42041194,0.15886036,0.074113086,-1.5678571,-2.3160176,1.2731069,1.3404487,0.935631,-1.3254033,-0.5120551,0.64054954,-1.1953218,0.09262154,0.6106299,-3.4020512,1.4216453,-0.51104105,0.40186128,-2.1189508,0.13564284,-0.35857198,-0.47320744,-0.24595803,0.36280632,-0.8844212,-0.8031359,1.0814055,-0.515236,0.0031552687,0.4240408,-0.1892744,-0.964561,0.90487427,1.2863425,0.353603,0.12425369,-0.47307593,-2.0130115,0.5969398,-0.440598,-0.61017835,-0.8213727,-1.1100218,-0.05739427,1.0696033,0.9379073,-1.3623899,-1.3460034,-3.3692389,-0.29396006,1.0170221,-0.7670996,-0.48528165,-1.4021205,-1.3942726,1.5558329,0.2487949,-1.2661356,1.4871169,1.7081872,-0.98355037,0.467648,0.7083753,1.9848765,1.1190728,-1.3173233,-0.20186923,0.86132485,-0.63320273,-0.43690392,0.52812564,-0.41274968,0.32001457,0.85964346,-0.31385258,0.0817881,-0.77481663,0.88103,-1.5895876,-0.27586165,0.14196898,-0.39633784,-1.1073109,-1.2382741,-1.1009539,-0.4143282,-0.41939786,-0.45430055,-2.7142537,-1.1812017,-0.21469931,1.3310841,-0.2673681,0.7742488,-1.6410487,0.8335915,0.1803913,-0.7510552,2.3178823,0.08017539,1.3257827,0.21999563,1.829865,-0.5349793,-1.8397994,1.0219204,-0.030079082,1.3915731,0.4082884,-0.44182807,-0.39543834,0.45568487,0.70476454,0.92024666,-0.67401755,-0.35063463,0.3887793,0.057964657,-1.2936006,0.6715962,0.6162833,0.9243154,-0.65679854,0.5477636,1.7433574,0.34616482,-1.0030481,-0.12998638,1.1244518,-1.040381,0.06300234,-0.91265666,-0.62641877,-1.6034155,0.9090184,1.0202878,1.0673672,-0.34477183,1.2787547,-0.1013725,1.1101977,1.4228384,-0.5105836,-0.4936055,-2.3318734,1.1842145,-0.2303457,1.2832434,1.597163,-0.95239615,0.7627253,1.1257166,-0.27543783,-0.88891363,2.0710044,-0.4534168,0.8598086,-0.3211303,1.3803624,0.7220992,0.2199269,-1.701885,0.47588426,0.250168,-1.7284232,0.30190736
Q15797	-0.83699656,0.58444726,-1.5067987,-0.3089294,0.040803134,0.36855242,0.8697504,0.79866314,-0.31743935,-0.2580366,-0.1868982,0.47480634,-0.96141165,-0.57750016,-1.7341862,0.61733204,0.60135174,-0.60050154,-0.7462139,-0.11173832,0.7292046,1.7694352,-0.36826146,-0.22003256,-1.0653226,0.1709476,0.32297114,-0.034571853,-3.7312357,0.28967634,0.9685069,-1.2811593,0.08245469,-0.52226543,-0.5820197,-0.21077655,0.79670984,-2.1195345,-1.778715,0.48908648,1.1090269,1.4714768,-3.181626,-0.96055436,-0.44941714,0.5242522,1.0077956,0.3258058,-1.7385142,1.6258472,-0.34289378,0.54067165,-0.9249968,0.38899168,1.6087363,1.6820378,-0.4771857,0.67899024,-0.32092103,-0.36823726,-0.4285092,-0.07216575,-0.50936747,1.2502356,-0.19167733,0.055398792,-0.17605188,0.29661256,-0.088946,-0.2185169,0.20768717,-1.3308897,1.4334338,-1.0953177,-0.31332755,-0.96118784,-0.82707137,-1.1531377,1.4849211,-0.120913506,-0.3965162,-0.3841808,-2.4516387,-0.78948987,0.27055845,-1.4979612,0.017651906,-1.0213481,-0.5234796,1.1574397,0.13578734,-1.7469797,1.2897414,1.0566949,-0.65775704,-0.06850576,0.47123346,0.92038506,0.1913314,-0.6678353,-0.25295419,0.36252293,-0.9233311,-0.039081983,0.85953206,-0.025017845,0.18171676,0.5678732,-0.7781624,-0.1730142,0.27220306,0.6620526,-0.8261583,1.1592363,1.0481819,-0.4676963,0.12980333,-0.30782998,-1.2984482,-0.87010956,-0.99237263,0.22957118,-1.55111,-0.101366565,-0.8074418,0.25566855,1.239314,0.87243116,-1.072376,0.077689394,-0.26089492,-1.5910977,1.094533,-0.39056495,1.8759205,0.5016824,2.3102143,0.9219256,-1.2595958,0.79289544,-0.41803408,0.32697064,0.8808565,0.17256229,0.50537634,0.7371511,0.5633519,-0.77923244,0.07740776,-0.34456682,-0.017298112,0.0027722188,-0.16069251,-0.06797976,-0.5072898,0.8027671,-0.45389274,1.7147549,1.9121045,1.3291837,-1.0848883,0.85439867,1.0216342,-0.25778443,-0.5655343,-1.0187612,-0.7327244,-0.8846848,1.6817391,0.24925788,0.8761751,-1.4810368,-0.47100896,-0.15233786,0.37376827,1.8008041,-0.7323999,-0.43503228,-0.7195257,0.8897564,-0.50003284,0.0606058,0.5344418,-1.3307796,0.020475453,0.5036798,-0.6295631,0.7423887,0.48906592,0.09817137,-0.88151836,-0.6710634,-0.32343134,0.27238747,0.5670036,-0.7294493,0.79220253,0.44524762,-0.8371078,0.29026923
Q9UNW1	0.60994756,-1.0894631,2.5142026,-2.0232792,3.3361273,0.63792837,-1.985006,0.09205107,0.9887139,-0.8770621,-3.076493,-1.0829325,1.0642973,-0.007865936,-1.8665596,0.52442557,-1.0196662,-1.8344742,2.3945603,1.8340123,3.0319264,-1.7988604,1.4220804,1.2504777,-0.18319733,0.5017678,0.70726067,-1.0093766,-0.24729303,0.49398658,-0.16437922,0.98903954,0.516561,0.9008073,-1.9305074,0.37963152,-0.7318887,-1.7102313,-0.7347098,0.9643724,1.0653393,3.6444387,-1.3987343,-0.32250565,-0.86650425,-2.4317074,-0.8914439,0.9362229,1.1146483,2.1748383,-2.4420109,0.54642457,-1.0011325,0.9374346,-0.62267405,-1.4639479,-0.45417204,-0.84249717,0.23742001,-0.44028336,0.9866635,-2.433552,-2.493814,1.3255161,-0.7889456,-0.7335472,1.5552534,-0.1079189,1.8794782,-1.131414,0.08943876,-1.523264,0.844004,0.7117079,-1.6051694,-0.7412238,1.4735353,0.9189292,-0.54180765,0.27583182,0.703732,-0.28344038,-3.667072,0.9750282,0.7399974,1.4251628,-1.1824033,0.26143458,-1.2566593,1.9441231,0.27102634,-0.40330777,-1.0449325,0.6970463,-0.9071402,-0.530628,0.2772644,0.41806227,-0.32083067,-2.5820744,1.309926,-0.4816272,0.08676462,-0.81741184,1.4592593,-0.44167164,-0.43694562,1.5927825,0.07795043,-1.3925619,-0.2510584,1.6768907,-0.06089903,0.9297738,-1.103645,-3.5617917,1.1374139,-0.17554381,1.088933,0.6389233,0.20285872,2.9321296,-1.0874928,-1.6041346,-1.7667171,0.07792925,-2.4468863,-0.17665976,0.4934111,0.20029363,-0.089728236,-0.5740878,2.4395022,-1.0396467,0.6011934,1.3616266,1.9038457,-0.09199576,2.6288037,0.7350839,0.5575731,1.0191258,0.6135461,-0.9747756,-1.8130153,0.9100161,1.1165318,-0.49178553,0.661755,2.0504813,0.83172137,-1.9095086,-3.1882522,-1.6568422,1.2002363,0.37374008,0.8871386,1.4304132,-2.554869,-0.052914612,-0.33378357,-2.2756407,1.4989505,-2.2905643,0.64300376,-2.2191231,0.40495396,-1.9224555,2.1018443,2.273506,0.8255631,-1.4161909,0.39159736,1.9763181,1.3301518,-1.576659,-1.4748095,-1.5969664,-2.820908,-0.42870754,-1.1430833,1.0223247,1.0338527,-1.4532275,0.4657199,0.84189296,-2.115658,-1.7045318,-0.1439305,-1.1838623,2.7320063,-0.57936203,1.6985689,1.3173864,0.64057076,-0.4066802,1.3968563,0.978124,-2.7326472,-0.097329326
P07686	-2.0840535,1.2012562,-0.47587568,-0.33697614,0.79217935,1.8192263,0.92641014,0.69600165,-0.75431335,0.24265619,-0.10293931,0.44809693,-0.25782493,0.33208832,-0.7199379,3.1874948,-0.51603633,-1.0323907,0.7455963,-0.069004275,0.23019554,-1.2334187,0.9031033,0.20142198,-0.578799,0.46143156,0.38343748,-1.4340945,-1.8299185,0.3251267,-0.08590554,-1.2707531,-0.81214416,0.87982017,0.69433296,-0.21179144,-0.14356755,-2.553849,-2.2186217,1.1415979,0.39068875,1.5919142,-2.142907,-0.7265753,1.7677425,-1.808664,-0.918517,0.40603754,-3.2476988,0.8895963,-0.61286414,1.712545,-2.1193867,0.084219426,-0.6002497,-0.43009982,-0.37108198,-0.96457505,0.12623443,0.27720258,1.4573431,-1.4036889,-0.8988899,0.5136591,0.34831902,-0.8245926,1.7743387,-0.16586658,0.7314581,0.071636476,0.40049472,-1.5897912,1.0265434,1.4339539,-2.70035,-1.8469042,0.46782884,-0.4315984,-0.187681,1.7040039,0.5548368,-1.5069823,-2.1482904,-1.4215351,-0.15224472,-0.29457402,-0.0680542,-1.0282445,-1.149268,0.70405036,-0.012357942,-0.968092,0.29229084,1.859845,1.0120274,1.0797961,1.0338726,2.1830933,-0.07443416,-0.86834836,-0.621905,0.021276824,0.09585461,-0.622463,-0.52866256,-0.29133505,-0.20871732,-0.51045007,-0.5655229,0.9328992,-0.45581466,1.3881658,-2.1430738,0.30901927,-0.6992331,-0.5291529,-0.85819024,-2.1730855,-1.0756751,-0.08245697,-0.53520054,0.933754,-1.8971015,-0.4017074,-2.8336596,0.80771154,-0.8307178,0.6452673,-0.06219512,0.7527865,0.2286833,-1.323781,1.5840675,-0.19975929,1.1649991,0.5844112,2.7504487,0.15913865,0.26669645,-0.27084997,0.23791015,0.9736561,-0.15981835,-1.3122367,0.7169349,-0.12151525,0.52268475,-0.57187134,-1.6104496,-0.9243365,-0.1711292,-1.2885213,-1.2265811,-0.75595707,0.8569074,1.0097005,0.635325,1.8946284,0.20733897,0.4081924,-1.9195272,-0.07911922,1.9524771,-0.8912717,0.08476747,-0.4074307,-0.58701426,-0.2516763,1.3748085,0.48142526,1.425025,-0.6016505,2.0557709,0.94703674,-0.09711938,1.524971,-0.42349678,0.7822451,-2.5238733,-0.4162304,-1.4792385,0.59921694,1.859934,-1.3875121,-0.7496224,0.9262799,-1.6626759,-1.6925997,0.51889634,-0.5520264,0.755849,-1.0946642,0.51150465,0.93276083,-0.11292642,-1.669673,-0.057644527,0.27549726,-1.2179102,0.15938284
Q6UXN9	0.31860253,-1.3834963,0.8927458,0.06494439,-1.1568701,-0.6008726,0.3610538,0.6772326,0.07896805,0.57066214,-0.38597706,-0.60989106,1.078378,0.26022497,-0.19296429,1.4719713,-1.280895,-1.7202278,2.2488286,0.4596995,-2.3497016,-1.4997795,0.19935572,-0.13732144,0.8023187,-0.55011624,-0.21696694,-2.145173,-2.4429634,0.18019472,-1.1068882,-1.1041092,-0.5296346,-0.59907925,1.831708,0.84438086,-0.32126024,-3.617686,-1.1799798,-2.3809738,0.165775,2.0331976,-2.2692413,-1.2214907,0.8746463,0.7917522,0.222175,-1.7352331,-0.50347704,1.1318488,-1.419177,0.73712295,-1.4542353,2.9336681,0.23338607,-1.183436,0.25862107,-2.5062351,1.4026312,1.4200953,-1.7703447,0.18063769,-0.4846624,0.7834123,-1.4030039,-0.99924505,2.37709,0.19320181,1.1284493,2.20882,-0.724919,-0.91503704,2.4127803,1.4374593,-3.2866952,-0.42432833,1.0558331,0.057456184,-2.494815,-0.85633355,3.09177,1.0069251,-0.18227537,0.024955034,-1.0607133,-1.3954867,-0.23333175,-1.3750272,1.1618749,2.2872844,2.4557328,-1.3564062,0.28949234,0.3970967,0.88988245,0.57624954,1.8209382,-0.99438685,1.4004607,-1.7509173,-0.06277888,0.41803017,1.2503217,-0.89956063,-2.028657,0.8714844,-0.9104769,-0.96487033,-1.8437821,-1.4690514,-1.55371,1.4556595,-0.4381809,2.4706814,-0.33280143,-1.4124731,1.8346606,-2.0725012,-1.4052689,-0.57210475,-1.2959275,1.6610794,-3.4088092,-0.39888707,-0.5035238,0.14688066,-0.2859046,1.1690975,1.905939,0.19194227,0.52707684,-0.902899,1.0717009,-1.8597618,3.1333387,1.8087571,1.0660942,-0.010738487,0.70710695,-0.31009054,0.49346498,1.0960157,0.8467169,-0.88877785,-0.23660098,-0.08479261,1.1576025,-1.4537007,-2.2467475,-1.4095049,0.15240522,1.2755742,-2.1375263,-0.8395653,0.04993298,0.72283345,0.4994426,2.416583,-0.5339775,0.32926092,-0.06944505,-0.8904535,0.32186863,-3.088252,2.2543292,-0.44218385,-0.8684361,-0.46487024,3.383052,0.5648817,0.291748,-2.0541492,0.44505942,2.7967684,0.44149795,-0.14064132,-0.16393204,2.025931,-1.030743,-1.5582867,0.74073935,-1.2254785,2.191258,-1.4805183,-0.0134834265,1.6583234,-0.3243938,0.8151504,-0.82984596,-1.1342112,1.0339485,-0.3161884,0.5687459,0.30024654,-1.2824682,-1.1082313,1.0631615,-0.74057686,-2.666919,0.80673456
P19013	-1.2099266,1.0291743,2.1347845,-0.41596437,1.1080018,0.61529315,-1.6109945,0.30976504,0.21398678,-0.2241376,-0.83434266,0.7781251,0.15143885,-0.6310121,-1.4079645,1.2474107,1.1299125,-1.6339968,0.59587324,1.3094823,2.0954409,-0.050582726,0.34222552,2.1807792,0.47828412,0.0023691333,0.012812521,0.30887568,-2.0822265,-0.89633495,-0.2665945,-0.6929824,-1.3767682,2.0208182,0.44231647,-0.50078434,-0.9409337,-3.425655,-2.2720797,0.7841771,1.0732006,3.7271504,-1.9950781,0.4300732,-0.41324067,-0.60250646,1.4355967,0.66789746,1.9665133,0.828617,-0.71735144,1.5200304,-0.9515574,1.9144045,0.06186296,1.2759578,-0.37234387,-1.98176,1.469462,0.10470631,-0.83893955,-0.55523413,-2.6649027,1.8394958,-0.47066754,-0.36074066,-0.6688963,-0.4913112,0.32935914,-0.59303254,0.15286346,-0.44380015,0.42415485,-0.27675697,-2.174274,-0.8759754,1.005485,0.08273707,-0.012187707,-0.16007419,1.5753335,-1.9206042,-3.1941931,1.9246366,-0.5537923,-1.5783911,1.2651937,-0.28104183,0.033236887,2.2235022,-0.49655628,-0.10166757,-0.3545906,1.0298591,-0.538903,-1.083673,1.6381478,0.18690304,1.3552027,-2.0772576,1.5195392,1.03795,-0.1219864,-0.3574932,-0.47726774,0.94064444,-0.113723226,0.3596533,-1.1546432,-1.746488,-0.73355144,0.60002935,0.40099186,1.9925696,-1.6176031,-3.3999681,1.0167122,0.20151642,0.7383796,-0.6885714,-0.064106695,1.579079,0.5249437,-0.47184333,-0.034371044,-0.8598534,-1.545457,-2.6018748,-0.88826215,-0.30114368,1.6884321,-1.9075418,0.11275047,-1.9200857,1.346846,2.5892236,2.3058023,0.23457313,1.1034864,1.749999,0.66387796,1.0505968,-0.7173328,-0.99524605,-2.193413,-0.6557463,0.45933962,-1.2236965,-0.2330285,0.8404519,0.19467925,-0.8542287,-3.3312724,0.323722,0.48888797,1.4499793,0.9765738,2.9533558,-0.91761523,-0.19435626,-0.0040958948,0.089364894,2.8233304,-2.4076655,1.8572255,-1.422129,-1.5611453,-1.8138753,3.2713675,0.8748667,0.44999447,-2.2560651,0.9100683,1.0807295,0.14058691,-0.9667505,2.093088,-0.9905825,-2.1889172,-0.43816,-0.55520195,-0.37963134,-0.6916031,-2.5745146,0.061638407,2.7312863,-1.9209838,-1.9735097,1.4263313,0.07389397,0.80855924,0.3589377,-1.0098665,0.6579976,-1.8287747,-0.13427708,1.0989112,1.3037646,-0.66374534,0.24091539
O75469	-0.78548366,0.24481568,-0.7799422,-0.4233378,-0.47317106,-0.14897178,1.3022925,0.14041013,1.1759237,-0.69090444,-0.40939215,0.840802,-0.24810496,-0.5228681,-1.0581485,0.95775187,-0.34084165,-0.48813748,-0.8437607,-0.15696509,0.6230595,0.88218457,0.13511913,0.07615523,-0.56151813,-0.9847715,0.6062653,0.7029951,-3.9259949,0.42045113,0.8959368,-0.94382757,0.41725695,-0.37937137,-0.39950612,-0.036959562,0.75697505,-1.5646492,-1.4711089,-0.3064507,1.4910522,0.62193483,-3.8155804,-0.47077715,-0.4319454,0.9373496,0.72849625,0.93254364,-1.0601685,2.139197,-0.45422432,0.97168094,-0.51371956,0.9494109,1.8797374,1.6226376,-1.2657721,0.8552597,0.45041266,-0.44102198,-0.44621575,-0.48330155,0.45470414,0.58755594,-1.2983636,-0.36930075,0.7418234,0.20240325,0.15409479,-0.5089243,0.37072465,-2.245266,1.2182863,0.68139845,-0.65379083,-0.8486289,-0.8270367,-0.38356924,0.7966425,-0.34577444,0.53725773,-0.13510945,-3.9225738,0.25937688,0.73910034,-0.4651284,-0.25969893,-1.8205341,-0.27109814,1.5747823,0.9943472,-1.7571847,1.099316,0.43198672,-0.32929328,0.17557387,-0.03045884,0.45405498,-0.16200618,-1.8141747,-0.21814883,0.32797867,-0.6604033,-0.05594096,1.6467638,0.9080357,0.3220335,-0.92075413,-1.2273858,-0.17403343,-0.03530335,1.1639524,-0.19244412,1.2154543,0.38884893,-0.3298578,0.5991521,-0.5127726,0.10719309,-0.78192365,-0.8314148,1.1005771,-2.5532897,-1.7908278,-0.19152687,0.091276094,-0.16304414,0.3658727,-0.5526037,-0.41565856,-1.9109616,-1.1002064,0.3029488,-0.39759034,3.0648642,0.6985302,1.4560395,1.5637693,-2.3163192,1.3902035,-0.5195203,-0.068074845,1.6656631,0.3575072,0.6466292,1.0381984,0.4410455,0.2983567,0.06020196,-1.1466529,-0.8764402,0.35591564,0.18069576,-1.2739605,-0.12359679,0.93495566,-0.5359674,1.738847,0.8617949,0.46928632,-1.1867965,0.89438164,1.4013299,-1.0060633,-0.49955308,-1.4302161,-0.41495782,-1.3214573,3.1948981,1.2611,-0.67584366,-2.9029143,-1.0805641,1.1211689,0.44787434,2.0162563,-1.6028888,-1.518833,-0.19932204,0.15686762,-0.9045265,0.13890482,-0.060402714,-1.5177772,-0.621715,-0.78825235,-0.46603528,0.59277827,-0.06557255,-0.7224379,-0.112112194,-0.003945012,-0.12641442,0.5581239,-0.28596985,-0.59700453,0.65453327,0.71155506,-0.79447085,-0.27685112
P49279	-2.4719405,1.1812245,-1.8570544,-0.57156384,0.14897905,1.2862147,2.0065799,0.5457744,-0.20137545,-0.53188705,0.25333422,0.84891135,0.7322666,-0.48632663,-1.5559385,0.86535615,0.14418918,-0.9746802,0.4826247,-1.054867,-0.015378233,0.9566411,-0.06737948,-0.26922017,-0.9408283,0.6557949,0.22202483,0.60748374,-3.0316935,-0.04117137,1.6917396,-0.59858185,0.25070757,-0.16443868,-0.7074314,-0.22364154,1.0212053,-1.3122205,-2.1005442,2.5525944,1.2937508,0.924356,-1.9513372,-0.42930648,0.45002037,-0.50125307,-0.23869257,0.75560063,-3.7505832,0.88664025,-1.6147217,0.48627594,-2.2066674,-0.3359058,0.64995754,0.8301808,-1.4266168,0.375293,-0.50026524,-0.95010436,1.782602,-1.4184744,0.37510735,0.36261478,0.42232445,-0.69724864,1.5903547,0.43800142,0.1738885,-0.33152854,0.23554203,-3.285712,1.1449893,0.029743815,-1.3946533,-2.6024497,0.5696735,-0.47162095,2.7900333,0.256904,-0.56788313,-1.2622235,-3.4633694,-1.3815457,0.45206603,-0.38086098,-0.18074313,-1.7303746,-0.6375017,0.6506757,0.0022515121,-2.3606048,1.5567025,2.442579,0.34554848,0.5485968,0.72819704,1.4510815,0.018258044,-0.8767428,-0.41874135,0.7433209,0.3713951,-0.4825272,0.70060647,-1.083153,0.40757152,0.752647,-1.0253053,1.8242767,0.4105573,1.1972508,-1.9910746,0.3807041,0.19122437,-0.08293983,-1.969286,-2.322202,-0.056153275,-0.53795075,-0.6307531,-0.17697671,-3.009291,-1.0735738,-1.709181,1.3648769,-0.79062164,0.98776835,-0.52251047,0.7813707,-0.4503655,-0.40925243,0.60270965,-0.94221365,1.203899,1.3852798,1.4836535,0.36462256,-0.85891885,0.6271549,-1.0830331,-0.19676436,-0.54284513,0.05368334,0.9967675,-0.41602388,-0.3662004,0.7797816,-0.9468434,-0.7071506,0.00735226,-0.7885568,-0.32292834,0.24625292,0.53507555,1.5813013,-1.4339169,1.567459,1.4470973,0.51850253,-3.2270944,1.0181782,1.2317713,-0.15287551,-0.13022439,-1.0430392,0.27388722,-0.59777045,1.7837911,0.566858,1.6817133,-0.03548397,1.017582,-0.25047475,-0.3413828,1.8135207,-0.34265473,-0.272951,-2.1731083,0.9454179,-0.8595361,0.2453343,0.47315183,-1.5175421,-0.09937634,0.52134985,-0.4475144,0.8307881,2.015876,0.18966119,0.6133938,-1.4220679,0.7528312,0.1779157,0.25796857,-1.9998709,-0.77929574,0.810993,-1.3004311,0.20635518
O75907	-1.4801171,-0.6339731,0.32192308,-1.7133595,1.4315372,2.6222098,0.7248109,1.702838,-1.0831753,-0.14984697,0.057341468,-1.4209803,-0.19665693,0.16593926,-1.0892302,2.627456,-1.3575011,-1.7187331,2.8011825,0.33400148,-0.88650095,-1.7482388,1.2184675,-0.33255106,-0.7829742,0.44875807,0.095936835,-3.170793,-1.4731318,0.94873655,-0.25414124,-0.28551698,-0.41832912,-0.20142668,0.5894427,1.3186034,-0.11116163,-2.9974878,-1.8407079,0.11252165,1.0346341,1.5102127,-1.368189,-1.3335651,1.8002038,-1.9298421,-0.95300955,-0.62395144,-3.540925,0.47564837,-1.9574347,1.2402534,-2.4205194,0.021104721,-0.6322467,-1.9149607,0.61369604,-1.1664666,-0.49970815,0.23383878,1.0465902,-1.1018811,-0.563689,0.6164355,-0.2392954,-1.8954326,2.7975903,0.971061,1.2402313,-0.06502355,1.4272434,-1.7457699,2.1235244,0.78639686,-2.0844018,-0.94622725,0.6663933,-0.3347553,-0.7179128,1.8682059,0.747081,-1.2559956,-0.9065301,-1.4090426,-0.10667077,1.2807217,-0.6415778,-1.6055732,-0.0374123,-0.032824248,-0.39941823,-1.4512893,0.87354773,1.4493338,-0.17900546,0.77938914,2.155345,2.18089,0.42718875,-1.8439517,0.1516412,-0.5794298,0.37389094,-1.6801376,-0.43531254,-0.17048474,-1.4178233,-0.04831996,1.2162807,0.64655054,-0.1782914,1.6141232,-2.2386506,0.44135952,-0.49903396,-1.1372575,0.0032664817,-2.843701,-1.6150781,0.17386322,-0.36904815,0.6416096,-2.3395422,-0.3626103,-2.0562744,1.7814696,-1.0150851,1.6173664,0.44531262,1.5853872,-0.19427414,-1.0677001,2.3499339,-0.4662906,0.8955349,-0.5624665,2.9051375,-0.8511546,0.69209045,-0.35073137,0.55385756,0.77220887,-0.39118737,-1.8155459,0.34522206,0.7879402,1.9348595,-0.3500775,-1.444078,-0.048801504,1.3903471,-1.7521539,-1.3688731,-1.0581295,0.87211293,1.2097878,-0.22337702,1.0715806,0.116345994,0.7463919,-1.3500204,-2.1965742,1.3964897,-2.2014866,0.34552407,-0.4897318,-0.055245824,-0.69116926,1.3997341,1.1133071,1.8429259,-0.5780866,2.6531622,0.7099493,0.69005346,0.68817073,-0.38791862,2.5818644,-2.9916718,-0.6079818,-0.62084144,0.22075565,3.1047564,-0.39081123,0.7382275,1.4005749,-0.58389634,-0.5692045,-0.103404775,-1.7096525,1.3318157,-0.9931194,2.2607582,0.66619426,0.9006229,-2.3037517,0.38894752,-0.4843443,-2.4728503,0.5819402
P61266	-1.2980143,-0.35536876,-0.07909505,-1.5443461,0.4911527,1.746756,1.9403087,0.35065815,1.606966,-0.47977626,0.19581285,0.103303894,0.42281955,-1.5504562,-0.40915295,0.33572674,0.09843167,-1.3833394,0.9391861,0.20045853,-0.54530865,-0.06402733,0.13950165,-0.5617741,-0.8276151,0.029591143,-0.015494695,-0.4463568,-1.8505944,-1.038868,1.526597,-0.27043515,0.15355147,0.05278797,-0.05834981,-1.4422773,-0.28256103,-1.4860809,-1.604207,0.56390923,1.1803364,1.9353648,-1.7832787,-1.075942,0.93954086,-0.9631374,0.419087,0.14846049,-2.074463,0.24692076,-1.9273643,1.6367239,-1.4533881,0.5593043,0.26828066,-0.17372361,0.3948351,-0.7346121,-0.2266621,0.5812602,-0.3108362,0.66289765,-0.11250199,1.3129498,0.27345967,-1.2841321,0.7669358,-0.9414975,1.4449797,-0.19529545,0.74970937,-2.0023274,0.59096456,1.1311208,-1.5447633,-2.3997202,0.9432085,-0.21375054,0.23574778,0.8808413,1.3578458,-1.2157165,-1.8010623,-1.3288836,0.824713,-0.07266893,0.2823277,-0.500017,2.027702,0.69875985,-0.13837309,-1.456909,0.7505865,1.0478007,0.4407898,-0.20814504,1.3842266,0.03931437,0.86735916,-1.2148445,1.3608239,0.008911194,1.0336101,-0.41721922,-0.08434687,-1.4015579,-0.4574692,-0.042138137,-1.0188652,0.19054662,-0.8397412,1.6502285,-0.77811927,1.1999074,-1.1740829,-0.5021727,-0.38585278,-2.2985914,-0.69951415,-0.561157,-0.7413908,0.13797358,-2.0394554,0.7403591,-0.5002072,1.6321661,-2.2588346,0.41999716,0.05403247,0.7661927,-0.7296419,-0.7583119,0.45710602,-2.2866342,2.3868136,2.190598,1.7555263,0.012855219,0.34345374,0.004562634,0.20891309,1.1423877,-1.0307456,-0.0013635848,-0.17109448,-1.1292365,-0.43219936,0.17053825,-0.1310816,-0.014478351,0.59451365,-0.30892298,-1.5718398,0.84275633,0.46899083,1.1268353,-1.2424196,0.8561353,1.1488247,-0.05681037,-1.67873,0.6773392,1.3166039,-0.8730104,0.6366733,-1.3687096,-0.47360933,-0.770594,1.2708492,1.2514603,1.2452024,-0.16685487,1.71199,-0.52461255,-0.7719553,-0.4035289,0.69152415,0.77786946,-2.086749,0.10206674,0.34280282,0.010054171,0.8302118,-2.515169,-0.5978081,1.0722545,-0.7404578,0.8867461,0.9957189,-0.8741513,1.1722898,-0.88590974,0.26225457,1.2635684,-1.1505159,-0.8773926,-0.24387771,0.35537225,-1.2989893,1.068347
Q92759	-0.736749,1.2830998,0.05719679,-0.33222285,-1.6918296,-0.48711902,-1.4429734,0.68721294,-0.2992589,-0.10214129,0.09094289,1.3513585,-1.4764841,0.99817616,-1.2865703,1.1312739,0.14992435,-1.4917812,0.06775934,-0.5791534,0.77949053,0.44164336,-0.019628027,1.3786783,0.12987839,0.40947255,-0.52916914,-0.8699138,-4.2032475,-0.33662248,-2.1526682,-1.9889673,-1.5775015,1.457374,0.0056462353,-0.3770531,1.4019421,-3.1739151,-1.7890193,-0.7480417,0.6580976,1.4078012,-2.4907527,-0.24668148,0.4946212,0.7454306,0.7097209,0.84625804,0.5221402,1.1654611,-0.07214528,0.67575014,-1.4555314,2.2292986,1.4157357,2.2611039,-2.4484527,-1.205208,1.562301,0.8213332,-1.3647077,-0.9013195,-0.9080065,1.0467142,0.48952916,0.31882313,0.053316478,0.051937006,-0.5381285,0.93398273,-0.18354607,-0.09668661,1.5327984,-0.05825296,-1.418815,-1.402089,-0.46338406,-1.3560168,0.5387183,-1.4604038,0.6046297,-1.757701,-2.987994,0.6152143,-1.0382645,-2.0929637,-1.0896314,-1.8581051,-0.75356513,2.2438793,0.012054031,-0.8201481,0.39419934,1.0519478,0.033406913,-0.27481863,2.282196,0.838031,1.537192,-0.85793626,-0.8759894,1.8630806,-0.39353976,0.31578526,1.1841432,0.96809727,-0.4323769,-1.4063866,-0.87878984,0.9256397,0.27333575,1.8570935,-1.0256996,2.1632278,1.1774368,-1.3380971,-0.6715361,-0.24049342,-1.0653896,-1.2488718,-0.39651176,1.338073,-1.1061771,-0.87846404,-1.22761,-0.4493757,0.29998738,-0.28781307,-0.037897572,-0.8059694,0.5828989,-2.006039,0.16943544,-0.42823324,2.1556475,1.1384673,2.2183821,0.8833547,-1.2920341,0.89215726,0.39910418,-0.7081138,0.39209446,1.2498667,0.25346023,-0.05687682,0.51911426,-1.8625095,-1.463663,-0.8027073,-1.961557,0.16434614,-0.1193406,-0.17356773,-0.38882026,0.42319915,1.3805234,2.1951585,0.47806668,0.4119435,-1.1606598,-0.776364,2.730434,-1.1002272,2.0576382,0.1566304,-1.6325425,-1.0919697,3.707114,0.36956352,1.5955242,-2.0063994,-1.2618772,0.39198095,-1.143101,1.7377379,1.6273011,-0.30529088,-1.1629077,0.86540705,0.20575194,-1.1724261,-0.24607038,-2.242338,-0.75993663,-0.12920718,-1.5195905,-0.31561908,0.04325772,0.85525864,-1.1033214,-1.3232476,-1.7691978,0.8553462,-1.2814797,-1.4540668,-0.13744326,1.1063541,0.0946975,-0.38560954
Q8IY92	0.38347358,-1.1769801,-0.16937895,-0.17784071,-0.09993704,-0.81003946,-0.518832,0.18232626,1.2426006,-0.95595646,-0.7848598,0.8772263,1.3418945,0.48222733,0.23897587,0.5396626,0.269425,-0.47811958,2.1024451,0.38177478,-0.6971656,-0.6665726,-0.68499786,-0.83680433,-0.7160803,0.06698664,-0.40418443,0.08610126,-2.3984678,0.39195883,-0.7594391,-0.03396252,-0.076881655,0.34560803,0.5097995,-0.8303928,-0.21385963,-2.0745125,-1.8638332,-0.57722986,1.6177962,2.0531783,-2.6880112,0.28377375,-0.123995975,1.0538818,0.5846719,0.48846525,0.45729643,1.9916267,-1.5022365,0.6929401,-0.8379557,1.8669525,1.146669,-0.17342898,-1.0057542,-0.64750916,1.2505214,-0.11570273,-1.4180359,0.6944125,-0.29963338,1.4503015,0.106613204,-0.64559865,-0.29289073,-0.4191378,1.3089995,1.075882,-1.7495214,-1.0484501,0.64243746,-0.22348537,-1.7556465,-0.9994659,-0.8122341,-0.72778654,-0.08630169,-0.18100327,1.2473272,-0.8218947,-2.839999,0.40760174,0.24632552,-1.9660238,-1.6150761,-1.9041404,-0.2539011,2.9761763,1.4763808,-1.1170149,0.4959293,0.5582677,-0.079689614,0.8909748,0.10390134,-0.90201694,1.9454658,-0.80982155,1.5374031,1.7492768,-0.4622367,-0.27023682,-0.14769664,-1.0383533,0.37700778,0.34296894,-0.92132723,-1.1396165,-1.4809486,1.8901155,-0.949385,2.2136447,1.06147,-1.9779762,0.7286229,0.4444387,-0.20173478,-1.2801518,-0.9897081,1.6127448,-2.2358894,-0.2854933,-0.5375388,-0.47273803,-0.4442462,1.5085057,0.4405199,-1.5267267,-0.42060807,-1.6250191,0.39986888,-0.65943307,3.065465,2.2594073,1.2287287,0.10098324,-1.1085888,1.1196184,1.1376103,0.27080223,1.1646645,1.9413701,-0.7390794,-1.0187663,0.47854313,0.30860254,-1.0727646,-1.2169518,-0.43628752,0.80892617,-1.3243407,1.5720466,0.10762028,0.022157406,0.778886,0.46159035,0.4646563,-0.29551944,-0.6101414,0.13563278,1.7759411,-0.42710346,2.2303972,0.28876582,-1.8517512,-1.0748355,2.8674147,0.80052626,0.67772204,0.25069702,-0.55542,1.9363334,0.34533525,0.7095404,1.0493598,-0.10421186,-1.7698144,1.3782506,1.0959934,0.104495704,0.06371621,-3.0780873,0.21537286,0.6984656,-0.61717856,-0.37396052,1.3350784,-0.61911523,0.05538128,0.46438146,-0.59736264,1.8249005,-2.477506,0.14337678,0.6874696,-0.27563602,-2.1480508,0.9598264
Q7LGC8	0.8470404,-1.6364574,2.4405758,-2.3120687,1.7392815,2.3606985,0.004093326,1.9350563,1.6187426,-1.4477443,-0.7839182,-1.8152738,1.5576041,-0.11858242,1.775604,2.2304487,-1.3810393,0.070843786,2.3841374,1.1591597,1.5268339,-1.6548475,0.808968,-0.55619377,-0.54758644,-0.8794801,-0.0011103082,-1.8526078,-1.9261973,0.8065703,0.4296956,2.2100139,1.5119166,1.4898534,-0.20716457,-0.23595163,-1.8482468,-3.5109565,-1.2890868,-1.3352538,0.6891619,2.9861965,-1.6425989,-1.1102362,0.4797068,-2.8314931,-0.53973436,-0.13806704,-1.7885479,1.4293413,-3.434301,1.1585793,-1.2417356,1.3467368,-0.73780805,-1.0337706,1.743358,-1.0164679,0.46281126,0.38174596,-0.9296274,-1.0097779,-1.6710181,0.5706485,-0.87070084,-2.333788,2.694218,-1.0474908,3.1279683,-0.046899106,1.6330317,-1.3533092,1.4701095,1.267014,-2.542944,0.20569733,1.78107,0.6043314,-1.9781355,0.34357244,1.6211308,-1.4730743,-2.2334683,0.9008551,1.6095747,2.3860078,-0.39778078,-1.2812233,1.4167005,1.591911,0.6041028,-0.10094322,-0.7697324,0.2119441,-0.98438424,0.07687227,0.58766454,-0.44228643,1.0780338,-2.9642887,1.2474256,0.06763247,0.5677018,-0.3847046,0.6804906,-0.7890744,-0.6338378,0.012036148,-0.114309415,-1.23607,-0.39878306,2.116887,-0.4911697,2.4137344,-2.890539,-3.254491,1.2664471,-1.3530931,2.412151,-0.94095755,-0.44387984,1.9827921,-1.496626,-1.6580082,-1.2780592,0.028600875,-1.7749447,1.3518608,0.6144607,0.461429,-0.64226216,-0.4694378,0.9817585,-1.3187134,3.5428288,0.2816235,1.8889965,0.08461189,0.7786192,-0.47935605,2.073042,-0.5432858,-0.22720066,-0.6636158,-0.2648964,-1.7643206,1.2434022,-0.7221672,-1.5274986,0.15506452,-0.6434287,-2.573022,-1.8966377,-0.5324734,0.19588818,0.9109583,1.2083515,0.885566,-0.5430226,-1.1113149,-0.79268575,-1.1779884,2.5061493,-2.7880597,1.7040839,-0.98264796,0.56212306,-0.99072456,2.4962618,1.0634922,0.8103511,-2.3570428,1.2555854,3.121675,0.8603618,0.052957714,0.96243757,1.1919192,-3.2986097,-0.81580186,0.036456402,-1.4817519,2.1314523,-2.2338986,-0.2805191,0.79605186,0.53468555,-0.606802,0.8224333,-2.491525,1.1344435,-0.89621454,3.1525176,2.5317004,-1.3470618,-0.9872141,0.3382994,0.26225287,-3.180522,0.38242337
O76024	-0.49983627,0.053915765,-0.8109362,-0.5635223,1.6569772,1.3877321,0.7728999,0.62092614,-0.41513753,-0.17782065,-1.1034358,-0.21304742,0.18595669,-1.3227035,-1.6549457,1.719069,-0.7257308,-0.9135569,0.70234066,-0.7749449,0.15524572,-0.5382702,0.34146914,-1.335297,-1.8571974,0.7253907,0.6550128,-1.6185452,-3.039984,1.3884696,1.0865262,-1.4348403,-1.074401,-0.28222227,-0.16606118,0.3726906,-0.20804463,-2.765318,-1.9494989,0.5334677,1.1792562,2.3132937,-0.9931835,-0.29879332,0.38519412,-2.151396,-0.06815023,-0.15450671,-2.566179,0.8986699,-0.35232624,1.8279774,-1.6407125,-0.46949255,0.7033303,-0.6828829,-1.3333685,0.58376306,-1.5313872,-0.53706926,1.3734621,-0.4387324,-0.8609399,1.3863513,-0.420525,0.09770387,2.111812,0.30830878,1.3510361,0.40291533,0.3895221,-1.1622069,1.4101226,0.60172725,-0.9283125,-0.7854219,-1.217894,-0.3662708,1.2775108,0.9148072,-0.32447326,-0.46510252,-2.8074927,0.13929439,0.02930719,-1.4676932,-0.65353394,-1.7871845,-1.4945723,0.582383,0.28071728,-0.3431368,0.7497472,2.3331196,-1.2883992,0.4186955,0.90624875,1.0750154,1.2880958,-1.5145885,-0.92532986,-0.5469316,-1.3230485,-0.2177275,0.633834,-1.0195657,-1.282414,0.8949328,0.8015748,0.29887477,-0.062357314,1.0071335,-0.6054623,0.26784408,-0.079899125,-0.923586,-1.0448433,-1.1245832,-1.4697088,-0.27436563,-0.31393653,0.54721886,-2.587407,-0.6473605,-2.1442344,0.7611883,-0.109260544,0.18648224,-0.60851187,1.4505738,0.1659515,-0.98003834,2.249265,0.72495407,0.86385685,-1.0304368,2.5369828,0.045563012,-0.74497694,0.12574269,1.385472,0.2685243,0.47992802,-0.85739505,0.41157642,1.2963198,1.2581427,-0.24949552,0.7406593,-0.54232943,0.754116,-0.7438547,-0.9123664,1.0017207,0.18434191,0.70572263,-0.028156996,1.6020343,1.1133468,1.5881906,-1.0718986,0.01977406,1.353833,-1.6906563,-0.26906034,0.5111258,-1.4344034,-1.0603166,1.1802206,0.020905325,0.8901999,-0.5802193,0.9074114,0.019198561,0.038832482,1.2317787,-0.88778615,0.9060436,-1.678144,0.6423038,0.3482608,0.58585614,2.343692,-1.0599781,0.54895616,1.2994137,-0.72438383,-0.21268855,1.6259308,-0.28241652,0.3449447,-1.3810818,0.8173098,0.48367304,0.066808835,-2.0529287,0.85720265,0.25525543,-1.3667768,-0.18081185
A6H8Y1	0.3554073,-0.5449324,1.9900002,-1.3556784,-0.76581925,-0.5868094,-0.8440823,0.54935884,-1.7171586,0.13270912,-0.22850046,0.21697342,-1.7789564,0.6734667,-1.3906711,0.93327147,-0.17111288,-2.8009484,0.38399065,0.97466886,0.48278552,1.0183547,1.2798553,2.1300328,2.0974977,0.1865768,-1.5463176,-2.3227654,-2.7476065,-2.04411,-2.6337135,-1.4235654,-2.3261442,0.63046503,0.6255853,2.724784,0.540898,-4.8923125,-1.4023423,-3.0176537,-1.2577053,3.2881157,-1.3934461,-3.1285334,-1.465785,0.89662087,0.46521556,-0.8414814,1.99849,0.61817276,0.41943404,-0.40234354,-1.3597372,2.8245473,-0.04683302,1.4471686,0.78024423,-4.1012955,1.9076511,1.6341444,-3.6058733,-1.9934156,-1.4967716,2.110098,-1.5134839,-0.3110269,0.19179392,-0.2892081,0.32821706,0.9656589,-1.3657352,1.0607392,3.025796,0.014375077,-1.7792954,-0.41114354,1.1817601,-0.5128559,-1.2200502,-1.0234913,0.70409983,-0.1943058,0.46520907,-0.068791434,-2.3008282,-0.38820982,1.7042509,1.021133,0.8830677,2.3629506,-0.6999784,-1.4787519,0.023690676,-0.3564736,-1.2872261,-0.453629,4.2941856,1.8344374,1.8969947,-1.2839863,-1.2893718,-0.44742525,0.41273496,-1.4183087,-1.7498242,1.7475535,0.19916575,-0.343944,-0.49248615,-1.6810231,-0.5728781,1.3316696,0.5536995,2.975239,-0.19809389,-1.1597103,1.2152417,-1.6194725,-2.0498197,-1.4309595,-1.2689683,2.1264417,-0.017079944,-0.22124088,0.90147644,-1.6674489,3.1895368,-0.90893847,0.37412667,0.04198729,1.7519107,-2.6130571,1.1415025,-3.0382898,0.8281061,0.76335394,2.420218,-0.69272584,3.347201,0.031937778,-0.72990876,1.8435824,-0.12836698,-0.47734445,0.15192616,0.09996153,1.7089876,-4.872082,-2.2862587,2.0255084,-0.7419943,-0.47454926,-1.7616031,-2.346125,0.31599775,1.7652878,0.7865194,3.6496437,0.21362674,1.8699645,1.1170939,-2.6544259,0.34867504,-2.4255369,2.6338122,-2.5215495,0.57225686,-0.3206332,2.120489,1.6067635,1.3185564,-3.4881554,-0.18155614,-0.17133276,1.0785868,-1.35874,1.5150437,1.9706676,-0.9691465,-2.7821872,0.032207932,-2.55579,1.4926955,0.011825701,-0.6482771,1.4783336,-0.96932137,1.0554683,-3.196221,-0.47163123,0.55122644,-1.2832707,-0.029924808,1.2884219,1.0559572,-1.2620165,1.5413815,-0.25335288,0.27753973,0.5159654
Q658P3	-2.3075924,-0.67698604,-0.077938914,-1.7249362,-0.452617,2.195527,1.9216127,1.2579159,0.94538087,-0.9021684,0.9966943,0.17690964,0.04445767,-0.45002928,-0.6543888,1.1298631,-0.020587517,-1.7668192,0.5207118,1.0578194,-1.1534745,1.0487269,0.3397727,0.61314774,-0.29381946,-0.41304812,0.6937143,-0.14549194,-1.947205,-0.73575264,1.2594143,-0.010916927,1.3695428,0.3550634,-0.87465394,-0.32570717,-0.35645142,-2.2689,-2.6339881,2.079624,0.7213287,1.897552,-3.1315503,-1.2207165,-0.43917307,-0.1596858,0.0019058747,-0.8170447,-2.4801655,0.4144685,-2.9036248,0.7752627,-0.45767537,1.7495304,1.4344597,1.6172286,-0.20358475,0.9288229,0.48971787,0.10624644,0.57743835,-0.19581863,-0.36564627,1.2681316,-0.037909906,-1.2911396,1.5206282,0.0651466,0.8630689,-0.6509313,1.712943,-3.1462634,1.5482001,1.0591139,-2.012637,-3.3579838,1.1739463,-0.22360799,0.3942695,0.095101476,1.8598577,-0.80689573,-2.342466,-1.0810119,0.23243292,0.49602634,0.19190452,-2.0904737,1.6198494,-0.06473793,0.7180339,-2.2790725,1.3388435,-0.15574804,0.7629175,-0.07561498,0.5005733,-0.9548679,-0.73269194,-1.834733,1.6187243,0.021054298,0.9394667,-0.4364122,0.43225983,-0.26709542,0.43361574,0.007807615,-1.8878747,0.29762918,0.45633754,1.1603884,-1.2060926,3.2292442,-1.1515675,-0.72792107,0.99532765,-2.9466019,0.72013247,-0.6764421,-0.75925076,0.41848415,-1.2880545,-0.029592505,-1.4108098,1.3603741,-1.4724156,1.2341985,1.0010349,-0.2203708,-1.3369644,-1.4749728,0.5213734,-1.642482,2.4872136,1.6663333,1.4161074,0.7631628,-0.87341315,0.56082046,-0.35359317,-0.06300018,-0.23568568,-0.18329085,0.8195382,-0.29464012,-0.14026165,0.37092578,-0.5269396,0.31475866,1.0338991,-0.6822988,0.23469564,-0.14986978,-0.17332153,2.301903,-1.5864251,2.0641248,0.35900897,0.4480805,-2.1250215,0.34218347,1.9734182,-1.2963276,-0.37448385,-2.0997837,-0.23519008,-1.36687,3.6674583,1.1064988,0.9472385,-1.5676382,1.4241514,1.8214811,-0.16151252,0.13065848,-0.7373089,0.011164082,-2.0101645,-0.34737065,0.57074153,-0.8421856,0.56489694,-1.4243554,-0.25690657,1.213781,-0.84390736,1.5359567,1.347016,-1.7946082,0.8654275,-1.1045562,0.5574823,0.7103007,-0.3734191,-1.3328408,0.13594928,0.8807662,-0.8624095,-0.20697413
P18433	-1.247287,-1.0438962,0.25606444,-1.5781821,1.421676,2.844038,2.217274,1.8049515,0.5588661,-1.1202095,-0.31686753,-0.5279684,-0.3473547,-0.101398654,-1.2658681,2.2190292,-0.827954,-1.8014311,2.0322096,0.8818814,1.2635239,0.29931945,0.86698264,-0.68127346,-2.1163244,-0.5227873,0.804305,-0.18830071,-2.523531,0.9822037,1.3615994,0.53378725,1.378308,-0.14024039,-0.50412625,0.82596946,0.17665479,-2.965831,-1.6001258,0.378301,1.0669315,1.0881196,-2.9286387,-1.7085621,0.10877128,-1.3421091,0.23058473,-0.2056605,-3.6656814,1.4195521,-2.3909173,0.08057375,-1.8080673,1.660203,-0.30273256,-0.14266147,1.5864664,0.8322428,0.18881029,0.12917747,0.9260185,-0.42786756,-1.3635743,0.41715294,-0.39678785,-1.6361045,0.7731557,1.2377088,1.2807082,0.4105422,0.36307478,-3.0351765,1.3664474,0.48606244,-0.83445615,0.3538089,0.09568821,-1.1396644,-0.71178514,-0.05341814,0.34586233,-0.31708613,-2.4861095,-0.32913113,1.1587797,1.846667,-0.49253514,-0.585298,0.10321863,1.7948728,0.17376617,-2.296753,1.9787116,0.31185263,-0.47601438,0.63918674,0.74543434,0.2592888,-0.24852575,-1.9420037,0.9666273,-0.6028621,-1.0540457,-1.2193273,0.40595084,-0.16685212,0.5795178,-0.64834785,-0.9135633,-1.0171623,-0.8832193,1.1393843,-1.8326513,1.3581018,-0.9076853,-1.2582392,0.71800226,-2.0925303,-0.65203214,0.9610922,-0.78032404,0.0044283397,-2.546269,-1.79324,0.12817608,0.5479397,-0.38852164,1.716124,-0.6514317,0.65939933,-1.4514263,-0.4429419,2.2950523,-0.43277732,2.1362097,0.79095364,2.0515869,0.3255257,-2.0930474,0.6288002,0.23319586,0.40779144,0.8504939,-0.8199095,-0.64012355,1.02167,2.1218061,0.28301096,-0.67765355,-1.116803,1.0802623,-0.4294968,-1.1622567,-2.3125033,-0.25991616,0.99507356,-0.80933625,1.4233159,0.118474126,0.067101784,-0.5391605,-0.37875366,1.6228877,-1.8358324,0.9095686,-1.4220651,0.08683655,-1.0086435,1.816882,1.8152467,0.9853112,-1.8406401,0.5267166,0.7802981,2.7253432,0.9774909,-1.1768327,-0.33895144,-1.9539148,-0.18355747,0.016320674,1.6842523,2.4078684,-0.10428549,0.467021,1.7584767,0.16409591,-0.83702326,0.052292082,-1.7577083,1.7538191,-0.6245138,2.110164,0.5501269,1.0192825,-1.1686585,0.82856506,-0.021515038,-2.2435567,0.64370435
Q12905	-2.0543177,1.4474443,0.60115033,-0.22070016,-1.0930175,-0.09918569,0.7406093,0.20364866,0.12082293,0.4021648,-0.9071499,1.2676356,-1.8468816,-0.0130315265,-1.4751091,1.4952098,-0.3240869,-1.8249283,-0.023846913,-0.24887948,1.2936934,0.16054265,0.3668634,3.0913608,0.4941581,-0.11098627,0.7082542,-0.19688393,-2.2454014,-1.2184155,-1.3427823,-1.3621268,-0.6700351,-0.05997354,0.21239202,0.7176076,0.97607535,-2.4003932,-1.4107504,0.012174117,1.9543077,1.4708499,-3.0917525,-0.10736422,0.28929415,0.8289662,1.4465282,1.045134,0.21967962,-0.07971794,-1.0366757,1.2883779,-1.2333492,1.0451689,-0.04824838,2.2469575,-1.622696,-0.547676,0.9759591,0.25315994,-0.65747565,-0.54759496,-0.63938785,0.08796521,-0.6074041,-0.06873909,0.45744753,-0.15284099,-0.60576904,-0.63157916,1.3625232,-1.5143812,2.0377135,1.167013,-0.89849794,-0.35972002,-0.54890156,-0.7571853,0.1683473,-0.32960302,1.4933059,-0.5396435,-2.473082,0.9248169,-1.301507,-1.3536452,-0.32801184,-0.41222817,-0.070342906,1.1197199,-0.24764997,-0.92929286,-0.104088895,0.75350195,0.96902716,0.3153619,1.3667928,1.0386603,-0.5940033,-1.3104292,0.112536155,0.7337444,-0.9439506,0.16361313,-0.19797868,1.0719173,-0.0073046475,-1.3152461,-1.0325785,-0.18285495,0.50885,0.68002504,-1.0926231,0.9033418,0.8278209,-0.87712115,-0.0455633,-0.93871504,-1.0537803,0.7159706,0.39636502,1.7944564,-1.6551232,-1.2899207,-0.17660831,-0.11098149,-0.72836244,-1.1288978,-0.1727527,0.9640822,-0.40900046,-1.4247476,0.22827081,-0.7607651,2.1537113,0.8698729,2.164058,0.07653985,-0.65970737,1.1025989,-1.9216088,-0.26170683,0.07590202,0.57714236,-0.454642,0.99095654,-0.13139401,-0.16931069,0.22738937,-0.6999077,-0.046871096,0.03527919,-1.5592507,-1.4582059,0.8581584,0.4331905,-0.06255197,2.6518388,-0.69243276,-0.54773176,-1.8004835,-0.9784664,2.9720592,-1.9221154,0.3542571,-1.1465647,-1.346736,-0.38823205,3.715999,0.20391709,1.1189783,-2.0036886,-0.27707735,0.015227122,-1.1615664,0.86925715,0.14202079,0.21347027,-1.1013005,-0.38748923,-0.3910447,0.034265917,-0.4246365,-0.86057854,-0.4674399,0.22290711,-1.1407235,-0.990019,-0.532629,1.1467154,0.27026585,0.1957727,-1.8992854,-0.44387007,-1.0529455,-0.7373041,0.6003763,1.502265,0.82411796,-0.71435267
Q9P2E5	-0.35528162,-0.534822,1.4566106,-1.5907922,1.0747647,3.5479648,2.6411889,1.8630998,-0.04787046,-0.64965796,-0.4719229,-2.0339274,0.61819595,-0.3096621,0.7357932,2.7510285,-1.5563637,-1.377709,1.7085947,1.2431322,0.22402203,-0.95067155,0.5261308,-0.9487725,-1.1102637,-0.7074107,1.0298362,-3.2678056,-2.0243626,1.0806308,0.92167574,1.1592561,0.88981456,0.21749467,-0.18030052,1.1194998,-0.45588613,-3.6945093,-0.97755444,-1.8172928,0.9205649,1.8044883,-1.9072644,-1.8622125,1.0976608,-2.1884885,0.6259046,-0.44257987,-2.9844224,1.2776003,-4.004457,0.8526106,-1.849224,2.1338418,-0.50057286,-0.9534983,1.844986,-0.7474791,-0.14107297,0.68520975,-0.19843654,-0.9030201,-0.6024342,1.0883231,-0.7945308,-1.5206723,3.5178792,0.08561717,1.933875,0.6822915,2.5444486,-2.134162,2.577924,1.1291797,-1.68345,0.5659502,1.5177675,-0.980601,-1.5484233,0.6335113,1.8422167,-0.8040462,-1.3292547,-0.38070685,0.089528605,2.492372,0.101866625,-2.0685267,2.2927067,-0.1400237,0.07013186,-0.6514666,0.8941705,0.92377126,-0.34962225,0.89490056,2.1578946,0.7259904,0.98486567,-3.3300707,0.69535995,-0.7615851,1.3165104,-1.3004023,0.14813313,-0.33097187,-0.6133782,-0.23211294,-0.595589,-1.4294153,0.21089472,1.4360255,-1.2844003,2.9014874,-2.7019548,-1.4366,1.7127293,-3.292817,0.61596096,0.3235773,-0.5491686,1.0290264,-2.1849198,-2.0352585,-0.4277015,0.45204246,-0.25845385,2.7857103,0.5642545,1.6923444,-0.34795582,-1.0897537,1.2227926,-1.5622387,2.4136353,-0.8248404,1.7328888,-0.2410123,0.16918316,-0.015201324,1.0018381,-1.4603672,-0.2690037,-1.5086201,0.3933289,0.2157923,2.221417,-1.0824082,-1.5717694,-0.75976324,0.14980476,-1.5710237,-1.3406134,-1.626787,-0.76849,0.98941255,0.04697392,2.145023,-0.30472592,0.6430619,-1.1417309,-1.1733706,0.871035,-2.8220491,0.4357778,-1.3039699,0.702329,0.39862597,2.6698318,0.4771895,1.3500333,-3.2734852,1.9227793,1.1168604,1.3091,0.955845,0.44458157,1.884326,-2.6653662,-1.9408756,-0.39155787,-0.81162566,2.6561627,-1.0993786,-0.1231802,0.55549836,1.0207727,0.012206522,-0.030293526,-2.0971677,1.2362384,-1.0146235,2.5859792,1.0133281,0.59408027,-0.33423734,-0.08844029,-0.19491525,-2.7808528,1.0474497
O95777	-0.43352115,-0.9771553,0.5100985,-2.7064059,-0.90678185,-1.1853948,-0.01654397,0.5823536,1.5891838,-1.9697304,-1.6293187,-0.5199616,-0.94049126,-0.350752,-3.416738,-0.06332749,-0.87737185,-3.2136822,1.4012116,1.2879134,1.6208407,0.48116642,1.8810241,2.4975114,1.2384927,-0.09781291,0.30944267,-0.9611017,-2.7716973,0.07054508,-1.9902095,-0.7815413,-1.0780412,-0.28769445,-0.60598105,2.3502207,1.5881214,-3.7339225,-0.65828294,-1.9603555,0.3086285,2.2869272,-2.4039521,-0.37980986,-1.2015461,1.0620135,0.5897324,0.13663593,1.274761,1.0867068,-1.0589045,-0.78049594,-0.39620414,2.7698088,-0.108448364,0.9631261,-1.5681137,0.5499997,0.70346016,-0.071392536,-1.7561102,-1.2575456,-0.89324576,1.3407105,-0.008478228,-0.5078386,0.17566106,0.19305588,-0.2957774,1.5685825,-0.5354725,-0.6468545,2.7440758,0.034379546,-1.1271111,0.018377256,0.5933118,-1.4256722,1.5313824,-1.5291326,0.5269382,0.0065944484,-2.7204134,1.2204248,-0.35447305,-0.5623057,-1.2948574,-0.5142137,-1.5929476,2.44769,0.56205606,-2.336121,1.4779452,-0.7506787,-1.1402786,0.067148454,1.248811,0.6478968,1.5652647,-1.5874529,-1.192853,0.67719316,-1.6992601,0.6479098,0.54765046,0.8641822,-0.049738273,-0.4730061,-0.71596426,-1.8424397,1.3678122,0.932156,0.6853376,1.8943712,1.5935516,-1.8354348,0.49276733,-0.026192958,-0.21965018,-0.6543971,-1.20299,0.74564505,-2.807512,-2.2180479,1.3629198,-0.4361624,0.54151636,-0.17220102,-0.0565039,-0.42987728,-1.3795136,-1.2832137,0.24677645,-0.76923525,0.540689,0.8044897,1.2641699,0.6915336,-0.03492026,1.9860731,-0.4172673,-1.7106591,1.5315924,0.8146722,-0.7565695,1.4215246,1.7195295,-0.15522121,0.61110604,-0.07689582,0.2140796,1.0449543,-0.8298112,-0.7223634,-0.45917213,0.2871384,-0.21760242,2.0430393,0.3152242,0.63679814,0.3905828,-1.6399171,0.32366434,-2.3236625,1.6479553,-0.8542431,0.17838451,-1.9114255,4.0302095,1.9287926,1.1585343,-2.4676836,-2.3255298,-0.021107126,0.36400214,-0.93185806,-0.29842505,-1.2673128,-1.4965887,-0.34117383,0.41213307,-0.39854312,-0.3067424,0.055751648,0.053595666,0.40227848,0.3278312,1.1714506,-1.9971501,-0.2587042,0.78817666,0.52860886,0.06411415,0.59064084,0.4447878,-0.3445891,0.58413595,0.93264335,0.13388528,-0.2769106
P63096	-0.48238793,-0.53426445,1.1399928,-0.942896,1.3222933,1.6544914,0.73672736,1.6766382,0.58331794,-0.99485296,-0.4365185,-0.6615576,-0.20664929,-1.0218401,-2.1008205,2.142413,-0.06210277,-2.3644,2.319605,1.3968663,0.34685746,0.30412805,0.5844696,-0.06808418,-0.79528713,0.07464775,0.7482155,-1.2181828,-1.2823063,0.3940202,1.6252444,-0.117023446,0.032694455,-0.41878086,0.43972874,1.2738281,-0.28902054,-2.8916283,-2.0241263,-0.35456955,0.4701078,1.9354608,-2.2117023,-0.96897256,0.2359937,-0.6951621,1.1677011,-0.27304408,-1.5176176,-0.09327703,-0.9103097,0.59204245,-1.0681753,1.7257742,-0.161214,-0.46958312,0.38225892,-0.047611788,0.6320543,0.5972451,0.6166229,0.7517989,-1.6951303,1.8576927,-1.2919956,-0.8067345,0.90426016,-0.56830806,0.040714573,0.92834395,0.33474085,-1.6395742,2.1695135,0.5967419,-0.7206038,-0.05103742,-0.123337194,-0.86245465,-0.8630937,1.1019161,0.5424186,0.4190378,-1.1936862,0.038214635,-0.37602478,0.11006118,0.61666214,-0.7312216,0.8533541,1.0975996,0.03683888,-1.3293009,1.452667,0.16771325,-0.016485069,-0.1752566,1.9209584,-0.26843524,1.1292727,-1.4547046,0.71756667,-1.237355,-0.69936424,-0.08265552,-0.61585766,0.12517448,-0.64348763,0.24887082,-0.4075179,-1.8305904,-0.75695366,0.5194858,-0.51021206,1.2143191,-0.95242035,-0.47044086,0.9518287,-2.0974293,-1.3866403,-0.09908849,-0.24573153,0.20007725,-1.4979043,-0.44495213,-0.015376254,1.2587385,-0.53085244,0.4383291,-0.6234577,1.0917554,0.52359885,-1.1642661,3.1494062,-0.95364976,1.0030584,-0.41603622,2.3811593,-0.9013696,-0.6112505,1.1181121,0.41343048,1.5025836,-0.36254606,-1.048343,-0.47990867,1.4836406,1.4580833,-0.56577307,0.82538176,0.114914015,1.9469292,0.5845317,-1.9407281,0.16200532,-0.44026518,1.0765353,-1.3007073,2.5119884,0.94593084,0.8633822,0.8568139,-0.102474235,0.55430907,-3.1587062,0.96919715,-1.4098855,-1.135681,-1.116175,0.9181027,1.8032813,0.81085104,-1.6225541,1.0079685,-0.0061457003,1.3081146,-0.78657264,-0.2546463,0.4327832,-1.231931,-1.2924806,0.74056077,0.90155077,2.5863369,0.3398769,0.384175,2.5214684,0.4379143,0.3865719,-0.40546924,-1.5156564,1.9552788,0.10259325,0.23096453,0.04843063,0.30690607,-1.1037962,1.2218544,-0.5331977,-0.27747858,1.6774933
Q15022	0.40691343,-0.3524515,-0.5013784,-0.16531442,-1.2672367,-1.1333721,0.41111714,0.3627816,1.4784915,0.07216852,-0.8740458,-0.50623125,-0.31892064,-0.39553255,-0.7261839,1.4449877,-1.0639619,-0.9011325,0.8967951,-0.14352506,-1.2126585,-0.69740224,-0.08873282,-0.13663112,-0.5212465,-0.4744068,1.3066378,-0.8762362,-2.9181871,1.1382439,-0.7159142,-1.2073915,0.3505923,-0.69425833,0.83998436,0.2590414,0.8855065,-2.2062747,-1.1838238,-1.7029095,1.5460271,1.3347462,-3.697952,-0.1179151,0.8066899,0.7770531,0.5687007,-0.08095372,-1.2483398,1.7412217,-1.1255362,0.6897152,-0.56717616,1.6176413,1.0024464,0.06379174,-1.0189239,-0.36157438,0.77627355,0.36561117,-1.3183692,0.63881034,0.84091765,0.67673534,-0.9427167,-1.1903065,1.9219532,0.3239124,0.5574632,1.3760096,0.41844675,-1.8784145,1.8690941,0.8650492,-1.5063852,-1.0024432,-0.26782966,-0.3130063,-1.0923561,0.061470985,2.2661815,1.1203328,-2.8219223,1.0174162,0.0071169417,-1.479175,-1.200068,-2.6740925,-0.160831,2.1882317,2.2250662,-1.009578,0.7480338,0.5290944,0.10585431,0.9409938,-0.23532589,-0.42702556,1.3071632,-1.6313912,0.4248295,1.2108032,-0.9526593,-0.6066792,-0.45110935,0.644218,-0.62168276,-1.2058694,-1.4015146,-1.1191492,-1.0504193,1.0670029,-0.42241,1.7487837,1.3876612,-1.138811,1.4736311,0.16434231,-0.5785447,-0.118509,-0.8694175,1.7634604,-3.929279,-0.56408155,-0.8159879,0.22940448,-0.5053519,0.98661494,0.05829556,-0.6415074,-1.4746026,-0.23064528,1.1965868,-0.34281793,3.8692195,1.1609234,1.0739235,1.3100584,-1.3715755,1.0607462,0.56867737,0.25945735,1.7499323,0.81339014,0.184735,0.7719553,0.6115708,1.4204743,-0.20426424,-2.4088223,-0.17231427,1.3471684,-0.6930067,-0.5481368,-0.38758555,-0.6264221,0.19792187,1.3920712,-0.054641522,-0.65535676,-1.4924109,0.38345522,0.7344568,-2.526,0.663467,-0.07644221,-1.4039072,-1.2486786,3.7048066,0.56353945,-0.10951739,-2.171998,-1.1310508,1.7265377,0.42778072,2.2524612,-1.0536207,-0.253346,-0.36011347,0.10747373,0.2438181,1.0397677,0.40490463,-2.739353,0.048841808,-0.7438456,-0.49624118,0.45907953,0.38753444,-0.6271391,0.46078104,0.6149528,0.07849338,0.36137506,-1.1143025,-0.62866855,1.0490466,0.588463,-1.4514076,0.15501171
P23786	0.25563014,-1.3812221,1.0184723,-2.9927046,1.0477887,0.8537109,-1.416021,0.83490485,1.0248327,0.91833705,-1.3830078,-1.838777,-2.179578,0.2596946,-1.9102774,0.72425616,-1.0454186,-2.4173574,2.3414476,0.45008954,0.39377522,-2.3269098,1.2532582,1.1618739,-0.33145484,0.66782165,0.90565276,-3.8615453,-0.7044955,1.3735791,-1.6022778,-0.8480766,-0.1906695,-0.23727496,-0.15248905,0.5939472,-0.049539942,-3.7004588,-1.4195889,0.11150347,0.05086867,2.8660977,-0.34767368,-1.4918833,1.0272334,-2.1234343,-1.0727658,-1.4975773,0.15349565,-0.007381927,-2.0775793,1.5523099,-0.29391176,1.4265206,-0.65051335,0.30470535,0.05889228,-1.5948435,-0.31619394,0.7860435,-0.97048366,-0.7229023,-1.7541369,0.79841745,0.19178665,-0.9352662,1.4452863,0.97409004,0.6498349,1.0447009,2.7401707,0.3058607,2.763908,0.0610722,-2.0933793,-1.3525393,1.9230984,-0.20268595,-1.4303988,0.21363856,1.77345,-0.15879247,-0.598103,-0.71616167,-0.48509854,-0.10510183,-0.8850302,0.5335661,-0.15324844,0.41183978,-0.116297536,0.11185536,-0.7055352,0.7261648,-0.45789677,-0.3112015,2.3265834,0.6853157,0.2791975,-2.0179958,-0.95694387,-0.040574864,-0.16681606,-0.49208048,-0.45384628,0.8538141,-1.8990709,-0.4140417,-1.3143252,-1.2222551,0.4536045,0.9597651,0.7546152,1.1203508,1.0288919,-2.4310758,1.2080985,-1.1136979,-1.1202751,0.96520376,0.18320808,1.4204884,-1.403923,0.35682064,-1.6144996,0.26963526,-2.1000752,0.3195257,0.41979456,0.76499295,0.6531451,-0.92072713,2.2514098,-1.1663582,0.67099667,1.0251175,2.6748073,0.62362486,3.7152166,0.91809136,1.1024326,0.55454963,0.58471096,-2.0058706,-0.4920523,1.3517597,2.0378044,-1.0520469,0.45474148,1.3034325,2.0603168,-1.6737725,-2.1034718,-1.534704,0.53382987,0.5161754,1.4538485,1.3796877,-1.402938,0.42295632,-1.4458488,-2.4149113,0.8423669,-2.51293,0.8594988,-0.2655579,-0.27529326,-1.1846801,2.6986535,0.10404558,2.0629876,-1.6258441,0.39700562,0.60551596,-0.76294124,-0.37123695,-0.96211445,0.27450413,-2.909527,-1.0205965,0.041052263,-0.2640469,0.7679984,-1.2977482,-0.6960807,0.36908394,-1.4570273,-0.76587373,-0.67475903,-0.68997,2.097656,-0.20916238,1.3628423,0.32842454,0.44602013,-2.1062882,0.98339826,2.0785358,-1.2239594,-1.2995106
Q9GZQ3	-1.1718231,0.041510243,1.9544181,-1.2548844,-0.1066654,0.09493746,-0.50355476,0.46552753,0.81368035,0.32629716,-0.92449605,-0.3491994,-0.84828085,0.4765763,-0.8075715,0.903432,-0.7187874,-1.0359745,0.78797424,0.52919877,1.3379234,-0.74829423,0.71475625,1.5305891,0.08563513,0.22241247,0.41827223,-0.7624128,-2.5197814,-0.8230696,-0.38654953,-0.9929325,-0.71052045,-0.3596696,-0.2544662,0.54606193,0.05859621,-3.6947212,-1.7188876,-0.4847548,1.7415006,2.700926,-1.750221,-0.99546087,0.048319783,0.35659355,0.7635938,-0.91796035,-0.21335153,0.5233628,-2.8292186,-0.08274951,-1.3855681,1.7570157,-0.102340855,1.4702486,-0.00018700329,-1.1951932,0.39246792,0.51658064,-0.2889505,-0.40432015,-1.2804775,0.5383123,0.38330877,-0.8147924,0.21530096,0.0857325,0.7254521,0.7064478,1.3702402,-0.953373,3.5631268,0.4700792,-1.756117,0.19445631,0.5884202,-0.21818058,-0.347768,-1.2305423,1.4425654,-0.4641625,-1.9089216,0.37135544,0.2105092,-1.392338,-0.088390276,0.4990199,0.29485106,1.392842,0.48371848,-1.9436458,0.3460715,0.8532076,0.16782054,0.2503219,1.3069263,0.5946004,0.6133231,-1.4031332,-0.2583673,0.14071783,-0.602046,-0.31548122,-1.0101315,0.5242838,0.40220135,-0.30547774,-1.036993,-1.7391474,0.383345,0.6920372,0.121088505,1.6749489,0.5705479,-2.5056145,1.8818192,-1.0626363,-1.2096312,0.5684902,-0.3025541,1.4397286,-2.4886084,-0.7574484,-0.13187993,-0.31566715,-0.35059372,-0.1447555,0.7214494,0.40339288,0.16958636,-1.5111332,0.8116185,-1.6629523,1.9816948,2.0861902,2.276012,0.31579345,0.72441405,1.2767925,-0.49745458,0.34687647,0.1492454,-0.4352581,-1.5043745,0.24891791,1.2165607,-1.4473248,0.32232195,-0.30944493,1.0791103,-0.5742898,-1.8753366,-1.4664927,0.20021245,0.2964643,0.5401932,3.0899339,-0.028385982,0.5040294,-1.1542646,-0.90464544,1.8683782,-2.0525234,2.3744829,-0.38370633,-0.8062929,-0.5192282,3.0740728,0.65456784,1.0705647,-1.5109044,0.14530262,0.044140384,0.06174974,-1.0690329,0.34658206,1.1017845,-2.1182864,-0.48345083,0.5605502,-0.48663267,0.73210037,-0.74619997,-0.3108616,1.4797044,-0.9862862,-0.09836882,-0.26752514,0.70860237,0.6896792,-0.33862025,0.2332703,0.24322796,-0.79808253,-0.72199154,1.5756327,0.62024087,-1.3680688,-0.10206748
Q16621	-1.0551727,0.4326582,-0.74918944,-1.2821711,-1.4164866,-0.24995883,0.78341025,0.5678129,0.65994734,-1.2543545,-0.05414865,0.2870213,-0.3921342,-0.39131927,-0.8423923,0.7756931,-1.496732,-1.1683623,-0.36001796,-0.49846476,-0.26495585,0.4052623,0.59974116,0.4678738,0.44647864,-0.25336742,-0.19698186,-0.46576822,-3.9220634,0.20624493,-0.8324427,-0.83312625,-0.50367033,0.033546343,-0.16064477,0.24384184,1.7067449,-2.0782962,-0.9045351,-1.2010298,1.6767408,1.1325736,-4.2325115,-1.2598585,0.42276877,1.2924249,0.43906498,0.89390135,-1.8937833,1.942872,-1.4130093,-0.15900633,-2.2531235,1.3312446,1.3790709,1.1791445,-1.0979081,-0.10891214,0.95751506,-0.74073964,-0.7739241,-1.3901179,0.10478137,0.61445487,-0.49820727,-1.3098869,1.2142239,0.18519558,0.7958431,0.7860618,-0.47155395,-2.1976724,2.0037055,0.97795045,-1.8618032,-2.1134272,0.6262274,0.21342663,1.3593924,-0.75534606,0.7847947,0.017576795,-3.2700238,0.23059376,0.2558779,-0.23582195,-0.6791901,-2.0967872,-0.23793527,2.2407136,0.9399006,-2.359663,1.3690733,0.69970715,-0.5247633,1.1124074,0.17727144,0.74470323,0.20266749,-1.5956905,-0.5174475,0.5772821,-0.324837,-0.7501,0.9187438,0.47054023,0.43301213,-1.2078129,-0.57029074,0.6874578,-0.14628556,2.0166724,-0.9244824,1.7614627,0.72531223,-0.3995291,-0.28870282,-0.85737365,-0.7100474,-0.99781334,-1.037475,1.7401413,-3.1660051,-1.2938389,-0.57551664,-0.066355966,0.40862843,1.061693,0.3605325,-0.86253434,-2.1411655,-1.355244,0.19772062,-1.11338,2.3395517,1.2183268,0.76498723,1.1071864,-2.0183403,0.44511703,-0.2849735,-0.37164816,1.5149412,0.69895446,1.019751,-0.357306,0.42097783,0.106460586,-1.4051145,-1.796529,-1.2670358,0.2302397,-0.2871296,-1.8053154,-0.18082754,0.49548915,-0.39264718,2.6582668,0.89780056,0.55474514,-1.8146111,0.23480228,1.5391557,-1.0753322,1.2570652,-0.8318559,0.032822423,-1.5981998,3.3273811,1.9139059,0.16002283,-2.6337852,-1.6887491,1.2749294,0.23956886,2.2454617,-0.19029376,-0.86761254,-0.53069395,-0.07163162,0.19162793,-0.049544513,0.6015559,-1.7407787,-0.031129668,-1.2397424,-0.855384,0.6288316,0.22501385,-1.1767665,-0.42479125,-1.1007726,0.39446864,0.69080496,0.24829665,-1.6936698,0.24144712,0.4633711,-1.360667,0.005414845
O75191	1.0147779,-4.306365,1.3193022,-4.068055,2.13879,0.49746585,-2.0312002,1.2215532,2.4806588,-2.261432,-2.2604334,-0.91268337,0.41649157,-0.43066663,-1.5866356,0.24554677,-0.7236458,-1.3986825,3.1963904,2.0916095,1.1863488,-1.748798,1.9259701,0.58940077,-0.5650423,-0.5383778,-0.8111621,-0.6924624,-1.8522668,1.4618697,-1.0619142,0.93178695,0.71584857,0.5845325,-1.1960356,0.29707348,-1.6875842,-3.2424936,-2.9133842,-0.36679757,-0.96648455,4.563054,-0.8652831,0.9305278,-2.4022045,-2.060391,-1.566397,-0.9004619,0.47104242,1.308478,-1.2988925,0.4858481,1.1578177,0.68938446,-0.7033474,-0.4674748,-0.49076256,0.13209979,-0.596233,-0.29970393,-0.6976529,-0.19488794,-2.197838,2.2490737,-0.94353276,-2.2708604,0.88113135,-0.51701814,2.8688328,-0.28829408,-0.90183455,-0.01684154,2.6358569,0.22745246,-2.369262,-0.25824255,0.936095,0.63730043,-0.1642397,0.61720395,0.48875928,-0.6782483,-3.1727858,0.70552707,0.98973536,0.10531265,-2.0130625,-0.39775547,-2.625926,2.7318106,0.5436315,-1.3306305,-0.3441318,-0.7848113,-2.0056698,-0.32405224,-0.6170511,-1.4008373,0.9400018,-0.58354396,0.02933754,0.40751374,-2.2324333,-0.27643576,1.1089098,-0.49227798,-0.7400432,1.8566651,-0.13387735,-2.3226042,-0.7230816,1.8249023,0.92500925,1.7922152,0.5177873,-4.0015798,1.6348337,1.283248,2.1219661,-1.3300672,-1.1071852,1.5651253,-1.1963288,-0.44664857,-1.9487902,-0.57777804,-2.2919748,0.63854676,0.12105701,-1.4877775,-1.0051376,-0.6027589,0.98344284,0.07383115,1.319075,1.6437863,2.548039,0.24279797,1.8150469,0.5175337,2.9380448,1.2220503,1.6330138,-0.29846656,-1.2526169,0.53556687,1.0799508,0.30843386,0.6466671,1.6714051,1.3775498,-1.1678993,-1.1396625,1.0598254,1.2158875,0.6434534,1.805399,0.5128419,-0.56017286,-0.2647932,0.093062885,-1.3405265,1.8273171,-3.2916603,2.0074933,0.53625417,-0.25429565,-2.9874117,3.273124,2.27272,-0.09753019,-0.9164582,-0.25707364,2.9370363,-0.08218584,-1.8495498,-1.0416919,-0.37511083,-3.4339147,0.14467278,0.24747112,0.22827263,1.2367077,-1.4243805,0.36237788,1.236226,-1.2792308,0.26428327,-0.76851165,-2.489227,1.4337003,0.631907,3.0716276,2.738883,-1.2524188,-0.9974693,1.5853177,1.1909226,-0.39681256,-1.083982
Q9BTW9	-0.38831952,-0.055558257,0.5057317,-0.4718107,-0.9619939,0.76348686,0.5102525,1.0994444,1.4174557,-0.43907195,0.12104833,0.097599685,0.21034731,-2.1317692,-1.4075996,1.2417774,0.18739086,-1.1845255,1.329588,1.6989721,0.73673993,1.1307526,0.7642847,0.6587476,0.90858066,-0.2977588,0.2802586,0.39787477,-1.481169,-1.5530325,0.016328804,-1.1861533,-1.4398295,0.5569885,0.55492467,0.8140786,-0.23409054,-2.2784157,-1.3931223,0.21999997,0.5494495,3.687021,-1.1929919,-0.45577633,0.20788974,-0.33643913,1.9684192,-0.4927009,-1.2400283,0.4550877,-0.35185775,-1.2361746,-0.3858752,0.5694146,0.06132162,0.4050807,0.75090796,-2.5595055,0.11340832,-0.61715156,-0.44515157,1.8407537,-1.3806102,0.9918226,-1.8651564,-1.3191068,-0.70134336,-0.5106605,-0.44393927,0.042538553,-0.8788613,-2.251766,1.4954813,-0.088127896,-0.48616496,-1.4081448,1.4364831,0.54420286,0.61865866,0.6303941,2.665514,0.9168958,-1.8235612,0.61839974,-0.06502882,-0.7546261,0.78652227,-1.7968401,0.31226084,2.3085215,0.28462747,-2.5773864,1.0750998,-0.6589304,-2.1415594,0.7762925,1.4866055,0.3075829,1.2849499,-2.0678606,1.0875909,-0.42428982,-0.35259187,0.13492316,-2.4444823,-0.2702596,-1.0383154,0.6856344,-0.47928604,-1.620366,-0.83860683,1.6867673,0.70561665,2.8036654,0.027883671,-1.1700941,1.9560527,-1.5425123,0.6315307,-1.3993909,-0.81461126,0.637299,-0.051647052,0.0011830021,0.20165285,-0.3652331,0.5389931,-0.2775049,0.5308273,-0.12983006,0.40741122,-0.8303749,2.1143763,-2.2534757,2.4362636,1.736336,0.9466832,-1.1274271,-0.80209166,0.86355335,-0.30365324,2.7393467,-0.16833164,-0.4166555,-0.24472734,-1.1513894,0.6148782,0.08819625,1.0453348,-1.3358784,1.326943,0.10735542,-1.8292481,0.51444846,1.6774424,1.5639633,-0.8266396,2.6128733,1.1220928,-0.106204405,0.58623105,2.075255,0.11926176,-4.214117,0.6776681,-1.6241463,0.82631135,-1.6724163,2.5753465,0.8492614,0.24979262,-2.4441724,1.6539252,0.1139464,0.31722897,-1.2521447,-0.10538419,1.553165,-0.6261541,-0.28023657,0.6459934,0.848124,1.0333977,-0.5454152,0.7514325,2.4950864,-1.9783524,0.5423362,1.7635368,-0.8841869,1.8392252,0.6177239,0.19295362,0.5441317,-0.722705,-0.46416909,1.2770696,0.42279506,-0.4336323,0.67444587
O43294	-0.6054787,1.3613621,-0.39009508,-0.028678585,0.06925994,-0.19152422,0.24553874,0.665012,0.6520559,-0.8586207,-0.68036383,0.93178767,-0.6836041,-0.5852163,-1.1686844,2.183841,0.17096896,-0.25583372,0.2120307,0.3625149,1.4563161,0.4141673,0.28103614,0.6503557,-0.968807,-0.20022407,0.33729452,0.6032847,-3.3798287,-0.23626976,0.19622849,-0.93677,-0.39692467,0.49300817,0.6832557,-0.11887673,-0.019822039,-2.2804096,-1.6629397,0.5018897,1.3122871,2.1976922,-2.2592535,-0.30322072,0.6913233,-0.80912447,0.86331457,0.7466997,-1.9367983,1.2666644,0.7895582,0.8613624,-1.7451015,-0.28239396,0.1320146,1.1605558,-0.89614755,-0.27464414,0.6410464,0.09724862,0.45334435,-0.053619813,-1.2380452,0.98145777,-1.6107852,-0.90255356,-0.28494295,-0.5148638,-0.5186475,0.27209517,-0.763802,-1.9443382,0.99393743,0.20116644,0.024332741,-1.0534158,-1.4257017,-0.09428586,0.32919914,0.3634738,0.8050103,0.09227265,-3.6306384,0.89035183,0.15986626,-0.8270942,-0.70009583,-1.0841683,-1.6244067,2.7446938,-0.027970716,-1.2752502,0.1820603,1.0252944,-1.7624912,0.44836515,0.47794303,1.2463412,0.75714844,-1.154626,0.38029054,0.25416753,-2.4172547,-0.11945922,0.088459365,0.028544243,-0.13597752,-1.2079552,-0.44911325,-0.24537623,-0.9218691,1.0853099,-0.57049525,0.7339707,0.15760104,-0.5903186,0.06925476,-0.2113901,-0.14268222,-0.6145177,-0.08187967,0.5564219,-1.4012061,-0.64818823,-0.82628626,0.10098737,0.6057896,-0.44648698,-1.8967338,0.07497664,-0.65801066,-0.96065027,2.489075,0.36441612,2.8716106,0.47194335,1.5010353,0.5401407,-2.6228518,1.3246266,0.08928958,1.9609253,1.0463504,0.027204176,-0.36685896,0.14325097,0.69814837,0.56301725,0.7915387,-1.5832067,0.083619855,-0.310228,-1.2094724,0.23065947,1.2855577,0.14428303,-0.30910674,2.2447083,1.1089411,0.011281117,-0.8880372,0.79874396,2.7445796,-2.032216,0.8311648,-0.49231297,-1.0717381,-1.1178912,1.9469666,1.161153,0.29934633,-1.6308029,0.19400762,0.098706596,0.5528707,1.6051769,-0.0029997542,-0.5184814,-0.63492775,0.8422937,-0.80447185,1.4419763,1.3491302,-1.5495052,-0.07386541,0.6340376,-1.9055419,-1.4450794,1.3692218,0.06535831,0.24382585,-0.3369093,-0.27563578,0.8800672,-0.35443306,-0.8312209,0.8919658,0.017353633,0.3910289,0.46412075
P01112	-1.1463666,0.12837638,-0.7748776,-0.7136253,0.8871142,1.8288318,1.4437643,0.89627355,0.26363382,-0.70178664,0.1794386,-0.8062894,-0.92523795,-1.1764331,-1.9772403,2.087044,0.55980766,-1.4220413,0.69975597,-0.31546888,-0.12657775,1.1773666,-0.59756243,-0.41716602,-1.8951992,0.041379962,0.92278904,-0.70199925,-3.0541055,1.5738989,0.9508304,-0.76520014,-0.41626507,-0.20784315,0.37359717,0.46773842,0.58636343,-2.8094285,-1.7952925,1.0746918,0.79165477,0.49549994,-2.098789,-0.59496105,0.6511327,-1.3699023,0.4758264,0.07537019,-3.5556788,1.016252,-1.0595576,1.3204937,-1.8672405,0.69974774,0.3200299,0.6730359,-0.09108923,1.1350746,-0.7093972,-0.3130863,0.5910061,0.16452724,-1.1963179,0.9144059,-0.01961599,-0.8057131,1.815003,1.0471613,-0.117086746,0.6126728,0.89062047,-2.4244576,1.4049617,-0.4654116,-0.75152665,-0.8209989,-0.17343561,-1.6931394,0.14382285,0.34883425,-0.012601317,-0.32930332,-2.237696,-0.11592323,-0.3002995,-0.73413503,0.2722253,-1.4754292,-0.1312527,0.23855107,0.22001402,-0.9054172,1.837177,1.7321084,-0.36974457,-0.06036378,0.97670007,0.64776045,0.941015,-1.5107507,-0.1303808,0.59692067,-1.2950177,-0.30434397,0.1949402,0.4065215,-0.37397224,0.25017983,-0.96394354,0.10838148,-0.10160904,0.33525234,-1.1711295,0.60985065,-0.21213482,-0.33003408,-0.14244498,-0.96208626,-1.5263574,-0.050755106,-0.4861508,-0.40772387,-2.1596434,-0.33156234,-0.6360665,1.149698,0.26960954,0.86795485,-1.7029631,0.9348554,0.20551988,-1.1226511,2.1781263,-0.13249348,1.4477036,-0.3554139,2.5964031,0.8012522,-1.4842914,1.0142623,0.5187494,-0.040144958,-0.046622213,-0.91298145,0.028792351,0.9072622,1.2267482,0.09508133,0.01743403,-0.8446015,0.8760057,-0.0875692,-0.8230844,0.54419607,-1.1161695,0.82793623,-0.56355053,2.0706542,1.3666258,1.1397959,-0.8843074,0.28520465,1.2381064,-1.4496918,-0.44587478,-0.40673846,-0.8349334,-1.0989023,1.6344794,0.3155107,1.3017558,-1.462322,1.225082,-0.5337125,0.66131,1.3326378,-0.3501793,-0.4550119,-1.2477369,0.6171843,0.32658318,0.82697,1.5416392,-0.8512308,0.119768925,1.1562074,0.12584591,-0.19004561,1.171568,-0.38159153,0.6431959,-0.7666868,-0.29040727,-0.24446818,0.4652544,-1.6956573,0.08870496,0.22946626,-1.1674209,0.8744109
O60216	-1.3041396,0.6506098,-0.10877982,0.2121868,-1.1381696,0.36766642,0.30155528,1.0669837,-0.80158424,-0.20538874,1.0952003,0.75095725,-0.1360832,0.9438535,-0.24940903,2.3604202,-0.573738,-1.7527487,-0.39837176,0.28887102,-0.37086475,0.49119073,0.5532047,0.30571112,1.1702111,-0.3528456,-1.1632034,-0.0017741298,-2.8971558,0.20322558,-1.2965693,-1.3688505,-1.5116904,1.9153906,1.0619639,0.13765718,-0.0034441848,-2.9818404,-2.3216176,-0.39845908,0.54140776,0.6978496,-3.3945985,-0.68374735,0.8401754,0.9919846,0.6499156,1.078803,-0.6502085,2.0427554,-0.18285605,0.7863458,-1.6559687,2.4231985,0.5252116,0.44216374,-0.56278414,-1.7708343,2.1026917,0.23034514,-1.3538476,-0.18101257,-0.02978553,1.3907385,0.20265703,-0.5810627,-0.37491113,0.84595513,0.3765424,1.0161746,-1.7555668,-0.61994797,0.18822072,0.24742936,-2.9017012,-1.6387081,0.9197998,-0.9284885,-0.047195334,0.42691374,1.1243575,-1.4856166,-2.2376444,0.01245866,-0.6568053,-1.718612,0.42319936,-2.4757104,-0.8507533,2.7652676,0.2188884,-1.933094,2.1211941,0.5142447,1.0471177,1.069002,0.85016817,1.0663152,1.7951088,-0.9687376,-0.064291194,1.922605,0.22879195,-0.7894092,-0.39067677,1.015393,0.48612544,-1.0714817,-0.90448874,-0.6471922,-0.89466435,1.7642012,-1.2132353,2.5079124,-0.38654217,-1.1385373,-0.2100539,-0.3601486,-0.8097407,-1.4021528,-1.2316636,0.20089369,-0.88880986,-0.76294684,0.19309427,-0.049905,0.92037475,0.50881624,-0.04390553,-1.2920568,-0.29011533,-2.4300175,-0.9415659,-1.0452917,1.9489677,1.1677892,1.2315692,0.34075564,-2.0775769,0.22301969,0.26473764,0.09899654,0.56119007,0.11893867,0.5983191,-1.1698116,0.4438635,-0.6023387,-3.1053236,-2.3312812,-2.426763,0.60491574,-0.618644,0.16996336,-0.39253604,1.4920131,0.648831,1.7595437,0.61224926,-0.16907771,-0.34540462,0.70759535,1.758438,-0.50361854,2.2093415,-0.59760606,-0.99877393,-1.0802035,2.7571278,1.2099942,0.09401318,-1.6762882,-0.3839627,2.0499363,0.42631638,1.9215195,1.069145,-0.3479667,-0.86601007,-0.0208253,0.09682706,-0.17706062,0.502874,-1.6276745,-0.25065205,0.68082494,-0.9694245,-0.81584597,0.36935785,-1.2339636,-0.6333747,-0.15286328,-0.34440508,0.8412209,-1.3009244,-0.2012819,0.58345723,0.17425139,-1.2447157,0.9607471
Q86XF0	0.104807705,-2.3341415,0.32718837,-4.43315,-0.36010554,0.15073678,-0.47483882,1.3934,1.0566214,-0.30926242,-2.4299467,-1.9685006,-2.366031,-0.20327224,-3.018704,-0.16227964,-1.1240212,-2.319953,2.040708,-0.001194703,1.8974723,-1.499067,2.4646506,2.1775784,0.059587352,0.6248094,0.99094975,-3.1726089,-1.4661036,-0.4696746,-2.262534,-0.67180574,-0.45527077,-1.1915259,-1.942009,2.3027928,0.20513064,-3.1413944,-1.3314466,0.6440144,1.0152676,3.590573,-0.44189295,-1.15685,-0.23663414,-1.2642548,-1.4200045,-1.1357955,-0.079540916,-0.80357873,-2.3326962,-0.2649898,0.77875966,-0.2484708,-0.5567597,1.7749307,-0.96202374,-0.49643898,-1.5255792,0.7340794,-0.7144238,-1.1468302,-1.0265477,1.1347842,0.4646949,-0.49209243,1.6382834,0.1797602,0.01486844,0.11938216,2.3296518,-0.13637325,4.310232,0.37001488,-0.64840835,-0.041902166,-0.061895173,0.17432669,0.9773385,0.2118342,1.1563497,0.16781196,-0.78099537,-0.5584705,-0.59530056,-0.49493524,-2.092616,0.90064555,-1.1981518,-0.011767449,-0.12870823,-1.5682898,-0.8109941,-0.56139183,-1.6373745,0.55585194,2.0381515,1.1668587,-0.0665806,-0.7495098,-1.441568,-0.7336191,-2.3124583,0.958804,0.12261827,-0.016798407,-1.2910192,0.30893865,-0.36343727,-1.1746582,1.5289646,1.592819,0.18325156,1.4348296,2.7877011,-2.2702217,1.2846537,-0.2588221,-1.0194145,0.33638704,-0.37605777,1.496776,-0.7692067,-0.9819311,-1.8997072,-0.90936625,-0.997818,1.1688836,2.0270116,0.6290531,-0.312515,-1.8459744,2.153278,-0.8213548,0.23514682,-0.07594348,2.0456796,0.61911863,3.692567,0.51321274,-0.47790596,-0.28565195,1.2180374,-0.8165686,0.4954797,1.9832646,2.1425676,-1.5111034,2.1880994,0.8725187,1.5311358,-1.4685695,-0.20195156,-2.1704092,0.7881292,0.5702224,0.45952973,0.7938945,-0.48858097,0.2283166,-1.7378091,-2.977795,0.68640906,-2.529189,0.7117603,0.25928795,0.15183914,-1.2494947,3.3020546,0.3126228,2.60604,-1.9112164,-1.2859639,0.6859439,-0.6566204,-0.44176266,-1.7243515,1.2615616,-3.1663854,-0.21730085,0.08666724,-0.33259872,0.4456902,-0.3654549,0.16334687,-0.45501256,-1.8133123,0.61078954,-2.334448,-0.19425565,0.5917966,-0.6539276,1.515251,1.6692032,0.7092618,-2.2094789,1.5904512,2.2665381,-0.058985267,-1.8262396
Q969U6	-2.0672197,0.4359412,0.8607188,-2.2117934,0.65208006,1.586731,-0.84880143,0.8724169,0.32404166,-0.41417682,0.74055886,-1.4734868,-2.0173197,1.2712418,-2.0730395,2.2680051,-0.7823805,-2.3107772,0.50140584,0.5314753,1.1528833,-0.23476169,1.9856594,-0.18871748,-1.2973207,0.5939227,0.014987098,-2.3308616,-2.332001,1.7911888,-0.78869194,-1.6971983,-2.0058134,0.019356446,-0.27244332,1.2405045,0.74132854,-3.6615763,-2.8991,-1.1304225,0.8814009,0.4842071,-1.908124,-1.5648278,0.35590962,-0.68477416,0.49195853,-0.08298828,-1.7135098,0.57364535,-0.42154866,-0.12105391,-1.0002161,2.6516218,0.10296755,1.1284872,0.37812492,-0.04084667,-0.33517793,0.34809956,-0.1515756,0.804578,-1.7198482,0.6770492,1.0055425,-0.5360653,-0.045894876,2.5037599,0.3104852,2.1846132,0.9071458,-0.074354365,3.35002,-0.6353656,-1.2274318,0.87979954,0.5812809,-1.5782523,0.27088827,0.070251755,0.13210003,-1.5025353,-2.0949645,-0.35796103,-0.06065664,-0.8156689,-1.0678767,-0.9796124,-2.259292,1.2337099,-1.2974122,-1.7024623,2.9406984,1.9744885,-0.66689044,-0.10772465,1.7264507,1.6701198,1.661748,-1.5442306,-1.6743262,0.23104565,-1.4892551,-1.5181117,0.4123075,0.72368944,-0.22591692,-0.9455407,-0.123299114,-1.4189188,0.4417507,0.69273967,-0.8338152,1.2008948,1.2560796,-2.5564725,0.14464921,-0.5373027,-2.4227076,0.044099867,-0.52491784,-0.3858367,-2.0890033,-0.5526303,0.1631612,-0.07570716,0.4758267,0.57409376,-1.3053727,-0.13413934,0.341321,-1.7212559,1.0069853,0.37858918,-0.21098378,0.24835016,2.7930038,0.83504295,-1.9465122,1.3906041,1.707824,-0.21376278,1.2539662,-1.3233099,-0.9095673,2.0033584,1.8727511,-0.94840574,0.25058445,-1.974079,0.48122782,0.05628921,-0.8352777,-1.4646987,-0.413097,0.05626707,1.8389765,2.4727883,0.79221725,0.9466625,-0.5114689,-1.3370408,0.9947011,-2.624051,1.5664035,1.3784013,-0.73571086,-1.652182,2.7965834,1.224602,0.843847,-2.022221,-0.07325586,-1.9240849,-0.50942296,0.19508497,0.32633314,-0.21890213,-2.832983,-0.05069027,1.2291864,0.7620009,1.9701686,0.32816747,-0.27547067,1.5771941,-0.4220442,-1.3053862,0.5782534,-0.42187753,0.99244493,-0.5794492,1.522085,0.10932572,1.1447215,-1.4265285,1.0674021,1.3465867,-0.86175996,-0.62888956
P02747	-0.5083541,-0.6304081,1.5537426,-0.35984877,1.4113437,0.15470526,-0.3587631,0.53962237,0.41542155,-0.6201374,-1.5114095,0.5966381,0.8246081,0.22474125,-0.4505654,1.6130898,0.3865465,-0.10555416,3.5988927,1.0126526,1.0157993,-1.1630042,-0.9506106,0.33022657,-1.1926767,-0.008469559,-0.35363784,0.5164737,-2.7269697,-0.35439762,-0.116285525,1.2103578,0.4012764,1.0460968,0.3894595,-0.59562737,-1.4143565,-3.2589855,-2.2997916,0.2801207,1.0286697,2.7689235,-3.0451977,0.53587663,0.5994205,-0.5272425,0.6506867,0.37308818,-1.3341999,1.5468206,-0.655697,1.1997497,-1.9390336,1.3059337,-1.2015661,0.64603037,0.34866816,-1.3630842,1.2314537,0.83952034,-1.2904165,0.37267932,-2.0019994,1.2965696,-0.72436816,-1.9491794,0.32169202,-0.5495284,1.940894,0.23681957,-1.3937134,-1.0858577,0.006772227,-0.26699275,-1.5084698,0.5205854,-1.1640478,0.021888847,-1.6941105,1.2226522,0.067413315,-0.8130227,-2.8349807,1.9450473,0.51819515,-1.5107354,-0.43256024,-0.36616477,-0.17507291,3.855848,0.27911484,-0.47173196,-0.803527,0.8437052,-0.13634658,1.1184808,0.08967137,0.27661353,1.3967851,-0.5105764,2.0416753,1.2322139,-2.1345503,-0.6988077,-2.0563428,-0.515307,0.7925918,0.93670374,0.13581678,-1.5455252,-2.5162466,1.2862654,-1.8170036,0.8726088,-1.2072915,-3.3156326,0.6174113,1.0403668,-0.60624105,-0.4348684,-0.5956909,1.9425131,-1.7215159,-0.74862665,-0.31377983,-1.457074,-0.7176393,-0.39551583,-1.0202768,-0.3053932,0.40927517,-1.4797155,2.0300987,-0.14052355,2.5295975,2.0159967,2.5192745,-1.1210225,-0.33156484,0.33746147,0.6553102,1.7320491,-0.1446776,0.27716818,-1.0364364,-1.8115531,1.0917549,-0.49015304,-1.4148706,-1.0314606,0.71030086,-0.6576266,-3.2558553,0.7519958,0.22503413,0.49908936,1.7114519,0.9194331,-0.05400368,-1.5910194,-0.14188913,-0.44563955,2.6166809,-1.2204785,2.71437,-0.4190388,-2.2426262,0.07959032,1.885211,1.382594,1.156621,0.099265285,0.029523022,2.1437337,1.9098196,-0.085421994,1.5857806,-0.10936425,-1.842939,0.9048241,-0.0036970389,0.15458888,1.6548638,-2.699928,1.5176226,2.8367639,-1.2411058,-3.0800097,1.4271128,0.25915146,1.1969025,0.5558264,-0.23897442,2.0973988,-2.5092824,-0.83970827,1.5762361,-0.28076547,-2.1542258,1.2756574
Q99704	-1.4996696,0.19940762,1.8238294,-1.3994874,1.68959,1.9831505,1.0708504,1.6140299,-0.81658,0.32243004,0.14010456,-1.1421977,-1.1367632,0.17113806,-2.0313096,1.369674,0.65098643,-1.8540884,0.45955694,1.0231932,1.9997739,1.0440003,-0.38447586,0.60948193,-1.3243004,-0.2527667,0.67728215,-0.15520732,-3.4938006,0.64060473,1.1096464,0.012739214,0.24271569,0.22208048,-0.20110267,1.0598612,-0.06762807,-4.651344,-2.017432,1.2090199,0.76102453,1.5020399,-2.4087305,-1.7680951,-0.42679107,-0.7073455,0.43394926,-0.73248327,-1.4887363,1.4427726,-2.1350842,0.5229324,-1.4905524,2.6368961,-0.36880088,2.1075058,1.9284112,0.05096571,0.3889765,0.35556775,-0.6518528,-0.62461895,-2.3073394,1.3828219,-0.08691862,-0.6123114,0.02116558,1.7281318,0.20985524,0.14969608,1.3834412,-0.48390067,1.8598491,-1.4376621,-0.45402488,1.6126789,-0.017520074,-1.5696198,-0.9948169,-0.9717575,0.28260827,-1.756838,-1.215209,0.6045648,-0.36842185,-0.034337647,1.5015944,0.88933384,0.6017616,1.0333915,-0.72692263,-1.2877105,1.4727739,0.9321139,-0.5028798,-0.85747546,2.3311048,0.8298496,0.34720552,-1.9483677,0.38773376,0.41845816,-0.88357127,-1.092776,-0.14402182,1.70038,0.5048894,-0.0093622105,-1.5170981,-1.9922422,-0.25118473,-0.38944322,-0.5383512,1.4774137,-1.8596668,-2.41786,1.6786463,-0.7314916,-1.2413731,0.8282961,-0.75221914,-0.53793305,-0.39453825,-1.4920415,1.3998332,-0.35598606,0.79337364,-0.19107752,-1.8017972,1.0847367,1.7209667,-2.1992006,1.3558016,-0.6901544,1.3023937,0.5083299,2.8819432,0.39130124,0.14156301,1.7236687,-0.21283078,0.31118318,0.06587282,-1.7530435,-2.012239,1.0017787,2.8910983,-2.0725715,-0.7855751,0.8659438,0.84110594,-0.75918883,-2.2132678,-1.7166882,-0.95466524,1.8086369,-0.11902713,2.4075968,-0.16318144,1.1095654,0.42274994,-1.2112025,1.9332184,-1.5889329,0.8524668,-2.0389845,0.12152527,-0.7601207,1.4850434,0.829397,1.2688466,-2.8045845,0.67655164,-0.5867733,2.309045,-0.6612898,0.18381667,-0.2885426,-1.9589707,-0.42923114,-0.3234891,-0.75593996,0.9747845,-0.38704163,0.26690647,3.0355186,0.8791096,-0.9791491,-0.23899071,0.42422166,0.79685485,-0.7699049,-0.10304728,-0.43106946,1.0465997,-0.8053345,1.0349959,0.637662,-1.7861432,0.35593787
O95644	-0.3530785,0.42824635,-1.2586858,-0.46219224,-0.53623074,-0.023755752,1.9999728,0.33341742,0.5502881,-0.9505769,-0.09197761,-0.22779486,0.025976747,-1.0160602,-1.1179695,1.3356756,-0.7093138,-1.3378315,-0.8942248,-0.46627313,-0.10234151,1.1500288,0.18965018,-0.9840925,-0.20846789,-0.49404624,0.49792978,0.27731776,-4.2610908,1.3483876,0.8831115,-1.3136357,-0.8461084,-0.82963485,-0.27334005,1.0331482,1.1481422,-1.8862184,-0.9192617,-1.2186215,1.3978676,0.2214168,-3.053725,-1.0795493,-0.2972965,1.1776664,0.40109852,0.6434117,-2.1733968,2.3809478,-1.0302799,-0.10146091,-1.3880346,1.1726089,1.4176347,0.7284343,-0.4419669,0.9219702,-0.16243923,-1.0208737,-0.5413681,-0.35252804,0.7415076,0.6792181,-0.80630547,-0.3518905,1.268669,1.210136,0.34196085,0.7190022,-0.36731085,-2.3553565,2.0537436,-0.16055237,-0.6691054,0.053093206,-0.7053329,-0.88830006,1.2288963,-0.450301,0.17173423,0.15377077,-2.9794538,0.28945544,0.106262505,-1.0171697,-0.31571415,-2.286756,-0.94036853,1.1388133,1.1209406,-2.251861,2.4222734,0.90901226,-0.59225106,0.44197407,0.10146326,1.184516,0.84130543,-2.1175954,-1.059123,0.8785604,-0.89111763,-0.48905736,0.90671337,0.72928125,0.6276685,-0.13634655,-0.58937556,-1.0995035,0.224716,0.8532038,-0.20069557,1.3275968,0.9621697,-0.08471341,0.41204828,-0.69747555,-0.47222134,-0.7318043,-1.2908149,-0.036179963,-3.5481427,-1.8712838,0.64952385,-0.057039976,1.7653025,1.358276,-1.1585339,-0.024933698,-1.1084292,-1.6266291,0.27579656,-0.34207174,2.5484965,-0.79420274,1.0948066,1.1992435,-2.281002,1.3028641,-0.5741562,-0.3783573,1.7349497,-0.12018871,0.8068117,1.0439061,1.1807367,0.03931248,-0.10412373,-2.139121,-1.0479997,1.0789868,-0.2210234,-0.8404209,-0.5666202,0.60054904,-0.8883536,1.9855464,1.8688323,1.1277357,-0.81359375,0.60633856,0.31463897,-1.2731205,-0.23281993,-0.9347193,-0.22658753,-1.0464149,2.8496747,0.985681,-0.076367766,-2.3264272,-0.6943561,0.17624384,0.86341685,2.2954845,-1.6883955,-0.5180675,-0.36129063,0.3525672,-0.2590888,0.55277795,1.0143318,-0.83968085,-0.1459341,-0.3866187,0.886665,1.0950626,0.38353863,-0.31687114,-0.52283883,-0.28805178,0.6472605,-0.21626787,0.9740568,-0.39455402,0.7651654,0.14841802,-1.581092,0.3641843
P15090	-1.0733756,0.24347632,0.2572178,-1.9413358,0.959803,-0.84334636,-1.4958581,0.38575828,2.184448,-0.16923302,-0.8774163,-0.24640216,-1.27449,-0.10754153,-2.2831724,0.6803307,0.08505697,-1.1864117,-0.042248826,0.07654011,2.1656115,-0.5304662,1.1212267,0.11664588,-0.9703874,0.5699853,1.3171741,-0.5858002,-3.1201255,-0.51013386,0.7315441,-1.0203613,-1.1925263,0.795457,-1.3377451,-0.16795509,0.1275852,-2.413964,-1.9576576,1.9073952,0.8500785,3.175016,-0.8110688,-0.85368,0.72900873,-1.0419011,-0.48451865,0.91361445,-1.4985573,0.036653,0.4664662,0.16085534,-0.54232895,0.5280871,-0.8434185,2.0031881,-1.3034307,0.23953597,-0.95908535,0.75440943,0.18604825,-0.7514089,-1.48373,1.8842167,1.7255529,-0.30660838,-1.1924869,-0.5006759,-0.20033422,1.1394777,-0.41225725,-0.64787096,1.8067135,-0.13634987,-0.6584673,-1.9067448,-0.5118161,0.10044063,1.7092243,0.4914102,-0.91878104,-0.2475066,-3.7148461,-0.24167497,1.2193369,-3.0305424,-1.1317925,0.07101985,-2.3835025,2.382571,0.4347818,-1.4752679,0.7680913,1.5116084,-0.54786444,-0.19978866,0.10755378,1.2715409,1.4476959,0.12551852,-1.0772324,0.5332411,-2.3118837,0.8499443,0.45889232,-0.27898636,0.5588199,-0.11604705,-1.5462456,-1.3673079,-0.07373646,1.3899174,0.14970045,0.0056359484,1.2136474,-1.5524794,-1.0443598,1.0647945,-1.4567796,-0.74378264,-0.26635906,0.4680875,-1.4484887,-1.0830277,-0.8241969,-0.1467031,-0.92809016,-0.9384741,-1.1365767,-0.9890831,0.19161291,-2.2558026,2.3576396,-1.1734469,0.26959974,1.6801505,1.4433663,1.3086191,0.7052675,1.4270138,0.07017453,1.2600027,0.6075233,-0.9480311,0.3620534,-0.26320845,0.022809302,-0.9116696,1.0648361,-0.6448485,0.52736485,-0.14667954,-1.1445148,0.021427922,0.07556415,-0.183665,0.7769095,1.0548792,1.6661824,0.07005792,-1.4390838,0.37989193,1.0554761,-0.24509904,1.9870455,0.055604894,-0.5839071,-2.002542,1.9606987,1.2423933,1.6035262,-0.4335309,-1.6260338,-1.2278764,-0.10056957,0.19562322,0.042256758,-2.1958518,-3.2912664,1.1114652,-0.024855036,2.3256109,-0.19103085,-1.9937047,-0.8389211,0.17844176,-2.5900378,-2.100751,1.2444131,0.5078133,0.6837767,-0.75126207,1.420185,1.8145893,0.28174558,-0.7865535,1.3224797,1.2052349,-0.6257798,0.47473657
O60542	-1.1083426,-0.8530472,0.95972383,-1.7400682,2.090148,1.6976792,0.6260418,0.96141255,0.6972914,-0.06382039,-1.646948,-0.29109648,-1.7248155,-0.6717074,-2.2707665,0.7517932,1.0097352,-1.764898,1.0570043,0.95278037,2.4735417,0.17478266,-0.24074535,-0.2713235,-2.0873556,-0.5078468,1.3565388,-0.3298011,-3.6693463,-0.21216236,2.96576,-0.050341226,1.3894429,-0.44824755,-2.0288312,-0.40421826,-0.037451647,-3.535983,-2.1245456,1.3649015,0.5644068,4.0622563,-2.5253987,-1.3710004,-1.0116184,-1.2396098,0.6917247,-0.99603397,-1.7157809,0.92014915,-1.3490247,0.708109,-0.67297244,0.9531953,0.75827175,2.25739,1.1745955,0.40856373,0.22766703,1.3055811,-0.21616317,-0.51932836,-2.6083865,1.9667395,-0.6300702,-1.3257384,-0.87988454,-0.41886708,1.1901722,-0.8147523,1.5503305,-1.5786825,2.670777,-0.536941,-0.23026162,-0.53266895,-0.8821974,-0.43246377,-0.039825626,0.1978679,-0.5188923,-0.10435345,-2.8847444,-0.33109373,0.8120747,0.8002164,0.40549827,1.555441,0.46184447,2.212472,-0.73930097,-1.3476897,-0.27227896,0.8632466,-1.3202572,-1.0611973,1.0318273,-0.5367708,-1.1708337,-1.0089558,0.9971453,-1.2985586,-1.6514319,-1.1174865,0.16258883,0.085310064,0.6216869,0.9967265,-1.7240485,-1.5533795,-1.6093792,0.6609092,0.57193035,1.0589573,-1.0542891,-2.0644915,1.6996306,-0.5560029,-1.0401757,0.3730317,-0.25274175,1.6608382,-1.0272591,-0.80224013,-1.2199521,0.1126078,-0.64306617,-0.28701058,-1.2887759,0.06224342,-0.3200767,-1.3953848,2.9650545,-1.5882837,1.0009474,1.9780875,2.852011,0.89395154,1.864479,1.5005549,0.030052083,2.4694967,0.22706869,-1.6830435,-0.9471277,1.111725,1.815146,-1.439472,0.5965972,1.603106,2.0913377,-1.0553545,-1.9547787,-2.228577,0.14138521,1.4591582,-0.016633105,2.0351686,0.38487768,0.60793585,-0.82699025,0.014449703,1.5524019,-1.8249221,0.60187054,-2.1800184,-0.2954998,-1.1559243,1.317103,1.9788656,0.75998867,-2.0388637,0.20140061,-0.5458844,2.339593,-0.6071938,-0.8576266,-0.9929252,-2.2146614,-0.011714051,-1.5000815,0.7178294,1.4269061,-1.7846049,0.36162856,1.4397147,-1.437891,-0.1976709,-0.20246431,-0.25044662,2.0937278,-0.93082,1.1839039,1.6570449,1.1685431,-1.5827326,1.5480593,1.2143893,-0.8885065,-0.3663355
P09016	-0.95275474,0.41410187,-0.5478022,-0.48703715,-0.6807821,-0.17586495,0.89032555,0.46229854,0.30022082,-0.7431077,-0.1429967,-0.0030120371,-0.92401916,0.021380607,-0.77300113,1.2870377,-0.79208213,-1.0267816,-1.0957237,-0.43077374,0.30642146,0.72523606,-0.031212721,0.20686501,-0.40247926,-0.7131137,0.6283167,-0.015102164,-4.580623,1.3270656,-0.02036158,-0.815238,0.012729576,0.16316207,-0.5153835,0.3419482,1.5003618,-2.6331418,-1.4249024,-0.7283897,1.4931664,0.86263597,-4.0923514,-0.68415934,-0.23782142,1.017937,0.77356064,0.8567096,-2.1130564,2.5119522,-1.1529999,0.44324362,-1.8372749,1.2356759,1.6222647,1.4050272,-0.71676964,0.6828323,0.61544955,-0.72502637,-0.8407855,-1.0285846,-0.17718889,0.7026561,-0.056451563,-1.0158926,1.0218027,0.8024083,0.6518263,0.11708848,0.21812543,-2.3716865,1.9522308,-0.028997451,-1.5812995,-1.4970512,-0.027591266,-1.0250571,1.1686426,-0.977688,-0.01770407,-0.32020882,-3.808145,0.32923177,0.4062773,-1.1181408,-0.76623076,-1.985376,-0.6528637,1.9956137,0.8990381,-1.8960669,1.7856266,1.5053605,-0.4718039,0.22372709,-0.32097897,0.32387304,0.10819637,-1.6411424,-0.19234988,0.9743821,-0.77482,-0.5664727,1.2353771,0.9996725,0.8726368,-0.51995945,-1.0077901,-0.19495782,-0.06690745,1.3461947,-0.7096289,1.6596932,0.5634951,-1.3052913,0.37854537,0.2285363,-0.45183104,-0.9063312,-0.78737813,1.4008281,-3.1135027,-1.639274,-0.76166743,-0.12558876,0.70401585,0.9556935,-0.4585017,-0.89658886,-1.6106241,-1.6967126,0.13557339,-0.46954602,2.529042,0.90380245,1.4239265,1.9419067,-1.8630754,1.0844436,-0.10722701,-0.51182765,1.6758195,0.117001906,0.90331453,0.14468813,0.6088984,-0.26658744,-0.9460448,-1.8036982,-1.4011551,0.26281214,-0.117847614,-1.427891,-0.6495447,0.4757795,0.41683397,2.152508,1.2208921,0.62796485,-1.7153869,0.4360164,1.5377458,-0.7737224,0.54167205,-0.67276335,-0.21574223,-1.5565317,3.6421695,1.191614,0.25266537,-2.6805332,-1.1900926,0.98544806,0.9174152,2.5402997,-0.41160977,-1.3596551,-0.75681436,0.7078168,-0.63397855,-0.18908562,0.28289333,-2.0522785,0.031134922,-1.0922194,-0.7675956,0.15788315,0.6130171,-0.35443658,-0.8258171,-0.9362957,0.66189176,0.57985145,0.20384747,-0.9180042,0.45064783,0.6777308,-1.7325269,0.06816771
O75807	-0.86774623,-0.29386225,-0.7149561,-0.6215007,-0.68533283,1.4599913,1.1620915,0.32060662,0.64539987,-0.4582425,0.06752608,-0.07700042,1.194771,-1.6799687,-0.7912245,1.3108058,-0.63242865,-1.2628882,0.35961837,-0.12164359,-0.9258282,0.47641155,0.71005934,-1.2386334,-0.144778,0.1286553,-0.21525656,-1.1556535,-3.298956,-0.59660256,0.999435,-1.1746709,-1.5452026,-0.33983013,0.06568025,0.897956,-0.15545103,-2.3632061,-1.494355,0.4209634,0.686131,2.1009164,-0.90991867,-0.58367115,0.52495563,-0.41489434,0.36884487,-0.3053776,-2.3180609,0.2605616,-1.6127815,0.7638742,-0.70956296,0.8736805,0.18338658,0.1347872,-1.1947674,0.7115755,-0.6516086,-0.43061522,0.5724756,0.2577225,0.18473642,1.6332985,-0.053518537,0.5598695,1.8176719,-0.5594399,1.2562263,0.95987236,-0.24670035,-1.5405333,1.5787623,1.4480057,-1.4268062,-1.4808648,-0.7276761,-0.05627215,1.227054,0.40037283,0.9176961,-0.7337677,-1.8278385,-0.22221945,0.11704918,-1.8713955,0.09343281,-2.396874,0.27391568,0.5124747,0.78735435,-1.9101623,1.8052491,0.54617363,-0.057524767,1.3047158,1.1171907,0.77533877,1.8594782,-1.1255713,-0.8964254,0.16235606,-0.054809347,0.9903429,0.89523894,-0.9810464,-0.15489581,0.4876326,-0.07347418,0.08151131,0.6987271,1.4346958,-0.8279351,2.4985552,-0.101476856,-0.4639513,-0.56732696,-2.1750667,-1.2362404,-1.2533872,-1.0821636,-0.4911585,-2.5040271,-0.6443158,-1.3114206,0.8399177,0.6054018,1.1728411,1.4547896,0.5258359,0.36704236,-2.2521381,1.0282842,-0.65084344,1.8440834,-1.0698085,1.5398846,-0.182387,-0.9199963,-0.8062361,0.06228695,-0.3897063,-0.46182936,-0.4832952,1.4448284,-0.27220663,0.41308212,-0.45525473,0.32161415,-1.4933238,-0.16655982,0.15996386,0.06878624,2.0800438,-0.904536,1.532906,-0.83356214,1.6842978,2.491124,1.0729129,-0.5738035,1.0390595,0.7022909,-0.84621453,0.6008804,-0.067462854,-1.1788609,-0.6188033,2.7128093,0.018895095,0.5815339,-0.45010188,0.5935633,0.38158906,-1.1210865,0.5150571,-0.047247913,1.459999,-1.9810121,0.47992355,1.4057236,-0.511639,1.8045424,-0.70555836,-0.46151912,1.0049919,-0.22926204,1.6997812,1.5204184,-0.8614082,-0.41065463,-1.6141639,0.6263501,0.4708952,-0.8979413,-0.95670074,0.5143858,-0.6360247,-0.5010974,0.4600774
Q99538	-1.1845089,0.79942364,0.72655976,-0.57670826,0.79855114,1.5991653,-0.52415866,0.53290707,1.4668329,-0.8588002,-1.155118,0.43531772,0.44888484,-1.0336028,-1.0782546,1.8130589,0.26130173,-0.5566773,1.144382,0.3532049,1.1006799,-0.8963046,0.46196455,-0.5883299,-1.1768767,1.1579846,1.0858822,-0.7115004,-2.0183537,-0.12420137,1.2154263,-0.69838065,-1.3888764,0.14667316,-0.7209543,-0.33716902,-0.35562995,-1.7689226,-2.5601134,0.7013815,0.8578098,1.9879553,-1.1987778,0.32942078,1.0320327,-1.8438884,0.88914603,1.1146989,-2.7998786,0.01710745,-0.79628813,1.0706518,-1.4543802,-0.29690796,0.09940781,-0.08434473,-0.56552905,-1.0277313,-0.3677519,0.24947034,1.6227143,1.3050984,-1.7337317,0.916578,0.124631904,-1.0844994,1.2559915,-1.2722343,1.1485677,0.30849314,-0.09166745,-2.4151847,1.0540663,0.52311236,-1.6675802,-0.6940099,0.15045248,-0.18287082,1.2602336,1.5754976,0.29012504,-0.3839094,-3.3345118,-0.30641752,0.53816235,-1.724225,-0.79267997,-1.3913226,-0.8343219,0.8585038,0.37938958,-0.8599565,0.9532908,2.5407152,0.4450583,0.6878993,0.22569156,0.47586113,1.5485368,-0.52091104,0.40401593,-0.59056,-0.9696089,0.15925616,-0.7776132,-1.2740536,-0.7691087,1.0937127,-0.22457302,-0.3336381,-0.34765306,1.644807,-0.6918929,0.083190896,-0.25914744,-1.8974026,-0.42371532,-0.7970332,-0.87972385,-0.99079245,0.14678639,1.054937,-2.1686327,-0.16736846,-2.6485023,0.5428744,-2.0222137,0.3896391,0.09508105,0.285648,1.0878284,-0.2129152,1.365237,-1.1813593,1.0073755,1.4041007,2.4643106,-0.12157751,-0.07494897,-0.244749,1.62147,1.2648622,-1.2408019,-1.2181238,0.34709656,-0.5558291,-0.034497816,0.14351109,0.69720936,-1.7571814,1.5595937,-1.3631905,-1.9333161,0.4035829,0.62352496,0.13456538,0.6910843,1.9086826,1.4985465,0.07780729,-1.3426412,1.9516758,1.0181197,-2.4945617,1.3024822,0.9397064,-1.2582495,-1.1673945,2.1723003,-0.049774118,1.4224623,-0.25741926,1.7939482,-0.26622832,-0.5782981,0.39926538,0.5026733,0.21397561,-3.0198658,0.5796693,0.24088126,1.6724522,1.9911106,-1.46478,-0.08748359,1.9722053,-1.8348391,-0.819217,2.228721,0.12130374,0.8003907,-0.42750275,0.78697133,1.2651349,-1.1226983,-1.0706874,0.47400886,0.44339693,-1.0010159,1.1463765
P02585	-0.7056441,-0.54177195,2.2179632,-2.3456964,0.74845713,0.81497175,-1.5676028,2.3534567,-0.35301507,0.20554583,-0.44496953,-0.4668327,0.022413235,0.72573113,-1.2283888,0.74945134,-0.06590255,-2.7087135,1.8602827,1.942177,1.1175232,-1.3879313,1.9977638,1.6898824,0.004952168,0.99086225,-0.9090948,-0.72768885,-1.3319236,-0.784248,-0.13956518,0.7344918,-0.5472814,1.3012102,1.4323299,0.75414413,-2.6385267,-5.3695393,-3.23457,-0.5289237,-0.79891896,3.6621711,-1.3418906,-1.5570779,-0.19869268,-0.7324883,0.4079312,-0.47874835,0.5636313,-0.36007187,-0.29848698,0.3172112,-1.455984,2.622319,-1.427716,0.6636889,0.9049704,-2.5265226,1.0913707,1.0846316,-1.9723319,-0.306143,-2.4738479,2.2003047,-0.46929285,-1.0111934,-1.7178019,-0.8749905,1.4438775,1.7110765,-1.0839835,0.7500383,1.7116672,0.028946329,-2.2995632,-1.1520425,1.0304087,0.19356363,-0.20209587,0.34459484,1.2200191,-0.8784849,-1.3940712,0.3559069,0.28411663,-0.339308,0.028607547,1.091539,-0.97030634,3.0267425,-0.9289092,-1.2054583,0.5886203,-0.27392536,-1.5313991,-1.4253802,2.7047253,-1.1216592,1.0481166,-1.1965135,0.38847867,0.4264082,-0.9412167,-2.3458538,-1.7350074,0.20544492,0.6907407,1.0585952,-1.1466285,-4.065338,-3.044897,1.1730001,0.60490745,1.861184,-0.6352117,-2.471497,0.8958089,-0.5442343,-0.23006663,-1.2813532,0.09435735,1.3576097,-0.37025943,-0.1644225,0.4884479,1.0175864,-0.17988554,-0.9656349,-1.2674924,-0.6996978,1.3311105,-1.404441,1.2803097,-2.0034885,1.1767594,2.234491,1.6342312,-0.8136323,1.6773306,1.2608026,1.5418559,2.91721,0.3795427,-0.6288451,-2.4397423,0.15837452,1.769782,-1.1384189,-0.72771233,1.6719038,0.6636724,-0.6186023,-2.942796,0.6964538,1.7854244,0.8018312,0.34887186,1.2493551,-0.23047194,-0.5206593,0.09940023,-0.51671845,2.2338927,-2.285106,2.79506,-1.475133,-0.4115315,-2.027969,1.474381,2.0248408,0.98272634,-0.90061146,-0.06355871,0.8567624,1.7709662,-2.1758044,1.969886,0.62761384,-3.110832,-0.51954126,0.41585624,-0.46454406,1.6639663,-1.5800958,0.5353756,3.2384865,-0.95970803,-1.3335118,-0.3251495,-1.9742131,2.0023158,-0.4153339,1.3230822,1.098735,-0.43514556,-1.0909871,1.0427095,0.16633101,-0.46409702,1.1499295
P07359	-1.3878915,0.8135966,0.1912421,-0.09210302,0.8771209,1.111451,1.6982388,1.1952474,-0.2289295,-0.91287756,-0.24201846,0.7782001,0.33779275,0.14706483,-0.7167959,2.3048956,-0.8278357,-0.37298724,1.635663,0.1582086,1.4541028,0.7769486,-0.91631114,0.29007795,-1.049811,-1.0814807,-0.49511853,1.1016138,-2.998484,-0.13172713,0.12872441,0.39475083,1.5215427,1.3099852,0.3263412,-0.43408677,0.054248787,-2.1001852,-1.6813251,1.6887976,0.9049128,1.3930469,-3.2209904,-0.951095,1.1727262,-1.3257236,0.103458285,0.16397344,-3.122524,1.7910154,-1.3592688,0.43687826,-2.749219,1.2865807,-0.69100845,0.6479695,0.6196931,-0.9472156,1.831984,0.43177378,0.05606667,-1.5360968,-1.1947609,0.23792595,-0.78666663,-1.9590622,1.1427037,0.69008636,0.6984288,-0.5198476,-0.41183752,-2.3335617,-0.10159229,-0.028135838,-1.378238,-0.7100029,-0.04076737,0.18627311,-1.4305776,0.41143286,0.59531224,-1.0454631,-2.4268563,0.89924985,0.23170377,1.383881,0.3473519,-0.585625,0.22628763,3.429729,0.650943,-1.1643429,-0.17329144,0.63198894,-0.109242685,0.888196,0.6145086,1.5681291,0.17210342,-1.6725707,1.6689609,0.7407209,-0.637392,-1.0758992,-0.6339721,0.4365515,0.5717481,-1.1093563,-1.0633312,0.987247,-2.1152976,1.3564553,-2.126978,1.0312163,-1.8675716,-1.0697587,0.12619305,-1.5131776,0.27667043,0.82706887,-1.0881975,1.2312726,-1.5139866,-1.1687717,0.04091712,-0.14879295,-0.6486119,0.24733071,-1.0923163,0.39433587,-0.81148726,-1.1574099,1.7562201,-0.6107406,2.4809482,1.8783444,1.6224312,-0.34441674,-1.5443035,0.17441566,-0.82296735,1.3989233,0.015231795,-0.087051995,-0.31066516,-1.3601409,1.2875769,-0.23452258,-2.669275,-0.6671825,-0.79547715,-1.0609345,-1.7217499,-1.7866762,0.7256574,1.263472,-0.40725273,1.8388547,-0.75026155,-0.81265116,-0.93312764,-0.5879023,3.1229463,-1.7509476,1.1019542,-2.183926,-0.23059641,-0.35055125,1.3095064,1.7547535,0.67519534,-2.019747,0.39235497,2.0584617,2.5005012,1.6830196,0.17617537,-0.63189507,-0.7423823,-0.09878565,-1.2501444,0.24308042,1.7013257,-1.8019576,0.5282365,1.79528,-0.35123295,-2.5444496,0.5900879,-0.72864616,1.4086719,-0.8973165,0.4656856,1.3440853,0.15558183,-2.310387,0.55029875,0.776899,-2.4929657,0.88225305
O96000	-1.767541,0.8864261,-0.107031606,-2.4487653,-0.436511,0.7908768,1.1670786,0.69670165,-0.9699241,0.8627018,0.37387988,-0.92671025,-1.5335677,0.43011662,-2.2443273,1.5211617,-0.87169224,-2.4760354,0.28531596,-0.17675067,0.9689442,0.8219358,1.555574,1.1751164,0.36726668,0.2998919,0.4246887,-1.7130345,-2.8405726,-0.93535167,-0.67134017,-1.450025,-1.0904204,-0.3879727,-0.54357404,1.8185223,1.1041603,-3.742487,-1.524404,0.066886015,0.8272623,1.8054695,-0.82410604,-3.008451,0.54638195,-0.7938203,-0.5926832,-1.0503972,-1.7167352,0.039162975,-1.1178699,-0.6775307,-1.1471784,1.5128992,-0.6387942,2.2118847,0.32675615,-1.303345,-0.50229794,1.2659009,-0.564959,-2.018995,-0.49831933,0.26435855,0.3714857,-0.3685835,1.4951872,2.058452,-0.95689267,1.089209,2.5015285,-0.73306346,3.510049,0.06880356,-0.8778827,-0.43841955,1.1382428,-0.81029433,0.09692687,-1.049847,0.49113333,-1.0948223,-0.8847468,-0.33512923,-1.4224856,0.16616082,0.0914875,-0.007973883,-0.67930686,2.6989546e-05,0.05124846,-1.8455989,0.8379898,0.75376266,-0.8822553,-0.035617758,3.4213223,3.0822513,0.65848637,-1.8410206,-1.992825,-0.10624059,-0.061342064,-0.56680584,-0.55460733,1.4039168,0.011929767,-1.5701236,-1.3579026,-0.6854615,1.3806291,0.8641655,-0.69339824,1.7855266,0.30253282,-0.4749183,0.424331,-2.584603,-1.7372817,0.5642452,-0.8671243,0.09890408,-1.7109022,-1.6477432,0.9291031,-0.432899,1.3118412,0.3870139,-0.2923901,1.7803636,0.50665724,-2.1971922,1.5541,-1.4819429,1.0264536,0.16544826,1.905285,0.16801988,1.1941617,1.3302633,-1.810499,0.09474286,0.76854247,-1.364336,-0.08099918,1.33923,1.4119353,-2.510706,-0.45360452,-0.23901345,0.2102513,-0.36410022,-0.88923883,-2.7179348,0.13746448,1.8088456,-0.13165191,2.1908207,0.512902,1.4866079,-1.2733463,-2.7535613,0.59691256,-2.0192857,0.2860776,-1.3974494,0.68393743,-0.3628116,2.5742354,1.0144172,2.2720695,-2.7839737,0.23066099,-1.7522779,-0.10139007,0.020187026,-1.0538889,1.3868771,-1.9049686,-1.0766889,-0.47659332,-1.0839262,0.8253247,-0.0024558324,-0.34133106,0.817876,-0.26815122,0.3098801,-0.95744723,0.2591724,0.82906145,-1.3675976,0.99169844,0.3168296,2.1473505,-2.0738225,0.76033217,1.305822,-1.0059923,-1.5631251
Q9Y625	-1.2509087,0.74316424,1.85457,-0.29342243,1.4516034,1.884926,-0.32429123,1.0612245,1.1675957,-0.9074891,-0.89342624,0.5642314,-0.5294157,-0.41427255,-1.1697744,2.214282,-0.3654219,-0.75570124,1.8789377,0.43669236,1.9801713,-1.093386,-0.81331486,-0.028142417,-0.7193642,0.3813041,0.5574337,-1.1307988,-2.2732465,0.20089406,0.29619855,-0.2708918,-1.093964,1.1718951,0.8365661,-0.043597687,0.08214985,-2.7547839,-1.2458441,-0.43982273,0.95674044,1.2745917,-1.5257983,0.5760931,1.9583989,-1.7815269,0.9005756,0.8582581,-1.679266,0.38664174,-0.13369139,1.481278,-2.3267734,0.4969144,-0.4956773,-0.10610579,-0.20949557,-0.86191607,0.99707276,0.5166385,0.81693906,0.6089038,-2.3088577,0.72942007,-0.6430333,-1.1331892,0.73396224,-0.7093236,0.3179199,0.7151405,0.23108374,-1.5508707,0.21777447,0.7065721,-1.3160504,-0.26873013,-0.5459527,-0.22760609,-0.6474432,1.2909998,0.31821004,-0.8250684,-3.24077,1.0754961,0.28588805,-0.3042651,-0.56231743,-1.2015995,-0.05939938,1.7246745,-0.36983085,-0.2644148,0.61853445,1.8535314,-0.22413509,0.5147077,1.7468503,1.1804537,1.519352,-1.7178644,0.5129272,-0.47840953,-1.2888112,-0.5621743,-0.32275394,-0.12412303,-0.77908486,-0.77093834,0.078062244,-0.36507794,-0.82035136,1.4273146,-0.76817465,-0.06962072,-1.8389881,-1.2869928,-0.32760948,-0.5757412,-0.71017957,0.06764115,0.5280817,1.1917267,-1.7881049,-1.1820579,-0.7169703,0.6667994,-1.761294,-0.75244087,-1.0912424,0.47263744,0.59855247,-0.943577,2.2888837,-0.33653057,0.9731064,0.5447029,2.2280214,-0.6047047,-1.3083017,0.71132827,1.7381424,0.77170604,-0.769013,-1.7573177,-0.5766625,-0.17201225,1.1931735,-0.16265273,-0.133007,-1.5690311,0.7720241,-0.79115534,-2.2193887,-0.34063137,0.30900377,0.37590754,0.5262016,2.3002782,0.15836012,-0.31400612,0.2775568,0.28591123,2.2539048,-2.8349953,1.804768,-0.3009477,-1.6193222,-0.93972516,1.5289094,1.1319739,1.006107,-1.410035,1.2224506,-0.14074495,0.34807923,0.647242,1.6084218,-0.5217201,-1.9010596,0.060961343,-0.5372601,1.2387977,2.1241605,-1.2613997,0.027358258,1.5967444,-1.0797393,-2.3863323,1.3646841,-0.38702855,1.4531771,-0.23671845,0.30887368,1.3179777,-0.9283506,-1.6383721,0.40826827,0.4704891,-1.3624794,1.060929
Q92831	0.39380634,0.087187275,-0.8948789,0.06602968,-0.30837536,-0.4719153,-0.0012677724,-0.011484938,0.10562282,-0.36527354,-0.007732071,-0.4932827,0.020214409,-0.26819715,-0.7374263,2.0641994,-0.08901918,-1.196768,-0.12683193,0.0080489,-1.4055073,0.911364,-0.10007811,-0.5780676,0.0069191465,0.030941129,-0.52527404,-0.2869766,-2.946661,0.7357843,-0.5952184,-1.5355467,-1.6604176,0.22688565,0.38435316,0.807149,1.0223931,-1.5034345,-1.9954089,-1.0360426,0.8637061,1.1029679,-2.7892907,-0.85413677,0.1266834,0.6830953,0.8023612,0.6401496,-1.4016284,1.7439102,0.22846164,-0.14234613,-1.0667295,1.1269189,1.2864159,0.1911826,-0.44061568,-1.2663112,0.32431224,-0.81895924,-0.7615192,0.8436608,-0.01815162,1.3260221,-0.78818846,-0.24773984,1.1825906,1.0331193,0.3535791,1.22451,-1.5177419,-1.6254153,0.70359945,-0.06881461,-1.1789936,-1.2327765,-0.43532738,-0.14216971,0.29866827,0.71291333,0.31002617,0.10039786,-2.1256397,0.46384943,-0.880726,-2.3550515,-0.35610276,-3.1547506,-1.2647184,1.9712662,1.1463946,-1.2525605,1.5465593,1.1265271,-0.3782663,1.4250494,0.118425116,1.299719,1.679258,-1.4683338,-0.081071265,0.87970734,-0.34926304,-0.55504656,0.0048201657,0.5865506,0.063202165,0.047924295,0.044784907,-0.6659358,-0.46823856,1.3663198,-1.5493195,1.9940889,1.407517,-0.8954078,0.27597696,0.2143005,-1.7574989,-1.234169,-0.93516946,1.1731056,-2.1406674,0.2674513,-0.64598674,-0.16512008,1.4188492,0.825998,-0.23663677,-0.25061208,0.27155617,-2.2642746,1.1065606,0.1501607,2.4838643,-0.19367315,1.8241419,-0.08218346,-1.9262484,-0.22787672,-0.06924729,1.1915698,0.7184353,0.1713386,1.1635936,0.45204434,0.22592674,-0.4596133,-0.7702874,-1.7526892,-0.95650405,1.1920009,-0.9269138,0.6646711,-0.32114714,0.24917048,0.9078178,1.822902,1.1344496,0.7094204,-0.08489663,0.15863104,0.08282369,-1.0868613,0.5844854,0.19862619,-0.9069049,-1.240612,2.923385,0.66405123,0.09640709,-1.3658808,-0.26243824,0.81608874,0.20604424,1.820317,-0.57507384,-0.007797515,-0.14981025,0.12644121,1.4000427,0.9988087,1.3211169,-1.2565145,0.5584323,0.6890117,-1.1192919,-0.2805438,1.4482828,-0.585145,-0.6137827,-0.4374129,-0.1278334,0.14836295,0.45628217,-0.12679805,1.5355511,-0.28946254,-0.9029171,0.28577498
O75347	-0.79114527,-0.38736412,0.6455844,-1.6912653,-0.7247919,0.064854145,-0.10828666,0.10934003,2.6735897,-0.6522285,-0.61994076,0.8384509,0.41299665,-2.082102,-1.5615729,-0.095506206,-0.43610936,-1.6296568,1.2301443,1.5824745,1.0550287,0.504604,1.2860506,1.3276119,1.59641,-0.3952401,-0.2887184,0.29638815,-1.8962048,-2.3664982,-0.2415537,-0.808412,-0.66185015,0.7388138,-0.13407196,-0.39196637,-0.553884,-2.0317676,-1.5287678,0.06235131,0.474667,4.643887,-1.4856485,-0.12660587,-0.44811362,0.30853733,1.3940264,-0.21150875,0.59602505,-0.0810452,-0.89974797,-0.18779546,0.074294895,1.303374,-0.024605904,1.5087703,-0.61998755,-1.5476605,0.59017265,-0.20485578,-1.3608139,0.57768077,-0.9702542,1.570077,-1.1311766,-0.9242593,-0.77966565,-1.8096359,0.29593456,-0.25501698,-0.41726515,-1.2317616,1.7534932,1.2478976,-1.6743822,-2.6999643,1.5931308,1.3112004,0.82760435,0.21243218,2.3424356,0.025448889,-2.5916438,1.1611999,0.53950775,-0.9902808,0.55134404,-0.7587957,0.6117313,2.6502142,0.017615177,-2.26278,0.20622855,-0.6488563,-1.3117648,-0.31296378,1.2600657,-0.17990614,0.87667835,-1.629939,0.93232155,0.022034157,0.13586275,0.51360935,-0.9970868,-0.22036129,-0.21821642,0.26496083,-1.1927364,-1.6060038,-0.60912734,1.8187131,1.1601632,3.1091993,0.15192035,-1.5436757,1.2871832,-1.0391302,0.9776533,-1.4846692,-0.5656432,1.8105295,-0.7393817,-0.34902346,0.0025372745,-0.60454226,-1.2591381,-1.0112146,0.7350113,-1.0628232,-0.6884338,-1.4797933,0.6576139,-2.8247836,1.8567929,2.9076285,0.62969834,-0.3526324,0.7088202,0.9376751,-0.45335424,1.918812,-0.12373053,0.49823698,-0.45732865,-1.2168642,-0.7385115,-0.15109007,1.3937659,-0.005144058,0.64504296,0.014835651,-1.7725681,0.8363897,1.5631167,1.3242391,-0.28178552,2.4804142,0.6668665,-0.561996,-0.43832085,0.9788117,1.1462033,-2.8440888,1.0346711,-2.0435643,-0.06327385,-1.7469562,3.7006493,1.8756003,0.23509805,-1.7983631,0.10565844,0.61848474,-1.1900561,-1.9767084,0.43172953,0.4608763,-1.1308727,-0.5248748,0.56635714,-0.25096288,-0.161356,-1.5294001,-0.38260347,1.5990158,-1.9892391,0.9784602,0.9935989,-1.0930171,1.952351,0.22240329,0.040481202,1.3519353,-1.6291322,-0.7782457,1.2100208,1.2700759,0.20061849,-0.17080943
Q13191	-0.6771527,-0.9968503,0.25167522,-2.2767463,0.8918255,1.166358,1.0743315,0.6355093,0.7223163,-1.0174009,0.20698811,-0.4716356,-0.5449036,0.004882651,-1.1479918,1.9726063,-0.94449073,-1.6844604,1.112004,1.5766516,0.018432667,0.26356018,1.2978837,0.07780392,-1.1256385,-0.5871092,0.093274675,-0.32332808,-2.8409321,1.170604,0.7944287,-0.29212964,0.4351289,-0.7163838,0.6311107,1.3879794,0.13514452,-3.5862482,-2.2337444,-1.1525527,0.21035138,1.4399673,-3.0753407,-1.6283466,-0.5650308,0.25272828,0.02826957,-0.19384077,-2.3564918,1.4129205,-0.87439305,0.13809198,-1.2055211,1.6845614,-0.0037944845,0.24408774,0.5926064,1.0598595,0.07004279,-0.45842364,-0.63771373,-0.19789895,-0.07867515,1.5745578,-1.4641528,-1.6027752,1.0019984,1.1034043,0.87533635,0.8488069,-0.0053483355,-1.3947752,2.7812243,0.45447615,-1.0510883,-0.63936734,-0.7220147,-0.460058,-0.20770639,0.50179267,0.6042021,-0.16415104,-2.3553133,-0.60487354,0.43554083,0.8654091,-0.074041076,-0.94701594,-0.30343023,1.9064746,0.070273176,-2.8897243,2.257837,0.1375825,-0.9474388,0.18559241,0.7839145,0.15874164,0.11176613,-1.6362853,-0.205599,-0.5293982,-1.4952606,-1.4232008,0.6099852,0.21226129,0.6839375,-0.42443374,-0.5887561,-1.7373914,-1.1701683,0.63389575,-0.70887816,1.6637493,0.28464103,-0.2911574,1.5671725,-1.2751296,-0.50412863,-0.5181169,-0.8606665,0.29709297,-2.6516511,-0.9782132,0.38749635,0.6854964,1.1372101,1.5438524,-1.3267752,-0.32033694,-1.6622628,-1.2748102,1.8328415,0.027830403,2.0313165,-0.18288524,2.1237733,0.27056032,-2.133308,1.1270055,0.07883347,1.2391422,1.9131675,-0.4329293,-0.4106054,2.0522273,1.7892467,0.39833808,0.37085637,0.11119284,0.6425817,0.5689273,-0.45087564,-0.8390812,0.26263228,1.2381256,-0.7988367,1.9585725,1.1428937,0.89805764,0.15175474,-0.55337864,0.8162928,-2.0530446,0.6625682,-1.7893145,0.07336556,-1.4490108,1.9182702,3.1345384,-0.044313345,-2.2074213,0.0689299,0.6238178,1.6501994,0.29370365,-1.2070092,-0.64949536,-1.1230478,-0.6982337,0.1818329,0.7532967,2.0227869,0.0054158606,-0.32951248,0.6012168,0.19782142,0.6672015,-0.9028653,-2.1893222,1.7889625,0.17750393,1.306799,0.6968342,0.746494,-1.1263683,1.0446064,-0.57451797,0.20909701,0.96847427
